0.8685154975530179
0.909284447072738
0.8337783519954063
0.8991949734930297
0.9042420814479638
0.8281621837816219
0.9470407378939277
0.9270483147056235
0.9277971302977523
0.9453481135744847
0.896120984278879
0.9099087411648922
0.8288593585911624
0.9085061298622673
0.9250910959544053
0.9038456213222569
0.8877252800779347
0.8926551023597437
0.9059479990602239
0.8831516204397053
0.9113114231014677
0.930576070901034
0.9038080611797155
0.8974472611239142
0.925541477613218
0.9236743699050183
0.9098312851489273
0.9233751879034398
0.912723373838456
0.8566458475651411
0.9087758703673994
0.9539178574808366
0.9110454738631534
0.9502249282556426
0.8923365709168561
0.8871980332074396
0.9461730969760167
0.8824672879600866
0.8983980967486123
0.9563653047425867
0.9361006289308176
0.9529072182074924
0.9516986426025631
0.9449021091459378
0.9186194938390024
0.9704955181790714
0.8879876796714579
0.9002353367125272
0.9703497737209481
0.8925590043257191
0.9183552675087626
0.9556886001359824
0.9161274804570054
0.8899184581171238
0.8739718871687719
0.9135606661379857
0.9535681328821901
0.9002360926663715
0.9716326530612245
0.9019137091162144
0.9192819900747534
0.9734324375833809
0.9216924572632261
0.9433054675385963
0.9476470588235294
0.9013924289625225
0.9434000151549594
0.904
0.8902457156272009
0.9313380281690141
0.862376675011044
0.9479028800447385
0.9706135759723005
0.8907084599392292
0.8821119920005714
0.919546708711076
0.8958155315405881
0.8662773781621272
0.9174126751725581
0.8861885076477883
0.88382726874178
0.8990670656574546
0.9481133184436347
0.9687872467222884
0.9414623837700761
0.9099145638784025
0.9153753833844512
0.9119185755726718
0.9363611750372276
0.9493725287949115
0.8894287780187997
0.9473140004753982
0.9490548032354812
0.928944264228841
0.9149766669303172
0.9319681456200227
0.8982620125602454
0.8512695476710946
0.9492700729927007
0.8848455056179775
