343.49999979999996
398.55989459999995
346.737903
346.935715
311.5000004
339.91485470000003
341.99999959999997
367.32981800000005
349.65208190000004
381.5
346.774349
357.3062337
339.545454
366.1336938
356.0800842
372.65424800000005
364.2710695
384.8464566
355.5
413.436954
356.75
364.9523909
373.503804
349.0333326
337.95960500001604
332.198032
363.2913569
365.7369273
335.7463203
325.79349160000004
371.118081
367.558733999995
385.89748629999997
354.2477477
376.07767320000005
377.96181580000007
336.052785
304.16666639999994
344.53781
380.83902390000003
389.9438028
380.25000000000006
372.58726029999997
311.0
369.19099700000004
292.75
339.813875800003
339.386588000011
393.659227
366.5135764
363.20351800000003
387.0
425.4117650000001
376.5
349.328351
383.3634197
352.0951696
375.29420830000004
362.0431426
373.72651399999995
404.900652
344.3969034
352.0349973
404.430634
393.6856205000001
347.7240185
379.31322769999997
360.5351579000001
351.525158
363.169360100001
358.62409420000006
348.99471509999995
344.5358812
344.48489360000303
380.2416364
358.4092268
398.6281082
368.0340917
366.833334
357.4781385
336.71588342999996
301.5000001700001
387.83987950000005
404.35690600000004
365.867777
363.8744721
350.0776897
363.8806627
381.612638
356.515625
337.712952
358.6970248
334.83333507000003
375.818182
375.4191541
362.131867
365.1881324
369.393092
413.82072630000005
364.19230799999997
