355.5
417.4999985999999
375.444445
389.922451
328.5
361.10975600000006
351.5
387.1478187
378.5257681
418.616847
376.01604879999996
396.66263019999997
364.63906000000003
391.65493
388.46940674
414.6181813
398.34536162
425.5248747
355.5
466.3389822
363.5
410.044378
421.1188111
365.5660374
365.02819050000005
379.18749970000005
381.91949999999997
395.738971
354.41570740000003
348.3188334
390.0633804
410.776659
410.88148800000005
391.0605125
399.47120400000006
406.794488
356.0
332.3333334
368.5193024
413.60952640000005
432.4342104
404.279412
392.38172910000003
314.0
410.296538
323.25
354.05492429999896
364.19354820000007
419.9182845
404.5418795
408.25
403.666667
452.759771
389.0
375.3538012
414.1510203
393.5888873
393.5
396.00000050000006
418.945813
470.69282
374.442073
371.75
439.382005
430.89456490000003
371.22029729999997
405.0558147
393.0
384.75961600000005
384.49708680000197
406.0214283
381.92361029999995
399.62187500000005
387.4
429.6494556
398.74964250000005
436.8277935
402.360043
395.1329523
384.38608619999997
356.53232423
342.99999887
438.7804425
435.11320700000005
397.574571
420.94598099999996
376.156566
389.25146049999995
401.81538400000005
412.052632
368.768
392.65416500000003
377.40784407
398.787037
422.0695381
402.71771950000004
403.171874
380.8125
449.38536799999997
396.75
