0.9681580666231221
0.9696938353330575
0.8927724843132698
0.947040971168437
0.934273363524084
0.878371883448483
0.9184156828450664
0.9581299716866658
0.957051679266328
0.95625
0.976491862567812
0.9277777777777778
0.9674298153430416
0.9288749187079991
0.9785952923310555
0.981663162812427
0.9418517749636703
0.8994427050720101
0.9358396646581084
0.9624639076034649
0.9236411219970474
0.926626323751891
0.9473383169101823
0.9653796570839241
0.9645894001164822
0.9643850611719254
0.9575757575757575
0.9155564202334631
0.9643085880640466
0.9228746779815123
0.9673142857142857
0.9408388691487718
0.9554250789726686
0.9412745545911375
0.9711094925952901
0.9480073104586724
0.9804200999594759
0.9439288942452546
0.9570232748060433
0.9584045584045584
0.9600071275837491
0.9263144141319117
0.932741116751269
0.9779874624526577
0.958066494072762
0.9701693610469592
0.9582469135802469
0.9432474576271186
0.9638769670958512
0.9382380127094165
0.9371142618849041
0.9391700294470499
0.9563281667557456
0.9223382045929018
0.9486627043090639
0.9830092118730809
0.9296648044692738
0.9332711152589828
0.9491726487407227
0.967296962182269
0.9656179168915272
0.9596826468602295
0.9290773473736994
0.9676490904904443
0.9709158278951443
0.9127937167337401
0.9794172062904718
0.9566806785767903
0.934355647301681
0.9718481162859686
0.8976190476190476
0.9660919540229885
0.9383196210421342
0.9506286836935167
0.951817955422737
0.9120250335270451
0.9683884738527214
0.9413501841737584
0.952235641783374
0.9488571428571428
0.9043465989274626
0.9294320137693631
0.9603062200956938
0.9787129924149743
0.9313510723706847
0.8736744393286796
0.8890844332704798
0.9512784490025288
0.9636363636363636
0.9719886721208307
0.9491882404563405
0.9799131693198263
0.9778629240571723
0.9156850339353503
0.9428950289872949
0.982753587934809
0.9518601280347868
0.9485013623978201
0.9028073044426275
0.9433301572177227
