0.8723158952598962
0.8823255297903029
0.7865718431006788
0.8865012553537144
0.8613242128690188
0.7242326704218875
0.9095123650296064
0.9297932502280328
0.9007831821929101
0.9200212879191059
0.8975780025644678
0.8346590525106441
0.8816462697918828
0.8909129967776585
0.9236689605215501
0.8931526709044273
0.8589562800101087
0.8230971128608924
0.8440172897463789
0.8523211359912616
0.8552404261445437
0.8246276756104914
0.8760452875161386
0.8626951594430045
0.8521516137102827
0.9138972809667674
0.7670547185808387
0.9031776136288014
0.9059193771374517
0.7999488032765903
0.8611666562519528
0.8906325282599296
0.9005735200876132
0.9022180714452487
0.8756178264915727
0.9057351724137931
0.8719402292757272
0.838520160731606
0.8562267364835027
0.9410921766072812
0.8664827436979335
0.8506616303757468
0.8671388030203213
0.8870573908699182
0.8295150002712527
0.9378829299670338
0.8650891089108911
0.8821611959701008
0.8666131943051935
0.8133537893528913
0.9023949775228647
0.917092034029389
0.9225746021950897
0.846198890486953
0.8355139857676319
0.83421926910299
0.9023386230760052
0.8412710084033613
0.9292748350496393
0.9528396836808052
0.8875577406814544
0.8892458842272969
0.9035640761708698
0.9282986378822925
0.9244235342777376
0.8115898463593855
0.9335036147457728
0.8696594427244582
0.7913537810682179
0.8968080952690831
0.855955710955711
0.8782578694880725
0.9399774633779893
0.8813928182807399
0.8105771991959414
0.8412221368178324
0.9211688440713328
0.8193361604958408
0.9152701016223925
0.8849242222813082
0.8356401821862348
0.8919168982579814
0.939188404394328
0.9175376884422111
0.8882331961591221
0.7770300011583459
0.8916610999777332
0.845365589341493
0.9473311635475997
0.9310848225522276
0.8665564000218711
0.8978004895151155
0.8985320862561704
0.8630262423227247
0.8861254552372669
0.9376750094599708
0.8648613376835237
0.8009805010832731
0.8422579652147145
0.8949261190786615
