279.0
337.594741
299.1054155
293.52367000000004
280.6470253
295.7037551
295.5938842
316.10067699999996
310.4478393
328.4999995
300.7545271
307.0383122
303.64625880000006
314.16578499999997
308.0208983
327.9621825
318.7991345
330.1493858
312.75
345.2987699
318.0000003
311.29018460000003
320.304891
300.49999929999996
280.75
283.766666
322.51528340000004
306.0646597
294.9112202
292.530360000004
323.36132799999996
312.7583041
328.27939260000005
309.64963739999996
304.53125
320.5
296.91774399999997
278.0
304.021204
325.6509186
315.939917
330.7355842
325.493556
268.5833327
323.4992241
273.9999996
288.790996
297.277791100018
326.98140850000004
310.23953120000004
306.8333334
325.5
351.9381758
321.7500000005219
297.97596410000006
339.44237369999996
300.9701755
317.9898592
311.52709389999995
324.898846
342.74212789999996
297.8321598
308.403611
344.992043
331.72082889999996
312.6342117
329.3265238
303.12765400000006
306.8533458
310.74897599999997
298.00000040000003
296.92192939999995
296.255468
302.57677399999994
318.4878366
313.15151540000005
338.0755797
318.9113268
308.96071129999996
308.70275849999996
274.75000052999997
255.75
327.36457
344.5283127
320.83333439999996
309.50811519999996
289.25
322.39020330000005
338.18934399999995
303.5
288.473077
313.850176
258.0
328.410078
317.59001
300.7593094
317.65109240000004
306.754772
346.0221448
309.93715239999995
