0.8814102564102564
0.8952403337642496
0.7869987063389392
0.8816329680506251
0.8724764102912226
0.7329288803459875
0.9078680203045685
0.9301925807048947
0.903989027695155
0.9205787087022241
0.8848862405200434
0.8495092207019631
0.889097257216903
0.9004789647638788
0.9143406224345101
0.9052697143519324
0.8578317017288065
0.8251923499670257
0.8363603086106888
0.8634670345915049
0.8661516688288713
0.8262799822796025
0.8870217494840451
0.8642857142857143
0.8602333931777378
0.9153341861208827
0.7613720726192886
0.9174630261660979
0.9067425831585256
0.8008672448298866
0.863087440381558
0.8728822381262199
0.9021634332745444
0.9102327837051406
0.8718780835434711
0.8856897619181628
0.8894372913686218
0.8449382806223066
0.8672400210084034
0.9443940767603506
0.8749812669318117
0.8518948318211439
0.8637381203801479
0.8906469138922232
0.8474613431802447
0.9449015731817807
0.8637440758293838
0.8950023621515827
0.866527371500209
0.8175422531526346
0.906427304964539
0.9077493556387687
0.9251085930122758
0.850495550700698
0.8608740068104427
0.8462459101084897
0.8895714639583849
0.8422502744237103
0.9414305858223305
0.9535787257754937
0.8969319110086013
0.8960176991150443
0.9151029450091217
0.9295556505020295
0.9284210526315789
0.8128512032254
0.9285945676551208
0.8727498839291636
0.7974176669744537
0.9085144429160935
0.8412607864713036
0.8739120005482832
0.9391213389121339
0.8676319900031241
0.8146577153900926
0.8223451798254948
0.9050932492776464
0.840676928458982
0.9142230881636629
0.8810975609756098
0.8362391361601265
0.8981505147319844
0.9429977116704805
0.9241441645011863
0.8914688810987874
0.792938871960699
0.8906489223884113
0.8366572310859496
0.9510576976887347
0.9329003766722951
0.8723783722767807
0.8940029433406916
0.8994867378573889
0.8710596797671033
0.8907258064516129
0.9482961086806355
0.8751880569378544
0.7926079397276152
0.8256714737575725
0.8895302013422819
