0.8738322272458547
0.9021200370465317
0.7953294283406381
0.8987773150823508
0.8713274698186155
0.7371929417386548
0.9050341656956173
0.9347691934605544
0.9053919101958582
0.9234081619412184
0.8825778006453534
0.8591141522353771
0.8866223357221926
0.895496927205882
0.9164299500095338
0.899678160516675
0.85635072806872
0.8302588607571187
0.8339164559111714
0.8693025564868434
0.8640316767330781
0.8187508920325077
0.8881602061272945
0.868203947987223
0.8719467900274908
0.9109303950244898
0.769943738634459
0.9093575369589609
0.9066981297010168
0.8042162616611748
0.8671652766074438
0.8864390578842842
0.904534991969258
0.9110312257703993
0.8860878718077855
0.8986885259388577
0.8883379768675518
0.8567611279828938
0.8653388879247997
0.9555508202687935
0.8864563847335225
0.8495531733298224
0.8676842563306559
0.8874899498838236
0.8446074513746973
0.9476155267101837
0.8592119473524595
0.8876245851079955
0.8661706232005574
0.824675439506202
0.903913155418275
0.9111437156674023
0.931861721736619
0.852423034160181
0.8554843483695158
0.8522892823904367
0.8944020659967062
0.8396468784827557
0.9403648401716167
0.951398443219166
0.8942353237179888
0.8948549279425843
0.9137327698114298
0.9401428566222905
0.9312048938020567
0.8150155716706872
0.9312869461826576
0.8798359880535734
0.8052610985185973
0.9036817220857337
0.8379575819725271
0.8714916711939674
0.9351497479244438
0.8623019989601147
0.8137575501251477
0.8232607944351915
0.918240483571314
0.8490800702967333
0.9155774666975095
0.881991427639635
0.833216359059041
0.8988163496007703
0.9417098438230159
0.9296243146342734
0.8940494359018857
0.8031257548010988
0.8902598529048529
0.847029187290063
0.9513229086533289
0.9349947216911757
0.8677055961888511
0.9001485359741168
0.9055154247799506
0.8737142103846479
0.8939588257672464
0.9481654117906065
0.8667450443561585
0.8079247705487613
0.8393743547901968
0.8879669177662098
