329.9999996
377.8486996
332.9108389
327.47701200000006
304.49999990000003
325.4550273
330.99999999999994
354.651334
337.9036876
363.5
331.7886457
340.6437439
331.3006764
346.562223
340.4054723
359.598887
350.5
366.96407970000007
346.00396799999396
389.53612100000004
354.0
347.2723479
353.395454
340.2576966
323.9450303
318.2092594
353.81050680000004
349.32903000000005
325.5845838999999
314.316770500002
358.905492
346.867586
367.00594159999997
336.537188
353.753738
359.2200049
324.02376599999997
291.08333339999996
332.87175040000005
360.395392
363.978217
364.79166630000003
358.17616580000004
298.5
357.20669829999997
285.75
324.367150800004
321.70272799999896
371.3177994
346.0541369
349.16666560000004
368.607239
398.2920166
354.999999999999
333.10586520000004
370.5558226
334.06094169999994
357.4928299
344.0872492
358.29761900000005
381.83499420000004
326.8365869
338.12500040000003
385.32626400000004
369.46634600000004
338.776563
365.85402089999997
340.5258098
337.6706977
346.662819
340.394231
334.88426
329.3414896
328.78542730000197
357.271286
344.86688330000004
378.9959272
351.16093159999997
347.2100899
342.2190672
321.73048363
290.3333328700001
367.0334538
384.47408499999995
354.42281749999995
346.968355
333.4411794
351.5071628
367.541059
341.984623
320.97972999999996
346.8059299
317.33333507000003
360.17796599999997
356.31863949999996
341.18666989999997
349.8714295
349.25
390.223372
348.66254130000004
