0.9325543180573307
0.9468438692859138
0.8699531275254566
0.925787213740458
0.9159002687369364
0.8405760368663594
0.9187513272456997
0.9474048442906574
0.9463544536271808
0.9585995085995086
0.9449906269527182
0.9358715596330275
0.9181272766230983
0.9248869536091107
0.9582228116710876
0.9551193358699412
0.9531153633272713
0.8914421553090333
0.9220839813374806
0.9595053115585856
0.911533698920927
0.9296722415534853
0.919218989280245
0.8976638149854282
0.9584986137769247
0.9378292064047599
0.9228600748521067
0.9360862583161276
0.9277957860615883
0.8908734000215123
0.9487861515727254
0.9519288519288519
0.9114623069936422
0.9581539004588775
0.9328813414321157
0.9362432961607219
0.9508970525416489
0.9112327567330851
0.9243947244465379
0.9642261353104726
0.961410231845181
0.9450121108818517
0.937715269804822
0.9485942950954238
0.9162852784134249
0.9726341572032955
0.9346482078513181
0.8916242680234232
0.9709036568213784
0.8972162027004501
0.937024
0.9484026902059689
0.9580689298128836
0.9054370398338683
0.9026826417299825
0.9262863534675615
0.9388149251116755
0.930501779668374
0.9781715879580648
0.9289698836413416
0.936995617349252
0.9582621082621082
0.9306592987804878
0.9633604246143639
0.9535503875968993
0.8944465944272446
0.9628653421633554
0.9202387501375289
0.9309806247528667
0.9451975880262733
0.8736690403526619
0.9614512590115976
0.9777624852536374
0.9226729291204099
0.8895785288270378
0.9119620467638089
0.9530403580523189
0.9293304221251819
0.9597547584187408
0.8919608884169542
0.8925318761384335
0.9175502444323738
0.9690042674253201
0.9791901744640222
0.9436336336336336
0.8956262968221033
0.9038132911392405
0.9373007438894793
0.9578838174273859
0.9700849514563107
0.9255578093306288
0.9844046819533724
0.9867465000578503
0.9285399355604544
0.9376712328767123
0.9738037447988904
0.9233392539964476
0.9222082810539524
0.9034988521384236
0.9033469945355191
