355.5
417.4999985999999
375.444445
389.922451
331.99999940000004
361.10975600000006
351.5
387.7591014
378.64611169999995
418.616847
376.01604879999996
396.8783793
364.74025980000005
391.745191
388.46940674
417.4333333000001
398.590909
425.5248747
355.5
466.37735779999997
363.5
418.751938
428.70106159999995
366.782608
368.64596290000003
379.1875
381.91949999999997
396.5
354.44269779999996
348.3188334
390.0633804
412.76426000000004
411.095676
391.0605125
399.47120400000006
407.284523
356.0
332.3333334
368.6257135000001
413.6507964
432.50282599999997
404.279412
392.38172910000003
314.0
412.66262499999993
325.75
354.0549243
364.19354820000405
419.9182845
404.5418795
408.25
403.666667
452.759771
389.0
375.3538012
414.1510203
394.5
393.5
395.9999998
419.072115
470.69282
374.4420726
371.75
441.02029500000003
431.09416200000004
371.8920858
406.12820669999996
393.0
385.5000006
384.4970868
413.75
382.54662010000004
400.800689
391.5273973
431.639282
398.74964250000005
437.084
402.360043
395.1329523
384.38608619999997
356.65786023
342.99999887
440.127446
435.11320700000005
399.682653
425.314203
376.156566
392.35843350000005
401.81538400000005
416.684932
369.235871000001
396.321428
377.58057007
398.787037
422.0695381
403.0008124
403.171874
380.8125
449.38536799999997
397.44444569999996
