0.8606444505645827
0.8921587904264696
0.8259187141542165
0.8726056024899955
0.9113973113531547
0.8284373511195807
0.9349471909115115
0.9117032720753026
0.9142506142506143
0.9406983744732089
0.8627558194032182
0.9075418994413408
0.8492469635627531
0.8856005490734385
0.9223529411764706
0.9010739082473558
0.8820750347383047
0.8773997110025459
0.8830430212478414
0.879441655442635
0.9225693284330103
0.9397058823529412
0.9064109035840484
0.8978125
0.9093752674368849
0.9367905575087896
0.9104377104377105
0.9236437419906023
0.9106985389470044
0.8456067732831609
0.8938960839911104
0.9318012369736508
0.9033290447089096
0.9261692008359156
0.8767021706889578
0.8760863470703673
0.9211326664645852
0.8792883624197486
0.8865871452542496
0.9517159818198683
0.9336613603473227
0.9331512668790776
0.9379174298999577
0.9268251199302224
0.9309435501817372
0.9702812057454987
0.887440490599532
0.8989334779464931
0.9560320933625092
0.8603161281298084
0.9211523881728583
0.9471889001300766
0.9190077054290924
0.8961884416460535
0.8257887744935237
0.8874211000901713
0.9435958395245171
0.887071240105541
0.9664026611753525
0.9089618164561583
0.9023576276187666
0.9462816997943797
0.9046644586389087
0.939385622644005
0.9371953893378437
0.9070585389453314
0.9404064917336569
0.8810823529411764
0.8914367596484525
0.9325017325017325
0.885841855105862
0.9544711951848667
0.9659872223912382
0.9067558500377422
0.8550289017341041
0.9196161302830554
0.8888500094571591
0.8718232263178756
0.9309650349650349
0.8978214924402537
0.8779725810703928
0.8934393878372936
0.940216271884655
0.9712374581939799
0.9349661029576101
0.9255306486808172
0.9166313278558177
0.8998633493544435
0.941587258371903
0.9382555001226793
0.8745593660336112
0.9622575452716298
0.95136042996305
0.9195482189400521
0.8984105623045028
0.9002484745549475
0.8941831683168316
0.8659465959034746
0.9507490013315579
0.8739457162787748
