11.0
10.0
9.0
12.0
9.0
11.0
7.0
14.5
13.5
9.0
15.0
10.0
15.0
12.0
14.5
18.0
14.0
6.5
12.0
16.0
10.0
9.7142857
17.0
13.0
13.0
12.0
8.5
8.0
14.0
7.5
15.0
10.5
16.0
11.0
14.5
14.0
14.0
11.5
10.0
13.0
14.0
11.833333
17.0
18.0
12.0
13.0
14.0
9.0
15.0
14.0
11.0
12.0
13.0
11.5
13.6
15.0
9.0
11.666667
11.0
14.0
16.666667
12.5
12.0
15.0
15.0
9.0
16.0
13.0
12.0
14.0
11.0
13.0
13.0
13.0
13.5
11.0
13.0
9.0
11.0
12.5
12.0
9.0
14.0
13.0
10.0
11.5
11.0
12.0
13.0
14.0
13.0
14.0
13.0
12.5
10.0
18.0
13.0
13.0
9.0
10.5
