349.75
409.0213665999999
356.531615
355.998354
313.5
346.1549116
343.5
372.88400659999996
356.741049
388.0
356.55084089999997
367.528225
344.276302
375.37195099999997
365.64424
381.9253155
372.798649500001
397.66922999999997
355.5
428.31203
358.25
374.7401885
386.309028
351.81050170000003
344.0332713
344.088889200001
369.1552991
373.93942000000004
342.5385452
332.35665530000006
375.23427300000003
379.43019999999996
394.0850481
364.6048059
386.5877553
386.791196
343.146133
316.6666664
351.097018
393.95146040000003
402.78929289999996
387.46153780000003
378.6086959
314.0
376.391941
295.75
346.011213
345.459489300008
405.3111893000001
377.42999870000006
372.671052
397.798611
439.24
386.0
358.200111
392.2119525
362.4609822
382.9612052
372.21121899999997
383.83466899999996
420.336835
355.0
358.38937930000003
412.90670869999997
406.08618399999995
353.25
386.80158769999997
372.53025020000194
359.0211843
370.40796140000003
367.2058185
357.5655125
358.861161
355.006300799999
394.49249999999995
369.5
407.8737369
377.149616000011
375.83374399999997
364.81386200000003
342.68535703
309.49999987000007
400.388205
416.5900409999999
372.36475
373.39725919999995
359.04561092
369.3082447
388.300971
366.04804269999994
345.286274
365.3762671
349.16666706999996
384.86620100000005
387.7216693
375.0634912
375.32307690000005
375.11458300000004
426.597245
374.85748209999997
