0.8832202343269463
0.916196819765946
0.7968904819062761
0.8984979692178685
0.8727996812257366
0.737505227916979
0.8881454659121518
0.9364659546441099
0.9135474471963471
0.9153940613815922
0.9027734221936814
0.8704014159527699
0.8835941617852046
0.8941581725909418
0.9262022716136952
0.9000849511781474
0.8658168252514878
0.8043558043009886
0.8444698746960627
0.8687978162186547
0.8630439909205861
0.838359647663422
0.8932069368711064
0.8820379230718827
0.8845512999857702
0.9124171912915251
0.7718626315754065
0.9051666410909249
0.8973821773055922
0.8162057507943781
0.8823535633308826
0.9022043866480804
0.9100477107128643
0.9145879125768076
0.914915293105164
0.9096496040981319
0.901771594533408
0.8647227587252053
0.8647583567910634
0.9632370673292558
0.906267355882257
0.8382425162492843
0.8690803552843079
0.9065847573086456
0.8465457274149372
0.9415190369740454
0.865204943918235
0.8880279748487783
0.8443609231005518
0.8235540727654725
0.9040442193802087
0.9061318477728438
0.948814008186894
0.8538853985354451
0.8613815642531223
0.8676244350244402
0.899483304982862
0.8364237651966454
0.9494093078119525
0.9601884336057239
0.908137014551576
0.8837951907929827
0.9129511374852061
0.9452015687549491
0.9307431323705196
0.8187377170231375
0.9451945477596659
0.875048563788854
0.8401040367790371
0.9022048444224997
0.825232310891504
0.8960471131650595
0.932891764425264
0.8395377716636421
0.8245346881947134
0.8143569550755098
0.9300916134168379
0.8649460167131374
0.9036741550982311
0.8918939911159994
0.835525515037205
0.8936675477562982
0.9455459363899837
0.9351120327839361
0.8810824336524287
0.8350807270284378
0.8811429708870464
0.8344842844527367
0.9580400829083763
0.9417075282668771
0.8858343016229624
0.9062125812621017
0.9205217460065174
0.8631571145944611
0.8937817899056919
0.9514281317118182
0.8653990885811456
0.8162442884565388
0.8187663923148186
0.8929027479253282
