0.9034213772585443
0.9143195281085961
0.808814282782361
0.8947496691812753
0.8718492294877703
0.7316017098632484
0.8685119126029399
0.9430574907299298
0.9219848047508278
0.9151058586756071
0.903419093550607
0.8709649046165977
0.9211629394596412
0.8541437125030426
0.9225817067993518
0.9295422708566018
0.8992718631689124
0.7675145073904193
0.8584846024939821
0.8793435821277303
0.8782659680806094
0.8382260659939864
0.9205806126854579
0.8856638708678607
0.9145371603191231
0.9222991556874588
0.774292213517156
0.8671291899490168
0.9224299587440389
0.8412939409936602
0.8948740305449863
0.8698117193044813
0.9285824529247968
0.8686387939050626
0.926686099225527
0.9356101621255313
0.9273104129671152
0.8857003018190717
0.8691096304123834
0.9518209475213678
0.9207211710385123
0.8294166200628466
0.8646218995041781
0.9268833255833944
0.8772866183809893
0.9426572643817478
0.8983106076038307
0.8557764457787995
0.8647677843932283
0.8361539891288
0.8567937421876274
0.8979305460768577
0.9339723784622002
0.858287809942084
0.8898141854776678
0.8715517658394105
0.8854412053222105
0.8521035065482682
0.9182144199240058
0.9345836494777652
0.9078209455933802
0.8698503199596832
0.8652572017810849
0.9444111857824815
0.9114837472615768
0.8496678246902923
0.9473920887917363
0.8856394700512193
0.8652980421583881
0.9267738307074229
0.8561609869948582
0.9045875022812231
0.9204018162155428
0.8471475538850203
0.8662367316644491
0.8374439574669604
0.9230033830583048
0.8841053519972414
0.8855975459772664
0.8919768937768996
0.8575946075793409
0.8575942202851158
0.9732715487078282
0.938390457200659
0.888938110698199
0.8282186341842893
0.8719141467719829
0.8490817820062586
0.9303493910286337
0.9505326075771949
0.9081175753898089
0.9266899389684388
0.9655473674656642
0.8578804426364018
0.8792361306196608
0.9709860297693156
0.8667219452163394
0.8239047421617337
0.8135353953973066
0.8970194257373798
