0.9038177794171892
0.9219912472647702
0.8042096039256923
0.8729767441860465
0.8690842362810206
0.7345285935085007
0.8787831720955002
0.9364567311584231
0.9100653594771242
0.9076905611417451
0.9038598630522465
0.8512619502868068
0.9132006996064713
0.8496773343869354
0.9264043853691666
0.9216738516426342
0.8946400863522903
0.7679562520404832
0.8685791571753987
0.8708729388942774
0.8768180511641276
0.8348332915517673
0.922884710539337
0.8793823277094652
0.9137017070979335
0.9172352630387199
0.7594409106126548
0.8709165477888731
0.9257564575645757
0.8384398807552169
0.8908287526427061
0.8520626061635526
0.9296833561038335
0.8546970539188438
0.9196960486322189
0.9350864403249323
0.9281600275909639
0.8863953488372093
0.8667868261510733
0.9520997920997921
0.9118031542548706
0.8259093113482057
0.8480247369392653
0.9231855955678671
0.8734185928555902
0.941107962093703
0.903098814229249
0.8565273741261488
0.8649693080357143
0.825590806086112
0.8473030691317347
0.9031958888280728
0.9287752787752788
0.8661130039750142
0.902381940840685
0.8570154742904725
0.8830767454391502
0.8664024256593849
0.920260005842828
0.940033533494502
0.9121621621621622
0.87606312162268
0.8687909125914517
0.9420289855072463
0.9130205179952909
0.8515505168389463
0.945165899349103
0.8903134027838572
0.864509643003693
0.9323140944454497
0.854909702671153
0.9020312206131277
0.9234431040104336
0.8552794807068157
0.8624604012671595
0.8354830354830355
0.9081911149478717
0.8714111365369946
0.882777694722679
0.8849218615833763
0.8574232690935046
0.8559298551183596
0.9672496282407707
0.9349109172226703
0.8781530343007915
0.8169552909832654
0.8729711868887127
0.8395374449339207
0.9296518607442977
0.9515834348355664
0.9093722499266648
0.9098563447725458
0.9646506165590135
0.8554720509801205
0.867694016382063
0.9671864582561671
0.8738772563176895
0.8202314702798613
0.8136148930258406
0.8983459289890204
