0.869261728342373
0.8867309324723553
0.7970616123331318
0.899312782986572
0.8641773748521876
0.7318056747034064
0.9127007121057986
0.9307160189829565
0.8992644033644794
0.9234983364234374
0.8949592363112278
0.8384011913352363
0.8894961331974071
0.8911762018853258
0.9245081420686714
0.8944315549873666
0.8577024704661503
0.8271157889655979
0.8348519195124878
0.8604087939028727
0.8626612003504227
0.8171018570681315
0.8802382116923821
0.8623593556435191
0.8607061126677136
0.9114870363536253
0.7724808013908833
0.8991845758872788
0.9059116225473078
0.8039994404135369
0.8637731075831445
0.8989991011882869
0.899881134650628
0.9087406322608751
0.8833676188139241
0.9169041120372001
0.8762623194504618
0.8420357375541828
0.8585216868023414
0.9499357929578416
0.8736419309627347
0.8523571445873079
0.8682519417873518
0.8851418375370471
0.8355124427092736
0.9426925692701377
0.8632317227243596
0.879227557384578
0.869236290506862
0.819012324680745
0.9006484614947254
0.916119152246545
0.9260515481148587
0.8498591045585996
0.8427173402937915
0.8356870854223225
0.9003134112624244
0.8424532425703685
0.9337545814881226
0.9467232509257856
0.8854976997273194
0.8867332683132562
0.9019303228546927
0.9316069760875475
0.9288946661324143
0.811822655848257
0.9363021993416738
0.8708209067709503
0.7960720606845422
0.895741528312948
0.8486940572634786
0.873387363683993
0.9352474654007288
0.8710251670255922
0.8110673860451665
0.830539655605081
0.9274910250938405
0.8283157332327996
0.9160165749643298
0.8753844991818468
0.8336117682105277
0.8970245950874774
0.9376057905656188
0.9214022390194305
0.8937148809742439
0.7853709034506837
0.8936175381418784
0.8543167979925781
0.9473815120558434
0.93185511451568
0.8671829256755157
0.9032604266525754
0.9003991439608283
0.8712064111893078
0.8869151084046933
0.9406023965252368
0.8635555419336445
0.8018439490423434
0.84829148704142
0.8848188964790356
