0.8602801769538656
0.8932574430823117
0.8347824543970473
0.878400334230805
0.9082343780416585
0.8257621806439358
0.9454862385321101
0.9187228188515133
0.9165757381258023
0.9440074906367041
0.8826854978176727
0.9044802550026563
0.8320077403048732
0.9023665138293152
0.923267141251405
0.9056346140814528
0.8849719018041999
0.883804143126177
0.8956807187284036
0.8826840358854615
0.9157570635112292
0.9351113221483592
0.9087300594307163
0.8971278279489805
0.9153403844539578
0.9299578672090658
0.9059549859331041
0.9213604439434666
0.9181610738255034
0.8574794388001935
0.9046721571111815
0.9455643707176343
0.9041611624834874
0.9235041511594618
0.8821426195702787
0.8649231191652937
0.9297476210177906
0.8792818687836481
0.8952243784111583
0.9548283666540928
0.9365393191615876
0.9418195536494322
0.9430552569339927
0.9382081029638357
0.928069325382035
0.9688939624556063
0.8860172537742631
0.8969610296746514
0.9703624009060022
0.8732090249335345
0.9175431174747803
0.9496859938659267
0.917893722135197
0.89852097796559
0.8397429193899782
0.8976106194690265
0.9489498162178381
0.8899942350652158
0.9685659411011524
0.8949704142011834
0.9119339504628471
0.9618672046955246
0.9025383892196803
0.9406420168067227
0.9405071770334928
0.9107163771227796
0.9443940767603506
0.8889255726746556
0.8862839410395655
0.9335815695496908
0.8714861751152074
0.9555455493411698
0.9652367090546958
0.8994652406417112
0.8695250659630607
0.9250040147743697
0.8943972251734267
0.8625245078817347
0.9288285754464913
0.9067369229456438
0.8812251918496957
0.8920119323831621
0.9437773538323421
0.9670030272452068
0.9377344336084021
0.9142602848101266
0.9134019601394462
0.9105386416861827
0.9388060198441766
0.9394901315789473
0.8797791798107255
0.9575316455696202
0.9503941393196813
0.9239009021910354
0.9002481665308542
0.914873904609004
0.8926623559179083
0.8507346871388476
0.9458581370000838
0.8790666315858712
