0.9049563514726279
0.9240319962902852
0.869354589072899
0.9214964883846569
0.9110720562390158
0.8378454231433506
0.9397126322091399
0.9249609984399376
0.9485004016781219
0.9492800992966487
0.9128200504868373
0.9187931034482759
0.8653674235651707
0.917907732796656
0.9355957486481447
0.9358007918639857
0.8917017146554513
0.8880909537052184
0.9046884735202492
0.9071282051282051
0.9048087119667183
0.9297882579403273
0.9150288825443198
0.8763536096256684
0.9349640287769784
0.914489542026281
0.8956521739130435
0.9197151840207138
0.914124421873583
0.8573129251700681
0.9229320661738825
0.9629652351738242
0.9039775165193512
0.9559486687455025
0.9002341920374707
0.9129609669720533
0.9414327607875995
0.8927701826165053
0.9073646663869073
0.9586467340347953
0.9500169851380043
0.9584592685325941
0.9433155080213904
0.9459500959692898
0.9079669917479369
0.9707889927980221
0.8935098827757337
0.9164850136239782
0.9619478638667632
0.8896510275300504
0.9248378548015901
0.9600995619275189
0.932841225626741
0.8927344365642238
0.8855850904366943
0.9131685904730938
0.9486001119910407
0.9041049199762893
0.9736349453978159
0.9005772005772006
0.916245595372648
0.9736331741545659
0.9274894287372523
0.9519412381951732
0.9541284403669725
0.8995242581252944
0.9515533980582525
0.9104063289954124
0.8890186727022876
0.9365465019046734
0.861410076431134
0.9601140161195203
0.9732798846186477
0.8927647259107934
0.8767360856493364
0.9058359866428516
0.9253236862147753
0.9059592529711376
0.9619456366237482
0.876809142668537
0.8742774566473989
0.903828197945845
0.9581550211449852
0.9773399014778326
0.934427225767244
0.8992659053833605
0.9128494010268112
0.9194604135148764
0.9433288725326197
0.9564468029120252
0.9121495327102803
0.9716002067005426
0.9558113717540303
0.9273522064945878
0.9237000171614896
0.9462912087912088
0.922352389878163
0.8818474710918881
0.9426269702276707
0.8875319511502414
