14.0
17.0
13.75
15.5
13.5
12.0
13.0
19.0
18.0
15.0
15.0
12.5
17.0
18.0
14.5
21.0
19.0
9.5
15.25
16.0
15.0
10.857143
18.0
13.0
18.0
17.5
8.5
14.5
15.333333
11.0
15.0
16.5
18.0
16.5
21.0
20.0
19.0
15.0
15.0
20.333333
18.666667
12.5
17.5
18.0
17.666667
18.5
15.5
14.5
18.666667
16.0
14.666667
18.0
19.0
12.5
16.8
15.0
14.0
12.5
18.0
20.0
19.0
15.5
16.0
21.0
18.0
10.5
19.666667
13.0
15.0
14.0
14.0
17.0
19.5
13.0
14.5
13.666667
19.5
13.0
17.0
16.875
12.333333
15.0
23.5
18.0
13.0
11.5
12.5
15.0
19.5
17.0
18.0
19.5
19.0
14.0
16.0
24.0
16.0
15.5
12.0
13.0
