0.8835259412444498
0.9111731276638928
0.794247213540131
0.8917020914810406
0.8699636643141639
0.7355292684490607
0.8903823701109165
0.9300210304942166
0.9152429611115195
0.9128765624099994
0.9012894429294896
0.8683722470607717
0.892326139088729
0.8932254925808806
0.930612577386771
0.8901908097337118
0.8644501210002689
0.8004761904761905
0.8562267364835027
0.8679894470704628
0.8698558798595132
0.8410840861709521
0.8867928858290304
0.8827027570939827
0.869939243302955
0.9110365571494679
0.7682557807593491
0.9000261330545808
0.8945859872611465
0.8131802782383046
0.8817881250861
0.8901865831078194
0.9168951560255908
0.9095534649529614
0.9074088675926487
0.9042615239887112
0.895479533467053
0.8559637329998436
0.862663906142167
0.9524026789451654
0.8963289473684211
0.8318342334856668
0.862705194513155
0.9043812887319251
0.8455943675590741
0.9376061120543294
0.8637465792655763
0.8880935121420804
0.8354774093033608
0.8133167251726872
0.9025536261491318
0.8990266365190537
0.9390782422293676
0.8548825746593215
0.8515914257875934
0.858113765082492
0.8978149446992177
0.8348193057536852
0.9460308710033076
0.9620647773279353
0.9087978380739204
0.8860604654246502
0.9148093640906291
0.9355759192669064
0.9272983559855185
0.8166644801574287
0.9414050026609899
0.8669861855088807
0.8315053027711256
0.9008332710559749
0.8424086399598142
0.9004117108874657
0.93566993579341
0.8470935803257745
0.8270779556014455
0.8190350316621159
0.9297733516483516
0.860303417438518
0.8979077765747404
0.8950307890591437
0.8368018498754891
0.893096265436691
0.9420498189399759
0.928473291848931
0.8787473855449687
0.8186294981554952
0.8816349245609696
0.8341787603417876
0.9618943544911654
0.9410999575851831
0.8834181563712704
0.8936003183561247
0.9191373025516404
0.8616026555810635
0.8871184517053939
0.948364500792393
0.8709106341700013
0.8104817182941213
0.8018826293770417
0.9011165644171779
