0.8657132588381363
0.8714787305890639
0.7936562330595988
0.8586542104383783
0.8416020480402094
0.7287957700813271
0.9192273121375788
0.9194535693061142
0.8644653987792729
0.910912423916371
0.8592029407956036
0.8167811636327498
0.8813229485181058
0.8887218408690122
0.8814982118165542
0.88410321742643
0.8524126541810304
0.8121250224770149
0.8493718712268182
0.8639836157762517
0.8371695808605834
0.8015725410442077
0.8764888137150167
0.8639266275667343
0.8587418546835566
0.9164099431615713
0.7369618362986887
0.8931488598170887
0.9032270747035422
0.7896599568280569
0.8425565715871081
0.8671778207314684
0.9100931276051496
0.8996266987299089
0.8911368970868204
0.9203241856631048
0.8733010369488775
0.8172774859504945
0.8346255708132978
0.938936941451986
0.874270993588611
0.8482504535004821
0.870515242971806
0.8723725782414307
0.8371653153932023
0.9138774332424838
0.8523661360627409
0.8893005620813424
0.8540491012006992
0.8064169809792573
0.8821895698333373
0.9189043018831269
0.9264980730357156
0.8029366120642093
0.8441116619198529
0.8349451788216847
0.8615735362957055
0.8288005851633865
0.8978891370749732
0.9194204600357061
0.8598584577717424
0.8715270689839318
0.87400958056826
0.9314493277385041
0.8907350814952228
0.809069852173435
0.9216119886303225
0.8447292114531791
0.7576523165208912
0.877815656000842
0.924050502424726
0.8477885831363177
0.9321715105457882
0.8622328087405043
0.8048944897347311
0.8723621571490122
0.9070051374444904
0.8370098765710045
0.9157029661355525
0.8656613643368454
0.8204213269606495
0.8854092487163906
0.9144787651027148
0.9156559916081565
0.8621322959954897
0.7987550606796501
0.8792082326557157
0.8412880112551252
0.9418838727018802
0.9172759029997101
0.8746707844291477
0.9114797360064288
0.8885410924987177
0.851380063495694
0.869836746511438
0.9065692016155705
0.8650535295101822
0.8017821125650882
0.8644113968410027
0.8834709848735289
