188.0
237.81848209999998
196.00000059998726
179.5000002
199.8333333
201.9999997
201.75
219.3297884
218.6197425
232.5
214.61736963
200.99999989999998
215.50000039999998
224.12532320000003
218.28662139999997
233.89500610000002
222.68395890000002
229.89688120000002
206.5
220.0
204.5
211.450321820019
203.7500003
208.25
184.499999
196.0
214.2499998999989
213.58488139999997
210.33333330000198
204.9999998
223.0
217.3125
227.61268199999998
219.4999999
218.87499939999998
214.0
215.50734730000002
203.875
199.93749979999998
234.11559499999998
211.25
238.2608632
222.03125
194.5
225.1218056
202.9999999
197.0000002
198.0
204.5000003
227.6155285
200.49999960000002
208.5
235.6953249
222.00000000000003
213.2474948
241.8462984
215.03633150000002
223.39735837
217.4999994
230.5067234
232.83570950000004
197.499999
214.49999870000002
244.22986520000003
238.5979897
222.5
216.9999999
200.3333327
197.49999970000002
197.50000029999998
204.5000008
214.3714301
212.5000001
207.249999800002
224.41023660000002
220.78125
236.87710180000002
219.6713721
201.5000001
200.25
189.5
192.74999970000002
238.31773667000002
241.66505979999997
225.3295386
205.5
204.99999999999997
235.27500924
234.98465399999998
229.6408101
208.0000008
221.9394461
165.5000003
219.50000060000002
222.0940167
193.95833299999998
219.49999920000002
207.99999990000003
240.77016910000003
214.4999999994773
