0.9372041243788228
0.920081155786857
0.8316791886397558
0.905800155505538
0.883126276976004
0.7865921180802923
0.8586464259963879
0.928844506649925
0.9192391343353834
0.8944747084840456
0.96387692566319
0.8239518115633724
0.9405468050298387
0.8851835870812623
0.9473499646450131
0.9422572545116114
0.8868300788210481
0.7943313558031673
0.886359571838098
0.9270978790494331
0.8603481753157309
0.8819736678492865
0.9275831665542308
0.9309325451054626
0.890431063824508
0.8992959243650188
0.8650139214935346
0.8083341611934135
0.935955938139174
0.8276814403120317
0.9222163119000842
0.859410776900668
0.9413741633299988
0.8926512095518838
0.8958745141016357
0.9127544097693352
0.9562136477847383
0.8804105084281162
0.930833581285296
0.9057785213054084
0.9094306124891407
0.8779578807227273
0.9058948688030941
0.9671579519952435
0.841653105481
0.9174127702397994
0.9353995993828158
0.9033837709431765
0.8635882956462295
0.8885692032664775
0.8792594978613015
0.8952327686359688
0.9388333994326098
0.8751382708132006
0.9220680897297137
0.9249742734958597
0.8542322279777886
0.8984511497554503
0.8969928392723321
0.9247301411198751
0.9294202279463336
0.8725073783876036
0.8805423410782411
0.9279222350601338
0.9371592523739158
0.8875481639903804
0.9592989201343946
0.9009340681324921
0.8901442404913555
0.9549409872199048
0.8798443324552634
0.9090936449056374
0.8885569337039259
0.8855837206957402
0.899421434192452
0.8448347253606995
0.9073016097975878
0.8878443322094763
0.8900664645257655
0.8962523212263477
0.8640745843213665
0.8362262210763601
0.9235890094904555
0.9277282766132297
0.8797832066583007
0.8562814020315963
0.8464639117500867
0.8737851429692275
0.9346145276678515
0.9170246805056446
0.879905954902152
0.9169094679170869
0.9123395493261265
0.8803857008787013
0.8496838077995922
0.9620728320649271
0.896427499336486
0.8926613657229236
0.8348975023414668
0.9082321292396626
