0.8649798484628844
0.8747443846377699
0.7997604525344032
0.8912121799799189
0.8599617894097412
0.7287303903661191
0.913334252843721
0.9282312810614612
0.8919593274283731
0.9228297350097681
0.9005408818854685
0.8365504666265113
0.887406030596233
0.8929209349787665
0.9187063627211207
0.890744088189355
0.8561526551095576
0.8265376096320706
0.8333850249584026
0.8557284082381633
0.8643275903534668
0.8060934676988084
0.8782308881052932
0.8625831685182589
0.8660850814037004
0.9128134978942697
0.7676877399327261
0.8958642449806815
0.9163521366763158
0.8010261418610825
0.8596331669062962
0.8842559282907858
0.8995992012418824
0.9056737569960516
0.8844646564309159
0.9355644599144298
0.86757507019323
0.8270455085299473
0.8539589788685746
0.9361741706924891
0.8738207478445154
0.8501530723435149
0.8708850049263682
0.8851299404131784
0.8244562750743056
0.9390362217311128
0.8632178048226761
0.8815065917759829
0.8731979003763387
0.8128039570425231
0.89385898264359
0.9142036249067985
0.9287228988734909
0.8520585499583884
0.8480742268881458
0.8334352808772775
0.8955518054135047
0.8358536671940868
0.9215244247103573
0.9449308022694735
0.8834162286758338
0.8738825007989297
0.901366899007587
0.9358878718745914
0.9182683232949758
0.8112654084386404
0.9322712114100891
0.867913159247039
0.7923957338143038
0.8873218226943544
0.8531026448617045
0.8676276019106126
0.9320665225437506
0.8684721775765678
0.8101311077176516
0.8330700915767941
0.9108578688594513
0.8460981899408483
0.9090841420187449
0.8751454301043722
0.8291908896550544
0.8921047880670883
0.9282573178842436
0.911938431680804
0.8950497206426048
0.790959154129086
0.8926619868898251
0.8657204653334205
0.9464080612495902
0.9324816775869539
0.8642586294157987
0.9089148363762012
0.8992730009089084
0.8667084651227748
0.8870671302323166
0.9335278106823502
0.8565902042462454
0.79869965581289
0.853989194182463
0.8867866966939498
