0.8675445391169636
0.8698329406725209
0.7861171641412862
0.8736793634421277
0.854668414657543
0.7299310344827586
0.9062705817782657
0.9258133788315586
0.894915892543309
0.9205348813102519
0.8987398401748514
0.8299433539718087
0.8827356130108424
0.8880381917780167
0.9160634724792652
0.8877115665386903
0.8555388409371146
0.8209838661783628
0.8356205852674067
0.8439106841028379
0.8651501234284402
0.8113289760348584
0.8773640085786703
0.8691467719739125
0.8591986490635554
0.9153647752394989
0.757325746799431
0.8951561504142767
0.9216558675305976
0.7953127923657457
0.8622471362417743
0.8763831070889895
0.9016127210077388
0.9024461387396754
0.8802000907212338
0.9239048672566371
0.8751567346400053
0.8182770358732653
0.8503668469812846
0.924605167514703
0.8602506527415144
0.8498224239135796
0.8678882675935721
0.8853353353353354
0.8279945012190694
0.9363307061539686
0.8621623907527488
0.8804446690247599
0.8568066189182514
0.8007236027801581
0.8980757483200977
0.9113550464280715
0.9263251641701361
0.8490190539777105
0.8418552036199095
0.8355536608760524
0.8954446106062349
0.8317610062893082
0.9164461467038069
0.9430359025581266
0.8861272059799195
0.878002247822422
0.9065749235474007
0.9316141429669486
0.9110410094637224
0.8099471054951514
0.9306780696395847
0.867741935483871
0.78928366103254
0.8938873093822693
0.8591797318791183
0.8719595245743655
0.9315108388878881
0.8726927686775869
0.8020413844298042
0.8321927103528499
0.9032430333042043
0.836648129974921
0.9075977011494253
0.8702332657200811
0.8267315750554597
0.887983780576251
0.9244214034438067
0.9067096514205117
0.8925428681700391
0.7818356505029954
0.8874139626352016
0.8533258173618941
0.9439156401642403
0.9290434352184136
0.8605254793940036
0.9045246501896168
0.8977332829618436
0.8676950258222343
0.8810084728249639
0.9296560272699101
0.8572410961716104
0.8002712072918414
0.8390633908671539
0.8920694706005441
