0.9399756916309758
0.9166931637519873
0.8321955113156165
0.9028559935639582
0.8739861523244312
0.7953003053953173
0.8482402267627259
0.9258582907231556
0.9097554492291334
0.8966706009639028
0.9569096431283219
0.8354566112768073
0.9271773347324239
0.8859284116331096
0.9526234817813766
0.9379625061667489
0.8936905652313282
0.7924064478986759
0.8922166590805644
0.9220967228762329
0.8596541943929311
0.8731557072881104
0.931753529349326
0.927423959591523
0.8953565217391304
0.9076553980370774
0.862604233483002
0.8207474985285462
0.9402214022140222
0.8401210146613917
0.9173743900830805
0.8462953500255493
0.9091374368773031
0.8991987536167372
0.8898860683589846
0.9068476249228871
0.9426531706663092
0.8764621968616263
0.9305950500263297
0.8991398534565148
0.89282917278512
0.86084388185654
0.9080501574204756
0.9640027797081306
0.8136406396989652
0.9238837516512549
0.9317639779502757
0.8997870326549929
0.8635160004089562
0.8827657667749524
0.8764982152921285
0.8964601358265886
0.9363558413719185
0.8725254850378165
0.9137194553254989
0.9038557836755132
0.848149056141211
0.9116338094675953
0.8989304812834225
0.9280984719864177
0.9288542630875244
0.8754568012632529
0.8784495506768286
0.9147855273637502
0.9351357365376057
0.882
0.9556421211359638
0.9068237205523965
0.8865527676207288
0.9538317757009346
0.8920503716853434
0.9044280701754386
0.8720753742901394
0.8753602305475504
0.8903338424612699
0.8440375891121192
0.8948379159088478
0.8753005750130685
0.8874851206579375
0.8873713281446146
0.8622453703703704
0.8279531674681162
0.9215204051816499
0.9351942941465814
0.8864917859035506
0.8485107485107485
0.8410251830684051
0.8518241903502974
0.9380194518125553
0.9242359214462219
0.8745675377254325
0.8951910782781645
0.9127398795349488
0.8751752642042482
0.8405613619222067
0.9565903839806359
0.9035773895627017
0.8868627948262744
0.8223577235772358
0.9228356545961003
