353.75
415.9374985999999
363.49017979999996
362.58047899999997
314.5
350.7118158
344.5
376.821187
361.8674695
392.0
361.8139015
374.893968
348.384317
379.74999970000005
370.589225
390.2466637
378.9243688
406.4
355.5
438.005976
358.75
382.89369370000003
394.967949
353.88845230000004
347.8141473
352.472076500001
372.9311181
379.266204
346.2409866
336.7498656000001
378.273973
387.851639
398.6359079
372.093849
390.69520510000007
391.10520369999995
347.995685
323.9166664
355.0841481
401.76239910000004
410.964968
392.04213500000003
382.3383827
314.0
382.29577400000005
298.75
347.95140050000003
349.419354400011
412.79946599999994
385.4256769
380.3375
402.5
445.2083337
389.0
364.030304
397.56356050000005
369.48214390000004
387.86324713
379.815834
391.0
430.82863840000005
362.09160299999996
362.16280252999996
419.144323
414.69039710000004
356.92530459999995
391.7698687
379.3244611
364.352891
375.157365000001
372.176291
363.1223025
369.91878399999996
361.4271392
403.6699301
379.76666700000004
413.521531
383.7951328
381.799085
369.494535
345.8156347299999
317.49999987000007
407.423638
425.357955
376.38249999999994
379.85449800000004
363.73173499999996
373.866
391.74765
372.3703703
351.23535000000004
369.61936299999996
359.16666807
389.389743
396.8178409
383.5718652
382.421973
377.453407
433.40418900000003
380.4809016
