0.8657132588381363
0.8714787305890639
0.793596922173268
0.8590066416399569
0.8332943002054627
0.7287957700813271
0.9199004975124379
0.9239447353083884
0.8572064561826842
0.910912423916371
0.8592029407956036
0.8206802227107156
0.8806367814705558
0.8900190145845405
0.8814982118165542
0.8862281325341043
0.8486120576048847
0.8121250224770149
0.8491414737356064
0.8647516672008887
0.8371695808605834
0.8092771024777297
0.8708639580823216
0.8622894982380153
0.8634791035117503
0.9161760391539588
0.7369618362986887
0.8945784078631124
0.915463895001426
0.7896599568280569
0.8425565715871081
0.8695095889562167
0.908682133091613
0.8996266987299089
0.8911368970868204
0.9202294638421058
0.8733010369488775
0.8169212915486638
0.8557564115292572
0.9390472093736226
0.8703627247697148
0.8482504535004821
0.870515242971806
0.8723725782414307
0.8352128724373299
0.9144770834308672
0.852366136062739
0.890442076810267
0.8540491012006992
0.8064169809792573
0.8821895698333373
0.9171385007189462
0.9264980730357156
0.8041118041118042
0.8441116619198529
0.8349451788216847
0.8705720160950581
0.8288005851633865
0.8977144537760421
0.92219942446779
0.8598584577717424
0.8732876067280406
0.8740407306910536
0.9200146070412951
0.8908619110873857
0.8069699610443337
0.9203298313372427
0.8444027625956474
0.7654476074534806
0.8778156560008448
0.9151395396121167
0.8524036171728723
0.9296202452443183
0.8577131462785057
0.8063085867422027
0.8723621571490122
0.9036021436360543
0.8370098765710045
0.9157029661355525
0.8656613643368454
0.822256870964004
0.8854092487163906
0.913996441028425
0.9156559916081565
0.8719574974934631
0.7929134852616839
0.8792082326557157
0.8456086730268635
0.9418838727018802
0.9187380639372397
0.8732252299830338
0.9101049507411697
0.8887771064519732
0.851380063495694
0.869836746511438
0.9106008422602071
0.8650535295101822
0.7996595600950568
0.8644113968410027
0.8856721385883954
