14.0
20.333333
16.5
17.0
13.5
12.0
17.0
19.0
18.0
22.0
15.0
12.5
17.0
21.0
14.5
21.0
19.0
14.0
17.0
16.0
15.0
12.0
18.0
13.0
18.0
19.0
8.5
19.5
15.333333
12.666667
15.0
20.0
18.0
21.0
21.0
24.0
19.0
16.833333
15.0
22.666667
20.0
12.5
17.5
18.0
18.0
18.5
15.5
18.0
19.5
16.0
18.0
22.0
23.0
12.5
18.0
15.0
16.0
12.5
20.5
22.0
19.0
20.0
17.0
22.0
19.0
10.5
19.666667
13.0
15.0
14.0
14.0
17.0
22.5
13.0
14.5
18.0
19.5
13.0
22.0
20.0
12.333333
17.666667
23.5
18.0
17.5
11.5
12.5
15.0
24.0
17.0
18.0
19.5
19.666667
14.0
17.0
24.0
18.0
15.5
18.5
16.0
