(83,62,22,1) (7,85,9,1) (95,89,16,1) (88,16,8,1) (44,89,5,1) (61,28,12,1) (21,61,11,1) (4,12,9,1) (50,32,5,1) (34,82,7,1) (84,26,11,1) (14,78,11,1) (47,87,11,1) (45,43,2,1) (17,84,12,1) (89,11,14,1) (9,17,9,1) (32,67,11,1) (60,80,19,1) (26,61,16,1) 
(0,23,17,1) (84,39,5,1) (19,33,3,1) (45,54,5,1) (97,9,10,1) (66,21,6,1) (91,87,9,1) (30,1,13,1) (64,85,10,1) (14,38,14,1) (22,28,13,1) (69,94,6,1) (82,40,8,1) (1,74,7,1) (17,1,12,1) (82,44,15,1) (45,86,13,1) (76,4,7,1) (38,81,6,1) (61,55,3,1) 
(24,58,15,1) (47,55,8,1) (98,11,11,1) (88,39,9,1) (80,37,8,1) (63,38,15,1) (35,58,13,1) (11,88,15,1) (33,45,5,1) (21,66,14,1) (29,11,21,1) (46,60,3,1) (96,95,5,1) (65,67,10,1) (66,68,20,1) (50,43,9,1) (3,98,19,1) (79,92,15,1) (15,11,9,1) (22,47,1,1) 
(7,87,4,1) (6,70,9,1) (8,27,9,1) (68,41,3,1) (72,74,5,1) (17,19,9,1) (55,15,10,1) (77,96,4,1) (59,83,15,1) (85,62,14,1) (78,2,7,1) (69,74,8,1) (56,33,14,1) (37,63,7,1) (7,12,15,1) (40,69,5,1) (96,69,9,1) (61,93,6,1) (47,75,1,1) (60,8,9,1) 
(57,61,12,1) (67,64,14,1) (55,88,10,1) (32,3,15,1) (47,29,17,1) (53,60,3,1) (81,58,16,1) (91,70,9,1) (38,33,19,1) (95,75,6,1) (71,23,11,1) (64,79,5,1) (15,12,12,1) (38,37,20,1) (9,51,16,1) (44,19,8,1) (94,40,7,1) (8,19,2,1) (88,20,7,1) (81,44,1,1) 
(21,45,4,1) (40,23,11,1) (54,9,19,1) (35,88,5,1) (15,16,5,1) (3,7,9,1) (36,40,2,1) (92,52,20,1) (95,43,16,1) (5,73,8,1) (62,35,5,1) (64,10,9,1) (59,86,18,1) (15,22,15,1) (24,31,4,1) (88,52,9,1) (9,27,9,1) (75,59,7,1) (23,21,4,1) (1,15,9,1) 
(58,96,19,1) (61,30,9,1) (32,80,5,1) (33,65,5,1) (26,15,5,1) (66,84,11,1) (12,84,13,1) (45,55,12,1) (80,50,6,1) (3,8,7,1) (55,46,12,1) (52,43,10,1) (29,49,8,1) (76,43,14,1) (51,62,1,1) (28,26,9,1) (52,88,10,1) (67,91,10,1) (60,19,15,1) (61,41,5,1) 
(11,61,17,1) (93,31,7,1) (90,82,13,1) (29,68,2,1) (21,70,17,1) (24,46,16,1) (31,49,9,1) (9,96,7,1) (91,84,12,1) (0,69,8,1) (16,56,15,1) (99,36,9,1) (20,62,9,1) (32,71,10,1) (22,78,8,1) (22,16,1,1) (33,14,14,1) (24,5,12,1) (35,65,12,1) (85,64,13,1) 
(82,30,4,1) (6,29,20,1) (16,71,21,1) (51,24,7,1) (52,16,8,1) (28,32,7,1) (12,4,8,1) (85,72,16,1) (17,1,6,1) (86,88,8,1) (84,45,11,1) (99,70,4,1) (44,62,9,1) (44,0,22,1) (12,42,10,1) (16,70,7,1) (40,71,8,1) (37,94,14,1) (29,46,5,1) (48,73,12,1) 
(68,56,11,1) (18,68,10,1) (30,22,9,1) (87,4,6,1) (44,17,12,1) (67,46,16,1) (79,55,10,1) (1,19,10,1) (80,79,10,1) (50,88,21,1) (66,43,4,1) (94,51,16,1) (67,25,10,1) (60,80,3,1) (59,2,9,1) (98,94,6,1) (47,69,18,1) (19,12,11,1) (71,49,9,1) (84,76,14,1) 
(54,81,9,1) (45,67,9,1) (83,76,4,1) (39,98,14,1) (48,99,8,1) (50,81,17,1) (9,51,13,1) (13,78,13,1) (40,38,7,1) (64,12,8,1) (17,39,10,1) (67,31,4,1) (3,82,6,1) (89,66,2,1) (8,49,11,1) (57,79,7,1) (52,51,9,1) (78,79,10,1) (33,94,11,1) (52,76,10,1) 
(63,40,6,1) (83,84,4,1) (73,53,7,1) (95,37,7,1) (8,71,13,1) (47,85,13,1) (99,42,6,1) (7,50,4,1) (41,19,9,1) (57,62,5,1) (9,0,1,1) (23,40,1,1) (61,83,16,1) (51,72,13,1) (79,46,5,1) (53,58,7,1) (34,36,9,1) (93,35,6,1) (56,39,13,1) (50,61,10,1) 
(65,17,8,1) (66,18,8,1) (31,4,13,1) (17,78,13,1) (78,48,7,1) (34,79,11,1) (54,82,11,1) (44,73,13,1) (56,54,5,1) (77,39,13,1) (41,82,17,1) (12,58,5,1) (71,10,8,1) (91,74,8,1) (22,6,9,1) (32,96,18,1) (13,93,4,1) (47,56,6,1) (45,38,4,1) (6,48,9,1) 
(19,59,8,1) (61,24,9,1) (77,82,5,1) (79,68,25,1) (71,50,8,1) (74,35,13,1) (30,17,12,1) (71,82,15,1) (28,45,4,1) (14,99,22,1) (68,8,10,1) (47,21,11,1) (42,99,12,1) (3,41,3,1) (13,52,16,1) (53,25,12,1) (95,57,15,1) (88,9,14,1) (48,31,12,1) (32,18,9,1) 
(32,0,9,1) (26,51,9,1) (23,69,8,1) (71,40,15,1) (12,20,5,1) (41,94,10,1) (69,47,10,1) (10,69,15,1) (29,73,4,1) (0,76,3,1) (21,38,1,1) (45,14,8,1) (45,54,5,1) (4,26,9,1) (29,75,4,1) (77,85,13,1) (76,15,10,1) (87,3,8,1) (63,58,16,1) (18,73,12,1) 
(91,49,5,1) (95,52,7,1) (85,37,16,1) (5,62,14,1) (57,89,12,1) (9,62,16,1) (60,78,15,1) (58,64,9,1) (5,29,8,1) (64,6,16,1) (77,7,10,1) (48,19,5,1) (21,97,6,1) (80,10,8,1) (46,82,2,1) (59,69,16,1) (13,94,11,1) (80,23,12,1) (34,32,14,1) (38,17,13,1) 
(73,10,11,1) (16,51,22,1) (32,60,8,1) (13,30,8,1) (25,13,15,1) (42,82,14,1) (52,96,10,1) (39,54,19,1) (44,38,9,1) (23,60,19,1) (97,58,8,1) (77,23,12,1) (73,28,13,1) (76,99,3,1) (74,71,15,1) (85,61,7,1) (97,29,16,1) (41,83,11,1) (44,0,13,1) (35,84,8,1) 
(95,69,4,1) (73,95,8,1) (30,82,14,1) (31,84,7,1) (60,93,6,1) (22,5,22,1) (45,12,6,1) (60,95,1,1) (92,53,15,1) (88,33,4,1) (77,1,10,1) (37,59,10,1) (92,21,11,1) (76,17,10,1) (27,40,16,1) (46,0,8,1) (21,33,1,1) (49,95,7,1) (55,47,16,1) (89,96,17,1) 
(60,49,8,1) (26,0,2,1) (52,0,7,1) (21,33,18,1) (4,51,6,1) (3,17,10,1) (96,90,11,1) (92,17,15,1) (4,87,12,1) (61,73,12,1) (57,41,12,1) (64,70,7,1) (91,29,11,1) (21,70,6,1) (32,26,14,1) (47,27,5,1) (9,58,20,1) (47,21,8,1) (94,3,13,1) (39,75,7,1) 
(76,58,4,1) (14,45,9,1) (4,33,12,1) (79,73,6,1) (22,53,11,1) (80,64,13,1) (41,32,17,1) (67,80,12,1) (7,30,15,1) (80,1,4,1) (65,96,13,1) (7,15,10,1) (35,94,12,1) (99,83,13,1) (25,86,12,1) (31,18,9,1) (74,6,6,1) (12,99,13,1) (16,55,11,1) (77,40,9,1) 
(93,49,21,1) (49,60,6,1) (92,39,9,1) (14,71,24,1) (93,18,5,1) (86,25,12,1) (42,51,3,1) (34,90,9,1) (39,8,10,1) (18,90,5,1) (62,68,4,1) (92,52,2,1) (12,64,2,1) (47,12,8,1) (96,65,10,1) (92,27,19,1) (73,36,8,1) (73,55,18,1) (67,13,5,1) (8,70,18,1) 
(66,14,18,1) (25,36,12,1) (14,35,11,1) (79,27,4,1) (64,27,10,1) (50,54,9,1) (89,65,5,1) (51,46,4,1) (90,71,3,1) (71,69,13,1) (28,50,9,1) (97,64,7,1) (80,88,2,1) (28,23,18,1) (75,31,12,1) (43,53,6,1) (13,80,10,1) (0,3,3,1) (50,13,6,1) (64,17,15,1) 
(20,83,17,1) (22,72,19,1) (33,24,7,1) (71,21,15,1) (20,37,14,1) (21,89,9,1) (87,38,10,1) (72,31,5,1) (77,52,9,1) (58,47,10,1) (53,94,4,1) (55,12,20,1) (44,15,13,1) (74,65,17,1) (23,30,8,1) (90,8,8,1) (63,99,13,1) (47,56,18,1) (32,70,6,1) (54,50,12,1) 
(19,51,3,1) (49,0,13,1) (4,28,13,1) (11,78,6,1) (93,56,12,1) (34,29,14,1) (66,8,12,1) (72,98,17,1) (43,44,14,1) (71,64,9,1) (14,94,10,1) (9,68,9,1) (44,60,13,1) (17,72,7,1) (80,1,13,1) (17,31,9,1) (73,19,12,1) (9,11,5,1) (18,97,3,1) (85,21,13,1) 
(49,10,2,1) (25,91,2,1) (54,55,14,1) (5,53,19,1) (35,32,17,1) (9,76,10,1) (37,80,14,1) (20,74,6,1) (83,11,9,1) (33,67,13,1) (21,1,8,1) (24,89,14,1) (8,55,11,1) (92,15,9,1) (90,41,18,1) (35,57,9,1) (0,27,9,1) (80,84,3,1) (48,60,9,1) (49,79,17,1) 
(24,95,16,1) (55,69,5,1) (16,82,14,1) (13,53,10,1) (77,34,8,1) (15,4,22,1) (9,99,21,1) (91,68,9,1) (84,57,19,1) (36,77,14,1) (80,19,7,1) (54,50,9,1) (15,16,12,1) (3,61,9,1) (2,9,10,1) (48,59,16,1) (8,97,6,1) (8,95,11,1) (78,48,4,1) (6,57,6,1) 
(45,99,2,1) (90,0,8,1) (10,51,12,1) (2,16,5,1) (67,33,12,1) (86,33,6,1) (11,49,1,1) (94,84,10,1) (26,44,8,1) (58,99,1,1) (90,44,4,1) (36,20,19,1) (14,19,14,1) (14,15,12,1) (35,86,2,1) (48,40,6,1) (58,46,4,1) (99,74,11,1) (98,8,4,1) (37,21,7,1) 
(14,90,14,1) (36,70,9,1) (90,39,6,1) (0,85,13,1) (99,74,10,1) (69,72,2,1) (32,33,19,1) (39,45,7,1) (26,5,12,1) (6,71,5,1) (10,51,2,1) (9,8,13,1) (63,55,1,1) (7,4,15,1) (96,69,12,1) (28,55,14,1) (19,83,12,1) (6,72,6,1) (27,16,4,1) (36,6,5,1) 
(75,15,9,1) (60,76,14,1) (1,17,11,1) (55,49,7,1) (10,27,6,1) (88,94,17,1) (82,96,15,1) (57,40,15,1) (98,58,4,1) (7,37,3,1) (29,61,6,1) (87,65,11,1) (24,96,13,1) (14,27,10,1) (46,76,14,1) (0,64,5,1) (76,82,2,1) (87,97,14,1) (5,12,8,1) (49,68,6,1) 
(14,36,15,1) (3,48,11,1) (97,87,11,1) (27,97,13,1) (56,59,14,1) (48,27,9,1) (56,5,13,1) (53,18,16,1) (32,27,1,1) (69,91,13,1) (85,80,13,1) (60,11,9,1) (1,12,12,1) (90,13,4,1) (23,13,10,1) (55,28,1,1) (13,98,5,1) (45,24,17,1) (55,83,7,1) (75,6,6,1) 
(34,82,14,1) (37,18,8,1) (9,10,10,1) (19,16,13,1) (35,42,6,1) (94,25,9,1) (9,61,8,1) (24,67,8,1) (39,96,9,1) (4,31,16,1) (69,34,13,1) (79,63,4,1) (95,54,7,1) (12,29,5,1) (13,90,2,1) (96,8,4,1) (95,22,13,1) (86,22,10,1) (21,18,5,1) (58,13,13,1) 
(85,66,5,1) (57,65,11,1) (99,52,9,1) (26,59,8,1) (67,29,16,1) (70,59,2,1) (78,91,7,1) (30,73,9,1) (16,96,6,1) (55,77,17,1) (30,81,11,1) (94,34,3,1) (73,55,21,1) (80,75,11,1) (34,26,6,1) (86,83,11,1) (55,93,8,1) (41,69,2,1) (14,19,12,1) (57,81,8,1) 
(18,90,5,1) (12,71,13,1) (84,46,7,1) (1,11,17,1) (29,76,12,1) (32,98,6,1) (95,82,10,1) (65,99,8,1) (56,59,5,1) (25,4,4,1) (92,91,6,1) (33,2,7,1) (7,91,16,1) (54,41,3,1) (57,80,7,1) (96,47,20,1) (45,58,15,1) (63,81,11,1) (58,63,10,1) (60,14,12,1) 
(66,68,18,1) (49,43,7,1) (59,16,15,1) (79,44,10,1) (8,42,9,1) (46,69,14,1) (2,51,8,1) (52,0,14,1) (19,70,8,1) (5,47,12,1) (53,6,10,1) (13,93,12,1) (0,3,11,1) (85,50,9,1) (75,27,10,1) (85,46,2,1) (18,49,14,1) (76,55,9,1) (98,61,13,1) (55,26,17,1) 
(44,62,9,1) (79,5,12,1) (52,58,12,1) (65,37,14,1) (14,98,6,1) (63,16,5,1) (22,80,12,1) (57,56,9,1) (85,54,20,1) (28,45,2,1) (63,76,5,1) (94,66,13,1) (1,19,12,1) (13,89,13,1) (89,80,7,1) (99,80,13,1) (28,12,19,1) (7,83,15,1) (73,75,15,1) (89,33,14,1) 
(96,89,11,1) (34,41,8,1) (70,29,9,1) (83,63,12,1) (5,46,4,1) (84,52,11,1) (43,22,7,1) (73,49,20,1) (23,70,10,1) (23,93,9,1) (94,28,11,1) (77,23,19,1) (89,62,14,1) (33,75,5,1) (9,88,16,1) (90,25,14,1) (84,51,19,1) (54,3,13,1) (41,22,7,1) (31,17,1,1) 
(81,15,13,1) (84,9,14,1) (67,55,15,1) (65,20,2,1) (19,65,10,1) (95,45,10,1) (10,75,8,1) (79,12,12,1) (89,65,15,1) (47,98,3,1) (93,8,10,1) (39,69,10,1) (15,28,7,1) (88,39,16,1) (45,78,9,1) (72,58,7,1) (40,19,18,1) (97,63,5,1) (76,30,6,1) (26,39,13,1) 
(38,78,11,1) (75,56,9,1) (43,75,8,1) (22,97,9,1) (88,64,16,1) (67,5,9,1) (72,96,14,1) (12,44,6,1) (83,97,12,1) (55,9,8,1) (0,88,13,1) (68,63,10,1) (55,99,8,1) (35,25,10,1) (75,0,7,1) (77,92,4,1) (22,30,3,1) (95,6,18,1) (36,30,5,1) (81,5,8,1) 
(98,63,16,1) (36,5,8,1) (76,78,9,1) (70,97,8,1) (71,28,18,1) (37,2,7,1) (50,13,4,1) (44,71,8,1) (93,77,7,1) (74,69,12,1) (33,48,15,1) (32,48,6,1) (40,69,11,1) (80,94,9,1) (93,88,12,1) (8,6,10,1) (13,14,10,1) (78,40,1,1) (47,51,16,1) (80,6,15,1) 
(57,21,14,1) (71,19,1,1) (18,1,8,1) (77,15,5,1) (53,57,12,1) (14,17,8,1) (2,61,5,1) (41,20,2,1) (44,46,10,1) (47,81,12,1) (20,22,3,1) (20,15,11,1) (89,73,1,1) (22,74,9,1) (72,31,17,1) (90,55,11,1) (10,23,7,1) (97,13,8,1) (65,37,2,1) (28,24,12,1) 
(23,35,12,1) (57,3,2,1) (25,90,4,1) (88,46,10,1) (99,41,11,1) (45,56,9,1) (36,35,4,1) (52,2,13,1) (51,1,8,1) (3,54,17,1) (62,97,8,1) (90,93,18,1) (35,73,14,1) (56,17,15,1) (96,78,6,1) (93,82,14,1) (9,67,8,1) (36,37,9,1) (22,19,8,1) (44,53,5,1) 
(41,77,4,1) (90,78,11,1) (39,53,14,1) (3,41,8,1) (1,82,12,1) (66,29,13,1) (58,43,15,1) (62,21,12,1) (89,84,16,1) (99,78,13,1) (73,88,5,1) (39,73,12,1) (19,88,10,1) (46,96,5,1) (93,83,7,1) (11,43,19,1) (50,19,20,1) (95,81,15,1) (5,9,4,1) (36,3,11,1) 
(60,93,22,1) (12,96,4,1) (87,73,12,1) (12,51,19,1) (83,17,7,1) (15,0,16,1) (80,13,8,1) (60,14,11,1) (97,63,11,1) (94,3,5,1) (16,9,9,1) (5,63,5,1) (98,61,7,1) (26,93,7,1) (88,50,20,1) (97,29,8,1) (82,49,14,1) (42,9,14,1) (47,93,16,1) (18,82,19,1) 
(74,86,9,1) (61,99,2,1) (6,90,11,1) (90,32,11,1) (6,78,16,1) (52,85,11,1) (89,83,7,1) (9,35,15,1) (21,13,7,1) (83,2,17,1) (14,61,14,1) (78,79,8,1) (16,10,9,1) (66,78,10,1) (25,96,15,1) (61,32,17,1) (38,44,16,1) (96,23,11,1) (20,13,10,1) (4,49,11,1) 
(38,88,13,1) (50,63,7,1) (72,11,13,1) (63,64,11,1) (44,52,11,1) (55,74,5,1) (0,69,8,1) (95,57,20,1) (2,23,6,1) (66,37,6,1) (40,97,15,1) (59,44,6,1) (65,68,3,1) (6,21,11,1) (67,12,9,1) (56,79,18,1) (30,31,17,1) (3,97,14,1) (36,91,2,1) (97,94,10,1) 
(21,52,15,1) (90,23,12,1) (17,74,13,1) (9,11,8,1) (2,26,16,1) (64,40,11,1) (10,19,13,1) (63,4,9,1) (75,14,6,1) (51,14,7,1) (95,16,10,1) (97,81,2,1) (73,26,11,1) (4,60,12,1) (91,1,10,1) (69,22,11,1) (74,93,11,1) (43,80,1,1) (53,95,6,1) (23,92,11,1) 
(8,28,17,1) (7,32,9,1) (41,84,13,1) (27,96,11,1) (57,8,22,1) (15,12,8,1) (13,23,6,1) (62,29,13,1) (70,76,11,1) (98,62,15,1) (42,75,13,1) (67,94,9,1) (8,12,15,1) (94,73,7,1) (27,42,6,1) (87,78,11,1) (12,67,9,1) (34,80,18,1) (61,90,8,1) (85,24,13,1) 
(85,21,9,1) (89,2,7,1) (60,28,14,1) (28,94,6,1) (55,82,13,1) (26,77,11,1) (15,88,13,1) (20,43,10,1) (34,48,6,1) (79,81,7,1) (34,55,19,1) (75,73,12,1) (90,13,3,1) (19,89,11,1) (63,38,13,1) (60,95,12,1) (80,97,12,1) (3,95,12,1) (34,41,12,1) (55,52,2,1) 
(78,86,6,1) (58,70,18,1) (16,84,5,1) (62,27,9,1) (88,70,10,1) (9,55,10,1) (23,39,8,1) (81,74,13,1) (30,84,18,1) (50,3,10,1) (87,43,22,1) (38,76,9,1) (0,80,16,1) (82,76,14,1) (71,15,4,1) (45,74,16,1) (95,56,8,1) (73,56,4,1) (6,30,1,1) (85,64,13,1) 
(1,81,7,1) (67,90,12,1) (44,41,16,1) (68,56,16,1) (23,59,9,1) (81,25,4,1) (75,47,9,1) (96,65,19,1) (28,84,4,1) (38,77,16,1) (25,8,13,1) (83,43,12,1) (73,91,9,1) (21,78,9,1) (52,78,15,1) (68,58,9,1) (20,42,5,1) (89,79,10,1) (22,16,21,1) (37,96,13,1) 
(6,50,5,1) (2,87,16,1) (42,37,13,1) (73,19,18,1) (32,48,7,1) (63,69,9,1) (14,24,4,1) (52,80,16,1) (74,30,14,1) (77,80,10,1) (51,17,6,1) (89,44,3,1) (26,53,12,1) (45,40,14,1) (55,4,15,1) (77,44,26,1) (88,36,8,1) (74,90,12,1) (9,24,13,1) (60,86,15,1) 
(92,74,14,1) (55,52,17,1) (82,73,13,1) (59,58,21,1) (41,97,7,1) (91,96,9,1) (65,90,9,1) (58,14,12,1) (68,85,15,1) (93,69,18,1) (4,68,10,1) (33,36,14,1) (42,1,10,1) (41,50,6,1) (10,3,10,1) (21,51,13,1) (71,18,12,1) (62,97,11,1) (57,16,5,1) (53,14,10,1) 
(67,42,15,1) (25,69,7,1) (64,36,14,1) (6,28,18,1) (89,79,11,1) (29,50,7,1) (39,34,7,1) (12,81,9,1) (27,82,13,1) (93,16,9,1) (97,32,11,1) (77,59,14,1) (76,4,15,1) (84,82,12,1) (59,71,18,1) (35,44,5,1) (20,35,9,1) (55,16,10,1) (8,74,18,1) (0,20,7,1) 
(96,82,12,1) (55,46,6,1) (91,88,5,1) (94,61,4,1) (11,33,4,1) (36,82,18,1) (19,85,12,1) (75,91,4,1) (44,16,9,1) (43,13,15,1) (26,18,7,1) (5,94,1,1) (28,7,15,1) (15,53,13,1) (9,39,13,1) (80,24,11,1) (86,92,7,1) (43,55,14,1) (47,24,18,1) (85,9,13,1) 
(97,27,9,1) (91,75,6,1) (65,11,7,1) (14,51,13,1) (51,15,8,1) (63,46,9,1) (46,7,10,1) (80,30,2,1) (84,57,15,1) (16,18,2,1) (8,56,14,1) (91,67,14,1) (3,40,5,1) (95,67,5,1) (33,15,2,1) (75,53,8,1) (71,50,11,1) (8,53,7,1) (90,0,9,1) (74,46,9,1) 
(37,65,13,1) (47,6,9,1) (59,1,19,1) (48,5,3,1) (66,1,11,1) (30,33,13,1) (68,26,20,1) (89,22,2,1) (46,20,7,1) (36,13,14,1) (9,39,3,1) (80,18,15,1) (11,3,3,1) (58,63,13,1) (12,7,12,1) (86,83,11,1) (75,52,8,1) (68,74,6,1) (78,31,6,1) (8,15,7,1) 
(96,28,13,1) (48,79,11,1) (51,31,11,1) (35,29,9,1) (42,23,20,1) (76,23,18,1) (41,37,23,1) (86,46,13,1) (27,62,3,1) (24,57,2,1) (57,47,16,1) (93,52,6,1) (16,28,5,1) (15,69,11,1) (47,88,6,1) (24,12,10,1) (40,52,6,1) (86,84,15,1) (21,93,7,1) (6,51,11,1) 
(83,97,13,1) (55,14,13,1) (66,12,3,1) (92,32,14,1) (88,60,8,1) (26,18,5,1) (9,88,7,1) (13,26,6,1) (24,40,14,1) (37,92,8,1) (27,98,11,1) (8,74,17,1) (79,20,2,1) (28,78,8,1) (75,85,17,1) (95,85,15,1) (21,66,20,1) (82,32,10,1) (29,33,9,1) (14,26,11,1) 
(72,5,4,1) (61,18,11,1) (77,94,8,1) (12,11,14,1) (51,64,8,1) (72,92,13,1) (5,65,15,1) (48,47,1,1) (56,28,9,1) (12,23,14,1) (31,92,15,1) (88,4,14,1) (48,0,17,1) (51,75,8,1) (55,84,4,1) (6,63,13,1) (39,22,14,1) (32,51,22,1) (28,20,2,1) (83,92,10,1) 
(13,62,8,1) (25,67,10,1) (52,8,8,1) (7,38,12,1) (54,46,12,1) (99,47,7,1) (10,18,13,1) (97,19,17,1) (94,52,5,1) (24,76,14,1) (2,92,10,1) (55,33,15,1) (54,92,14,1) (22,96,12,1) (41,50,16,1) (97,63,3,1) (35,54,5,1) (5,24,12,1) (78,6,5,1) (84,31,8,1) 
(24,67,8,1) (52,79,13,1) (89,68,14,1) (74,32,12,1) (93,39,19,1) (37,48,11,1) (56,10,10,1) (14,6,14,1) (64,28,4,1) (29,52,15,1) (31,18,7,1) (51,0,13,1) (76,40,15,1) (8,5,14,1) (24,72,12,1) (83,24,11,1) (84,99,6,1) (18,65,9,1) (46,34,8,1) (76,53,17,1) 
(33,96,12,1) (18,50,14,1) (31,38,14,1) (99,11,10,1) (37,69,10,1) (81,18,15,1) (94,17,4,1) (60,25,10,1) (71,60,9,1) (62,11,12,1) (69,51,12,1) (67,91,13,1) (12,33,14,1) (82,62,11,1) (63,81,16,1) (4,87,4,1) (46,97,13,1) (41,17,7,1) (96,87,11,1) (49,76,14,1) 
(95,38,12,1) (1,60,10,1) (62,99,20,1) (86,9,5,1) (49,12,14,1) (55,38,5,1) (6,26,9,1) (91,54,19,1) (26,73,10,1) (14,33,9,1) (49,79,9,1) (6,97,11,1) (95,23,4,1) (18,41,7,1) (27,0,12,1) (60,68,10,1) (98,82,18,1) (58,76,7,1) (98,3,13,1) (29,39,2,1) 
(30,21,10,1) (71,7,16,1) (60,85,9,1) (53,0,7,1) (84,59,17,1) (25,48,8,1) (86,76,6,1) (22,83,18,1) (70,63,7,1) (79,6,15,1) (13,1,13,1) (66,90,10,1) (51,56,6,1) (16,28,11,1) (68,53,11,1) (80,22,7,1) (44,89,14,1) (37,0,15,1) (33,46,11,1) (12,87,8,1) 
(55,0,14,1) (24,2,5,1) (76,94,3,1) (6,87,16,1) (11,62,13,1) (53,91,13,1) (36,2,20,1) (48,85,19,1) (59,48,10,1) (3,94,19,1) (79,13,13,1) (11,96,11,1) (69,1,6,1) (57,56,9,1) (56,70,11,1) (46,62,11,1) (37,31,6,1) (46,87,7,1) (67,43,8,1) (0,13,9,1) 
(56,94,1,1) (75,36,13,1) (57,92,8,1) (5,52,16,1) (42,71,1,1) (39,58,8,1) (15,32,13,1) (68,84,15,1) (7,12,8,1) (46,23,11,1) (6,72,5,1) (74,2,7,1) (10,74,10,1) (52,9,9,1) (10,38,12,1) (39,7,13,1) (92,29,11,1) (32,54,14,1) (76,58,6,1) (42,46,8,1) 
(23,53,13,1) (26,8,21,1) (38,11,12,1) (52,84,4,1) (29,67,5,1) (64,54,7,1) (91,82,14,1) (29,97,8,1) (88,84,12,1) (54,66,8,1) (11,27,9,1) (68,13,17,1) (54,75,9,1) (32,79,15,1) (40,60,10,1) (99,24,3,1) (52,30,4,1) (30,20,2,1) (52,18,15,1) (7,14,9,1) 
(57,60,11,1) (66,35,8,1) (58,61,13,1) (82,24,4,1) (40,41,17,1) (25,53,10,1) (76,9,9,1) (72,11,13,1) (51,50,13,1) (23,27,5,1) (68,94,14,1) (40,69,6,1) (49,19,11,1) (80,66,8,1) (12,11,6,1) (76,65,1,1) (39,57,7,1) (23,71,14,1) (85,53,8,1) (9,41,12,1) 
(73,92,7,1) (59,42,14,1) (94,47,7,1) (80,12,9,1) (4,11,8,1) (86,31,11,1) (11,52,17,1) (26,4,6,1) (99,32,5,1) (63,59,12,1) (74,52,7,1) (83,65,10,1) (43,84,14,1) (78,74,5,1) (63,51,11,1) (91,72,7,1) (69,9,6,1) (99,78,22,1) (15,92,8,1) (92,26,6,1) 
(65,26,17,1) (88,56,4,1) (63,78,6,1) (33,89,10,1) (43,21,11,1) (11,14,10,1) (37,62,12,1) (42,20,12,1) (69,40,16,1) (58,95,16,1) (85,47,6,1) (93,51,9,1) (3,0,8,1) (57,29,1,1) (72,65,6,1) (40,25,9,1) (96,90,1,1) (87,72,13,1) (71,48,11,1) (58,99,9,1) 
(20,5,13,1) (58,13,3,1) (69,77,9,1) (24,93,21,1) (62,71,19,1) (59,1,7,1) (92,3,9,1) (42,11,14,1) (89,85,6,1) (51,22,14,1) (45,68,4,1) (51,66,8,1) (77,10,5,1) (71,69,5,1) (7,76,16,1) (73,49,13,1) (58,26,13,1) (8,44,10,1) (87,47,8,1) (40,48,11,1) 
(72,88,7,1) (21,64,8,1) (2,8,8,1) (6,54,5,1) (79,87,11,1) (66,39,2,1) (43,94,13,1) (85,9,14,1) (34,54,16,1) (97,64,11,1) (51,92,20,1) (95,0,7,1) (41,12,4,1) (67,25,7,1) (6,56,14,1) (7,86,19,1) (76,45,3,1) (4,91,12,1) (6,10,7,1) (53,55,6,1) 
(30,66,14,1) (79,13,14,1) (20,34,10,1) (8,58,18,1) (51,22,8,1) (67,83,15,1) (33,14,9,1) (59,37,14,1) (63,93,10,1) (45,36,13,1) (71,26,6,1) (4,65,8,1) (16,33,14,1) (65,21,11,1) (59,34,11,1) (80,22,5,1) (91,27,10,1) (54,93,7,1) (44,48,14,1) (70,89,14,1) 
(5,55,10,1) (92,21,9,1) (41,5,16,1) (84,80,23,1) (20,29,3,1) (7,12,15,1) (8,88,3,1) (43,63,8,1) (25,17,5,1) (39,0,15,1) (80,59,18,1) (97,11,8,1) (52,71,6,1) (32,44,13,1) (43,7,9,1) (55,47,15,1) (84,71,21,1) (81,78,7,1) (18,74,6,1) (31,22,10,1) 
(11,87,13,1) (97,87,8,1) (4,91,2,1) (30,75,11,1) (76,83,13,1) (18,94,5,1) (77,83,17,1) (97,59,5,1) (28,68,18,1) (42,10,11,1) (53,37,5,1) (90,7,11,1) (51,91,11,1) (67,51,10,1) (11,51,15,1) (48,20,22,1) (63,67,8,1) (84,71,12,1) (93,1,9,1) (86,1,13,1) 
(62,96,18,1) (11,9,21,1) (71,97,16,1) (14,36,5,1) (68,28,17,1) (83,77,6,1) (81,8,10,1) (75,51,11,1) (48,67,12,1) (34,77,11,1) (88,72,8,1) (66,18,8,1) (7,93,8,1) (56,16,13,1) (77,97,8,1) (48,28,8,1) (57,25,14,1) (60,3,9,1) (65,66,9,1) (78,51,8,1) 
(82,95,12,1) (22,1,12,1) (27,64,3,1) (87,5,10,1) (82,85,10,1) (82,75,15,1) (97,47,11,1) (92,5,6,1) (21,92,4,1) (1,53,15,1) (54,28,17,1) (68,52,10,1) (45,77,13,1) (37,33,13,1) (89,98,21,1) (41,86,14,1) (7,38,15,1) (10,45,2,1) (59,98,15,1) (31,99,8,1) 
(59,51,10,1) (42,34,6,1) (79,62,3,1) (70,69,18,1) (68,44,11,1) (88,75,3,1) (67,52,14,1) (87,35,12,1) (46,37,11,1) (80,13,5,1) (76,29,14,1) (74,97,11,1) (77,75,4,1) (80,20,12,1) (69,6,6,1) (95,40,8,1) (20,2,15,1) (20,79,11,1) (83,64,14,1) (32,81,10,1) 
(55,95,9,1) (63,59,13,1) (68,84,7,1) (96,73,14,1) (26,55,11,1) (51,31,12,1) (27,71,11,1) (33,86,8,1) (41,64,15,1) (20,10,1,1) (85,0,19,1) (20,22,3,1) (62,72,5,1) (86,31,10,1) (87,96,11,1) (37,38,17,1) (34,18,13,1) (80,10,16,1) (17,58,14,1) (7,91,6,1) 
(63,68,1,1) (81,46,12,1) (94,5,12,1) (20,27,3,1) (81,89,8,1) (80,45,13,1) (85,94,2,1) (14,67,11,1) (75,11,18,1) (51,77,5,1) (92,16,16,1) (41,21,9,1) (78,56,7,1) (59,56,9,1) (18,33,3,1) (79,42,8,1) (26,47,10,1) (26,53,2,1) (48,81,22,1) (22,88,18,1) 
(20,25,13,1) (17,69,9,1) (66,54,20,1) (62,5,6,1) (64,26,13,1) (68,58,9,1) (14,32,10,1) (49,18,3,1) (36,34,10,1) (74,42,8,1) (58,25,12,1) (46,65,6,1) (69,45,15,1) (41,37,7,1) (89,54,15,1) (10,61,11,1) (10,51,10,1) (76,58,4,1) (42,72,15,1) (46,10,6,1) 
(11,89,18,1) (50,10,15,1) (3,80,3,1) (67,4,13,1) (25,71,16,1) (95,48,10,1) (18,96,5,1) (46,8,7,1) (41,52,9,1) (84,13,8,1) (91,84,16,1) (25,12,8,1) (76,42,14,1) (8,55,17,1) (45,62,3,1) (42,38,12,1) (90,3,6,1) (47,42,15,1) (89,34,15,1) (12,55,5,1) 
(82,30,11,1) (20,8,21,1) (39,12,1,1) (27,75,7,1) (22,25,10,1) (98,85,10,1) (46,61,14,1) (97,40,10,1) (26,40,19,1) (77,92,21,1) (13,66,18,1) (3,59,19,1) (6,43,16,1) (45,10,3,1) (53,32,17,1) (11,0,6,1) (48,72,11,1) (25,87,15,1) (35,41,15,1) (79,43,12,1) 
(11,1,8,1) (30,19,2,1) (23,71,14,1) (73,7,3,1) (63,29,6,1) (37,71,14,1) (42,27,6,1) (36,81,15,1) (35,5,8,1) (44,98,14,1) (72,95,9,1) (62,40,20,1) (43,23,10,1) (90,70,14,1) (64,28,5,1) (60,27,7,1) (62,14,12,1) (61,22,8,1) (16,2,13,1) (10,7,12,1) 
(16,92,13,1) (72,57,21,1) (14,13,17,1) (9,73,7,1) (4,98,9,1) (8,3,14,1) (30,0,11,1) (93,98,7,1) (35,8,13,1) (98,2,9,1) (17,35,11,1) (62,82,4,1) (63,15,7,1) (54,66,15,1) (5,30,9,1) (92,25,16,1) (13,62,10,1) (33,83,6,1) (78,83,13,1) (63,36,13,1) 
(70,79,6,1) (40,0,3,1) (68,69,4,1) (2,26,6,1) (80,44,14,1) (45,63,14,1) (98,9,6,1) (49,72,9,1) (64,86,17,1) (62,38,18,1) (23,67,4,1) (9,94,5,1) (54,72,1,1) (35,76,12,1) (84,85,4,1) (12,70,3,1) (46,51,12,1) (14,98,1,1) (11,41,22,1) (40,25,12,1) 
(95,75,21,1) (70,13,21,1) (1,94,12,1) (9,60,10,1) (90,78,14,1) (66,98,13,1) (90,11,15,1) (50,56,12,1) (77,8,12,1) (1,14,13,1) (24,57,16,1) (1,88,5,1) (92,91,4,1) (76,26,14,1) (88,30,10,1) (49,63,13,1) (25,30,15,1) (70,18,3,1) (55,99,7,1) (60,85,6,1) 
(61,96,10,1) (15,62,11,1) (73,86,8,1) (80,54,2,1) (45,11,8,1) (80,52,13,1) (13,1,6,1) (74,51,12,1) (71,49,6,1) (80,84,17,1) (67,33,11,1) (85,11,11,1) (37,15,13,1) (28,77,13,1) (78,42,3,1) (59,67,10,1) (20,49,15,1) (23,66,4,1) (27,19,1,1) (24,68,2,1) 
(60,66,15,1) (87,19,6,1) (13,16,14,1) (27,43,12,1) (38,92,15,1) (1,71,16,1) (45,80,11,1) (53,90,16,1) (38,53,15,1) (36,45,11,1) (89,27,4,1) (80,14,4,1) (41,7,15,1) (78,82,9,1) (74,50,19,1) (5,26,6,1) (92,53,17,1) (26,1,7,1) (94,99,4,1) (44,27,15,1) 
(51,20,10,1) (72,53,18,1) (48,15,8,1) (91,34,13,1) (56,5,7,1) (29,26,4,1) (89,18,19,1) (39,81,14,1) (91,44,5,1) (87,92,10,1) (58,49,7,1) (92,51,13,1) (75,80,8,1) (17,62,8,1) (87,64,11,1) (48,10,12,1) (43,14,9,1) (78,97,9,1) (43,32,9,1) (82,0,10,1) 
(2,14,8,1) (40,57,21,1) (9,19,13,1) (99,80,27,1) (2,36,12,1) (50,4,12,1) (44,89,17,1) (81,82,8,1) (80,88,8,1) (16,10,17,1) (82,54,12,1) (3,72,4,1) (91,84,12,1) (73,31,10,1) (71,67,19,1) (57,79,13,1) (1,41,13,1) (59,40,6,1) (9,7,13,1) (14,80,5,1) 
(14,77,8,1) (98,95,16,1) (2,79,11,1) (31,97,5,1) (23,16,3,1) (36,34,9,1) (40,56,13,1) (21,69,5,1) (12,49,7,1) (95,70,11,1) (3,40,8,1) (71,68,11,1) (64,41,17,1) (87,56,6,1) (46,12,13,1) (22,93,15,1) (92,62,11,1) (38,22,3,1) (29,61,5,1) (13,6,14,1) 
(89,14,3,1) (10,93,3,1) (7,22,10,1) (58,82,13,1) (15,58,22,1) (76,90,12,1) (57,96,1,1) (26,7,7,1) (49,71,6,1) (97,43,7,1) (34,79,8,1) (40,67,19,1) (11,0,6,1) (6,3,10,1) (93,29,15,1) (67,27,2,1) (49,85,18,1) (55,90,15,1) (67,79,12,1) (62,11,7,1) 
(4,67,4,1) (21,54,14,1) (65,93,2,1) (14,40,9,1) (46,28,11,1) (16,73,13,1) (2,14,6,1) (48,44,15,1) (29,97,12,1) (52,46,18,1) (19,39,7,1) (9,47,23,1) (31,40,1,1) (49,10,16,1) (51,66,6,1) (14,23,12,1) (75,21,11,1) (38,43,8,1) (86,14,10,1) (94,56,5,1) 
(12,40,20,1) (59,45,15,1) (33,36,11,1) (77,1,14,1) (82,43,7,1) (99,47,4,1) (77,50,4,1) (73,14,12,1) (62,75,12,1) (8,69,11,1) (90,46,10,1) (81,94,13,1) (57,22,9,1) (46,1,14,1) (98,5,13,1) (6,31,14,1) (51,43,8,1) (86,23,3,1) (18,87,20,1) (9,26,5,1) 
(54,5,8,1) (63,98,15,1) (92,70,12,1) (1,57,14,1) (78,53,2,1) (24,73,21,1) (18,69,10,1) (73,50,19,1) (90,41,18,1) (63,25,2,1) (26,45,17,1) (62,35,13,1) (16,84,9,1) (7,67,6,1) (80,96,5,1) (29,57,11,1) (72,21,15,1) (57,45,16,1) (12,67,16,1) (15,9,18,1) 
(35,68,14,1) (92,6,9,1) (97,54,11,1) (1,2,12,1) (72,39,13,1) (11,40,10,1) (99,48,12,1) (83,80,11,1) (12,50,7,1) (53,39,9,1) (64,32,7,1) (84,39,11,1) (75,85,12,1) (14,59,2,1) (27,41,16,1) (42,83,10,1) (50,22,13,1) (42,52,14,1) (67,71,13,1) (36,34,12,1) 
(93,4,10,1) (54,9,12,1) (33,31,9,1) (88,74,8,1) (55,64,9,1) (65,75,6,1) (26,81,6,1) (87,93,5,1) (73,27,12,1) (92,98,10,1) (63,9,14,1) (95,33,10,1) (41,16,13,1) (81,34,4,1) (70,64,15,1) (51,61,11,1) (29,74,6,1) (38,20,7,1) (60,96,7,1) (54,44,12,1) 
(57,49,4,1) (44,72,8,1) (85,22,9,1) (12,65,12,1) (66,97,4,1) (20,92,19,1) (67,80,11,1) (87,83,15,1) (13,32,17,1) (76,31,7,1) (5,54,11,1) (35,90,9,1) (11,7,17,1) (15,50,7,1) (46,62,3,1) (46,79,4,1) (50,16,5,1) (16,21,3,1) (68,16,8,1) (10,86,2,1) 
(1,78,3,1) (60,99,6,1) (1,85,19,1) (31,54,12,1) (66,82,2,1) (91,23,15,1) (79,68,5,1) (34,67,16,1) (62,54,12,1) (23,89,19,1) (86,62,8,1) (75,70,11,1) (12,38,9,1) (38,54,13,1) (16,72,10,1) (44,30,7,1) (7,14,24,1) (62,23,7,1) (84,77,17,1) (2,83,11,1) 