420.25
352.5
363.5
341.0
450.0
404.5
398.0
454.5
382.14285689999997
344.6666661
392.0
507.00000020000004
447.0
403.5
465.75
371.0
444.5
402.0
436.0
407.0
402.0
263.25
498.0
490.0
368.5
484.75
417.0
450.0
395.0
431.0
444.25
454.75
400.5
472.5
367.5
311.0
485.5
375.0
493.0
447.5
512.5
480.5
433.5
361.5
451.0
365.0
427.583333
455.5
398.15000000000003
464.0
476.5
338.5
336.0
384.0
453.0
503.16666699999996
420.25
515.5
400.0
385.0
358.5
452.5
387.0
490.50000000000006
398.5
373.0
454.50000000000006
458.0000003
462.5
417.50000040000003
389.0
447.5
441.0
426.5
514.5
441.0000003
440.0
491.0
357.375
489.0
450.0
361.5
442.0
362.5
416.33333337
352.0
389.0
468.00000099999994
445.5
379.0
436.0
364.0
456.0
418.0
369.5
360.5
375.0
457.0
470.0
415.5
