0.9375941913269126
0.9076329176608292
0.9161791121375417
0.8539142273655548
0.8845428673070082
0.8913387060667114
0.8332447656499097
0.8093353053767183
0.8997895011363213
0.8908442348194952
0.9064269411936094
0.8878099077807128
0.9024435743046064
0.9009362803139938
0.9095262547622992
0.8713990296667462
0.832358215646716
0.8269815648627984
0.9134201260951446
0.9029587523684595
0.8745820869259194
0.8608936131469932
0.86478857648882
0.8785597956841988
0.887430990062569
0.9205661414437523
0.8402766068489301
0.9019369802331898
0.8462083952876587
0.8519884604100793
0.8453673411688679
0.8501647601562867
0.9174718073758
0.8604603650231545
0.9108608913234598
0.8822596861646738
0.8803758471965496
0.9316539923954372
0.8724062901790129
0.8920570840833119
0.9414371369683343
0.8924584980237155
0.9525287048206228
0.824080399916684
0.9147582133628646
0.8504900783164369
0.8965015331926247
0.8457233544938189
0.8692705138489124
0.8896663615941426
0.8989498480912334
0.9081445061992305
0.8478419825303347
0.825899212299516
0.7862112123931422
0.8812739030665462
0.8687934318216914
0.939188264210821
0.8714401400744145
0.8035517452541335
0.8680950885320561
0.8352174678640606
0.9194135734680431
0.898546352166758
0.8973631075429066
0.8423355051192095
0.8970007690335812
0.8284321882800428
0.8949784567175871
0.9043348543348544
0.8840047038700022
0.9237262462131645
0.9325493236839838
0.8462749003984064
0.889277108433735
0.9280656824344682
0.8649198778293795
0.9187505241090147
0.8558425607497827
0.9241345291479821
0.8770607581059999
0.8590991436100132
0.8473891711932714
0.8379290089787699
0.88654311672797
0.8948578342407744
0.8895335924486396
0.8808532760018327
0.8657174180437457
0.8758682742486953
0.912312080795621
0.9300544935927455
0.8735827918440511
0.881263789603742
0.8765523705381552
0.8762146643109541
0.8503023266003593
0.8895940261644735
0.9241300627495722
0.9360691763806612
