0.8307718233906303
0.863102119460501
0.827323888996701
0.8632452366318377
0.8949866624823474
0.8257532805998811
0.8668177057243044
0.9111765736563143
0.8358278867102397
0.9154460719041279
0.896012332467003
0.831853213603903
0.8792412996133161
0.8735980971601557
0.9130159709898927
0.8967252442337708
0.9138046823990299
0.8480575923857622
0.9275419100536638
0.8820540347110395
0.904560482302606
0.8870450419296274
0.9386574644647112
0.9367625205831559
0.9227962609307468
0.9430941373808452
0.8790505791333124
0.944042174282592
0.9213973355028984
0.9336650358618724
0.8919067814228099
0.888889104379194
0.8134058460568392
0.9145484091686623
0.9012376382468255
0.9066328880700139
0.8999906838084591
0.880278706800446
0.8909933058354182
0.9208283313325331
0.9218847742981813
0.9078486228583821
0.8787375681745268
0.9166453078580998
0.9086199637940471
0.9101295041669165
0.8673660911907923
0.8789622075584883
0.916806470940683
0.936887704756266
0.9273981768002008
0.8912701445951972
0.8230777915772836
0.8060757024619115
0.9151854459061112
0.8884115089604467
0.8282402271819674
0.901728588871446
0.9056365503080082
0.8635177325723206
0.8939372724726967
0.8672717226701592
0.8970588235294118
0.9295749853298684
0.8752839762440178
0.8661818080294824
0.8624648187633263
0.9655967370101082
0.918985822349051
0.8542070872078412
0.9546135926263547
0.927806279986699
0.8797520286504374
0.8790112411103465
0.8041246460725988
0.8845913501068903
0.8866410115448048
0.9292335383230839
0.847571454144042
0.9578977365249959
0.9007204000339012
0.9033847202558859
0.8881565396498455
0.863384030418251
0.8112136207330369
0.8762713758801833
0.952334381185237
0.8963042660761292
0.8406256393469455
0.8178264105307224
0.8540915269596737
0.8409519911397891
0.8633146492281685
0.8315521210128247
0.8726193070385705
0.9196213586176782
0.7978475616096495
0.8683420087038143
0.9219606875196338
0.9427728318495548
