19.5
10.0
13.0
9.5
17.0
17.0
13.5
15.0
11.0
17.0
15.0
8.25
17.8
15.333333
10.0
17.0
14.0
11.0
17.0
18.0
13.0
6.5
19.0
13.0
11.5
16.0
15.0
19.5
20.222222
14.5
10.5
13.0
14.5
15.0
13.666667
18.0
17.0
10.0
17.5
8.5
11.0
11.0
13.0
16.0
15.0
13.333333
9.5
15.0
18.5
12.5
10.0
15.5
12.5
12.0
14.5
14.0
15.5
12.0
15.0
10.0
12.0
13.0
13.0
18.0
15.5
13.5
15.0
13.5
18.5
12.0
18.0
19.0
12.666667
11.0
12.5
14.0
11.0
19.333333
15.0
13.4
12.5
15.333333
10.0
9.25
13.0
9.0
15.5
12.6
14.142857
13.5
15.0
12.333333
14.0
13.0
16.0
13.5
14.25
12.0
11.5
18.111111
