14.5
13.0
14.0
13.0
16.0
15.0
16.0
17.0
16.285714
15.666667
14.0
14.0
13.0
16.0
23.0
18.0
19.0
14.0
17.0
20.0
20.0
14.5
22.0
21.0
21.5
23.0
17.0
14.0
22.0
21.0
16.0
22.0
11.0
19.0
19.0
16.0
13.75
19.0
18.0
22.0
24.0
20.5
17.0
15.5
14.0
15.0
19.5
15.0
19.8
19.0
23.0
15.5
14.0
12.0
20.0
21.5
16.5
16.5
18.5
14.5
17.0
15.0
19.0
20.0
13.5
14.5
17.0
26.0
18.0
13.666667
23.0
19.5
14.0
13.0
17.0
20.0
18.0
18.0
13.125
25.0
11.0
20.0
17.0
11.5
12.666667
15.0
18.0
20.5
17.0
14.0
16.0
15.0
9.5
11.5
15.0
15.5
10.5
19.5
16.0
22.0
