0.9555138597017913
0.9141304347826087
0.9620475954387705
0.8895621890547264
0.9575373557783242
0.9525683920488093
0.9026272493573265
0.9434198038595382
0.9481504702194358
0.955832662912309
0.9409492500513663
0.9050099613266144
0.9517306482064192
0.8949884951679705
0.9160847442758137
0.947316538882804
0.9658279478758343
0.9157988816573471
0.9305658899549638
0.937641942498188
0.9370659795556306
0.9192228512609367
0.972
0.9662516212710766
0.9191873009349635
0.9635805153854518
0.9564124597207304
0.94133506879881
0.9547619047619048
0.9617851307189542
0.9041324200913242
0.9141304347826087
0.9179656055616539
0.9463117677024961
0.9298744908070021
0.9350499483293145
0.9424510608369476
0.9361017661900757
0.9655321971629758
0.9460112851444693
0.9198089463448118
0.886928720134827
0.91884765625
0.9482175090252708
0.9207694377185902
0.9516937967443907
0.9228813559322034
0.942425998103866
0.9219204866391484
0.9255445209344317
0.9099828457066615
0.9251244331379272
0.8370690469443657
0.9129270599361626
0.9363998500328053
0.9426271581894541
0.9704800358905339
0.9224978654776587
0.964235401045217
0.9596427093392192
0.9479707897117746
0.8637658580013354
0.9200454639388304
0.9431858407079646
0.9099790038492943
0.9481441285001085
0.943651446592623
0.9070866141732283
0.9620622944476688
0.9294905622082403
0.941428883787034
0.9113443955299695
0.9212396929201023
0.9725806451612903
0.9261663402833775
0.898648974668275
0.9255054881571346
0.9532748024582968
0.9152141566585185
0.8950208379030489
0.9223300970873787
0.8930905511811024
0.9027680745210119
0.9005599652060454
0.939723521040862
0.9161223431829963
0.9456070563818748
0.9043624161073825
0.9226852802299322
0.9174753203108591
0.9564085881587508
0.9367286370254228
0.9230601569311246
0.9158957542285122
0.9505927860946448
0.9358243902439024
0.958375800339736
0.9104782747944913
0.9070839874411303
0.9106205770277627
