465.0
438.5
366.5
439.0
429.0
531.0
392.0
416.5
438.5
445.0
571.5
465.0
543.0
479.0
530.0
457.5
496.5
384.5
483.5
453.0
449.5
483.0
502.5
431.5
438.5
503.0
553.0
538.0
542.0
447.5
410.0
443.0
472.0
383.0
410.0
473.0
517.0
435.0
500.5
463.0
551.5
477.5
431.0
485.0
414.5
502.0
473.0
471.5
415.0
456.0
431.0
422.0
456.5
439.0
452.0
444.0
416.0
443.5
402.0
476.5
493.5
426.5
505.0
457.0
463.5
516.0
509.5
353.0
387.5
517.0
482.0
520.5
415.0
524.0
496.0
533.0
487.5
481.0
428.0
432.0
437.0
417.0
498.5
518.5
535.0
462.0
469.0
471.0
418.0
531.0
408.5
490.0
411.0
527.666667
481.0
444.0
575.0
450.0
477.0
463.5
