16.0
16.0
15.0
15.0
18.0
17.0
14.0
23.0
14.0
17.5
13.0
14.0
18.0
16.0
17.0
18.0
15.0
13.0
21.0
13.0
21.0
18.5
12.0
23.0
20.0
15.0
17.0
18.0
19.0
18.0
12.0
21.0
18.0
17.0
15.0
15.0
21.0
19.0
19.0
16.0
16.0
19.0
23.0
15.0
21.0
18.0
16.0
18.0
13.5
20.0
14.0
20.0
21.0
15.0
12.0
22.0
14.0
14.0
18.0
15.0
19.0
19.0
14.0
16.0
15.0
16.0
18.0
18.0
18.0
18.0
19.0
16.0
18.5
16.0
15.0
12.0
26.0
12.5
17.0
16.5
11.0
18.0
21.0
15.5
17.0
19.5
15.0
16.5
17.0
15.0
15.0
14.0
11.0
12.5
15.0
18.0
14.0
21.0
18.0
15.0
