0.9557764642665234
0.8660988296488946
0.9151653137992477
0.7904282293280743
0.9303069697223854
0.9009612450411962
0.8173635985006248
0.9012881595200283
0.8976687964082196
0.9008269720101781
0.8848340425531915
0.8614744582043343
0.9223562810503904
0.8825347429448376
0.8693240964738655
0.9221242937853107
0.8831804281345565
0.8749774028321784
0.9127268889826932
0.9036127460929572
0.8732899589450978
0.8193264037501273
0.9325117783559524
0.9163759267335368
0.8425602111514352
0.9300020595201318
0.8464483728404982
0.9253542009884679
0.933273607748184
0.8935665008824001
0.8753604672385472
0.8418362046576054
0.8781639662510267
0.8659913861859946
0.8719249383617934
0.9161116766031699
0.9287581699346406
0.8730512640449438
0.9225774391253934
0.8739109073042909
0.8951873622336517
0.8560656747953165
0.8939503507825148
0.8949759959572139
0.9092783505154639
0.893014641030164
0.8648036951501155
0.8980848398066941
0.8967938576081899
0.8614892060007318
0.8888667198723065
0.9216948114445709
0.8165754842525507
0.8349611063094209
0.9192977922173817
0.9170133882595263
0.8833051960232602
0.8643078833022967
0.9080259594733402
0.8445605824232969
0.8234496644295302
0.78030183623611
0.8227522366905837
0.9446493822864103
0.8513834181957921
0.892406489409644
0.8900226290886649
0.8247100802854594
0.913328729281768
0.8544878563885956
0.8960701754385965
0.8605826673907984
0.8431982343499197
0.8946197019547126
0.8712982971734808
0.8504867601246106
0.8473839173665412
0.9317057902973396
0.8279286390906221
0.8224608164349597
0.8542945334168381
0.8613527620704654
0.8877049180327868
0.845349039381031
0.8623755806237559
0.8446812257837266
0.9030347734457324
0.8436503248670998
0.8738039357284708
0.8251442832631415
0.8855863808322825
0.8941005802707931
0.9050382209867964
0.8385911179173048
0.8800041407867495
0.8902402402402403
0.925697384131119
0.9002456015004019
0.8683828890869318
0.8555297895112379
