427.0
402.0
476.0
483.0
480.0
460.0
389.0
425.5
501.0
540.0
420.5
397.0
496.0
472.0
518.0
481.0
504.0
458.0
455.0
503.5
450.5
418.0
454.0
536.0
370.0
401.0
449.0
457.0
349.0
492.0
442.0
406.0
486.0
437.0
527.0
516.0
493.5
370.0
371.0
365.0
417.0
441.0
446.0
426.0
492.0
408.0
442.0
463.0
451.0
446.0
452.0
472.0
431.0
409.0
391.0
473.0
393.0
558.0
426.0
454.0
452.0
435.0
472.0
513.0
394.5
480.5
439.0
344.0
453.0
484.0
463.0
563.0
465.0
537.0
464.0
382.0
443.0
475.0
467.0
463.0
456.0
471.0
403.0
435.0
515.0
480.0
528.0
455.5
397.0
379.0
446.0
482.0
496.0
426.0
479.0
487.5
428.0
470.0
477.0
407.0
