0.8877933656745771
0.8892910634048926
0.9261512960817989
0.9100554295792391
0.8959784562254339
0.8858604030644216
0.812496300923947
0.9569418386491557
0.8948205235020482
0.9047603126175451
0.8926413258521714
0.900777657703473
0.8100247142415817
0.8743074779377613
0.8742342887393179
0.9384178227235404
0.8587308908803374
0.9040522228592276
0.8568715441942464
0.8431885311698737
0.8847198130907289
0.8973560867527377
0.8927542065856211
0.9078014184397163
0.934817993489198
0.9001012224558125
0.8845084059501804
0.8788708372894468
0.9051282623243364
0.8717808117671032
0.8166319119867692
0.9360978984692554
0.9233172077553952
0.900670044124857
0.8837927089292215
0.8281202754913489
0.8862743472855367
0.9036785225289254
0.8997767056752616
0.867378621147792
0.8783783783783784
0.8848081572081667
0.9347488348006214
0.899227013832384
0.9273818235035856
0.8865482664853841
0.901863354037267
0.8505801479012602
0.8366598619616993
0.9250083920778784
0.9116571892770106
0.8809074444762177
0.904873402651004
0.8583589501064082
0.8782834075969471
0.8937662070384853
0.8924507129786279
0.8211169181181656
0.9007646768623582
0.8688690535554005
0.8598628479225494
0.8841798719697764
0.8684368585934968
0.8799706101058744
0.8652416356877324
0.8581290790427847
0.8999833707491478
0.9104213413113936
0.889828801611279
0.9148969722455845
0.8851475169507055
0.8853519515610516
0.9053335229697056
0.8691695548628188
0.8532576038888702
0.8661779329802733
0.9533131936691404
0.8284319840855067
0.8846852494387264
0.8115954568486667
0.8759321564395404
0.8849906018501456
0.9172688241727085
0.8844747165158028
0.8829221403396348
0.9007936352413239
0.8734608546223277
0.8165947761604964
0.9250217202432667
0.8398953756963631
0.8576510354095824
0.8564545393454741
0.8047593525565441
0.8141331434674262
0.9107881508767891
0.9035562176846902
0.8888460266725449
0.9149292520935605
0.9017138978449007
0.9001956905079351
