0.9600709898533681
0.8584037033763584
0.9087973222097113
0.7989098555934944
0.9384013580930404
0.9097455377467388
0.8251144589396228
0.904966588674803
0.9003306606994256
0.9061005708161387
0.8944118764994186
0.8737534914464443
0.9353735762698396
0.882979577048639
0.8818480397412926
0.9176176607573986
0.887031785942745
0.873304230196586
0.9015199519126287
0.8971531064406003
0.8821455722770395
0.8073876142486623
0.9326532807805936
0.9190297280366695
0.8354955497406682
0.9260288308060567
0.8471341910539599
0.9340564531952824
0.9358875765128104
0.8987769125679766
0.8809310482617099
0.8336748028157749
0.8744335215202192
0.8617318011015008
0.8744097438109029
0.9117786317993222
0.9410409134287283
0.8954955683499163
0.9320965978867619
0.8707637947119863
0.88267847247252
0.84621987352565
0.8951593700588961
0.8981565548714799
0.9057736334719757
0.8858393376908927
0.8737712235280428
0.9013482910125455
0.9066213473724027
0.8628827186077771
0.8914991399232012
0.9236024762860179
0.8226714752060426
0.8344355717411844
0.9278910094595115
0.9130344043084883
0.8978015425509838
0.857679256461678
0.9084520122703929
0.8568638095549244
0.8346056403333274
0.7869198641633163
0.8340209094398467
0.9472630617029217
0.8521400545052138
0.8993483029817645
0.8926077660839741
0.8407567996945163
0.9146699022551524
0.8558702202085763
0.8908163837393976
0.8730467640413521
0.8418724731807424
0.8980150571591248
0.8714918124602004
0.847396935901953
0.8496204530988473
0.9378406375528796
0.8354161440481883
0.8357841302244876
0.8585353468215776
0.8609722595958085
0.8874088171229232
0.8581447480689797
0.8607738928782109
0.841023890784983
0.9077151374578241
0.854508383341266
0.8913405365720858
0.8271660802501883
0.8903035055955377
0.8962482044212692
0.9092932105635515
0.8381165795155437
0.8897620188717341
0.8911486466680509
0.9222530518720383
0.8976558234744707
0.8571641484233924
0.8545162364023016
