0.7894293554690769
0.944014217965009
0.9083334984752598
0.9197441402403271
0.8207920059215396
0.835380163639992
0.897466764715124
0.9253504525158324
0.9639348094684236
0.8555298651252409
0.8521148249913897
0.7821742832812943
0.9185754600505615
0.814033156772374
0.787271143723098
0.800700473855839
0.8732721030877695
0.7228052088897619
0.8630664836135953
0.7186179740559014
0.902672201065504
0.8317814771775238
0.7997605021196939
0.8306275962725946
0.7969924300802321
0.9319289061167448
0.8074539165978855
0.8892320598024821
0.8255035521379347
0.824234704112337
0.8219998249989062
0.7764456769922817
0.7953908387171811
0.8326692825348404
0.7953790286969991
0.8886636482129382
0.9097205428695572
0.8596710100730055
0.8670029791168313
0.7898821843655469
0.8243061979648474
0.8506749256249723
0.9004125355914233
0.9111165296926003
0.8861501037967725
0.9072464988572021
0.8709995560475027
0.8444213715196218
0.8546357892858537
0.6558268459542377
0.8752965427047117
0.8399329050135975
0.8508823342039881
0.8143818545935118
0.8973776012151194
0.798988430186583
0.9045031601123595
0.857165723022528
0.9027095897392339
0.8045829428303655
0.7995293501078908
0.823105771881167
0.8225949729277634
0.805843525156871
0.8681732524586302
0.882357032117775
0.908506440092046
0.7290781003279485
0.7851066961644104
0.9107048648648649
0.8487259636751504
0.7801342475421306
0.8507877622057342
0.8987322570159281
0.8170392860428742
0.8131799163179916
0.9363018787814457
0.8215382537357997
0.8501969518251398
0.8264805691686802
0.8190011746992949
0.8503022039559182
0.8499870480247134
0.9022008245295731
0.8356486329261198
0.69371838986289
0.7943017816263561
0.8875433059784867
0.7827800829875519
0.9230079747252722
0.8591862771063344
0.8581527365872792
0.9896454172242439
0.8869065392654524
0.881086020116689
0.9003159745143455
0.769004328990516
0.9030112304739282
0.8343153377666821
0.8281142189905012
