514.0
496.5
440.0
423.0
517.0
431.0
540.0
398.0
515.0
474.0
624.5
432.0
474.0
445.0
486.0
460.0
503.0
412.0
451.0
544.5
494.0
424.0
460.0
596.0
472.0
485.0
403.0
498.0
433.0
518.0
476.0
429.0
474.0
462.0
388.0
445.0
419.0
462.5
534.0
597.0
453.0
392.0
533.0
510.0
508.0
441.0
452.0
448.0
458.0
462.0
462.0
391.0
563.0
475.0
438.0
474.0
542.0
465.5
475.0
498.0
529.0
491.0
432.0
487.0
441.0
497.0
466.0
470.0
488.0
420.0
475.0
453.0
399.0
485.0
488.0
409.0
544.0
472.0
540.0
430.5
426.0
484.0
438.0
482.5
487.0
466.0
528.5
465.0
364.0
393.0
470.0
481.0
378.0
479.0
476.0
534.0
446.0
496.0
438.0
460.0
