0.936775668422622
0.9076329176608292
0.9175355017705253
0.856679514900818
0.8866704514310324
0.893099297893681
0.8328155596718708
0.8127888326935621
0.899213341724355
0.8908442348194952
0.9081597075607137
0.8878099077807128
0.9028437858013969
0.8993104798364293
0.9104705189450952
0.8687948293528809
0.831655900976867
0.8256238486015742
0.914269179222678
0.9028722305233241
0.8706461712397269
0.8595089245265923
0.8662923335396587
0.8793218085106383
0.887430990062569
0.9210674924856544
0.8415604395604396
0.9019522731520904
0.849672233939463
0.852887587177786
0.8439210579042276
0.8527215590628737
0.9157566450536534
0.8604603650231545
0.9113937680866815
0.8800625044392357
0.8807500111542409
0.9329834297531479
0.8724062901790129
0.8938811946846227
0.9398745979208428
0.8909260789173453
0.9525287048206228
0.8250673463467197
0.9144483362521891
0.8529591958836903
0.8950765083643859
0.8427870606027074
0.8709657658506703
0.8893628453923574
0.8999102019361339
0.9081445061992305
0.8478419825303347
0.8244370485766889
0.7860060229625447
0.8824265543549557
0.8715996512462817
0.9387729909887668
0.8714401400744145
0.802728326335189
0.8689171925206147
0.8352174678640606
0.9196126806689664
0.8996721761666924
0.9000041709866171
0.8447137702142825
0.898121455072711
0.8288095238095238
0.8942306941897218
0.9014280193236714
0.8875416092441429
0.9213077364589313
0.9330020562028787
0.8473652892561984
0.8878263604907204
0.9271681310142849
0.8678173348860423
0.9197980556598656
0.8573658536585366
0.9231125356125356
0.8784341293490578
0.8581378239189079
0.8473891711932714
0.8395973014617082
0.88654311672797
0.8944041837878222
0.889447895100069
0.8825585461157198
0.8643487712414836
0.8758682742486953
0.9133114009773365
0.9281832003040669
0.8724591735171601
0.8815791205176006
0.8789785113671753
0.8767930651948694
0.8485025817555938
0.8876488152203039
0.9241300627495722
0.9352643098444117
