0.878451865763044
0.8835944188996353
0.8554750764239816
0.8507424731781564
0.8393205866732034
0.897431906614786
0.9288143929588403
0.9090649654750342
0.8820822660679263
0.8759116500649632
0.9034198969413721
0.8531646236521373
0.8834178310869296
0.835604284064261
0.9120711494888584
0.90584315074383
0.8857019617866957
0.8897245153184044
0.8859302066134143
0.9155577705789517
0.9324738966846217
0.8954140657511444
0.8881400182145109
0.8537519727129257
0.8570100509406181
0.838237170286735
0.8960190759127512
0.9379177714491472
0.9150409855189684
0.9212791389222534
0.9031538706594456
0.8755132373432419
0.8664736243192718
0.8424396672006614
0.8552604098681634
0.8983758700696056
0.8890660850705361
0.9187164671894346
0.9006681441275625
0.8743733068793162
0.9406193603462607
0.856077026725734
0.8323595816474239
0.8543665808990465
0.8548910234975834
0.8723868198809359
0.9167211239993465
0.900406076179272
0.8799262994569433
0.8242859298947289
0.8556915256630504
0.889708321139401
0.8319532784242459
0.8556661624626957
0.8765237974469524
0.8113520271477049
0.8516520294327082
0.8616510721063514
0.8268971835186842
0.9073690003349764
0.8829164719059505
0.8782296050455629
0.8998605611981408
0.8620882347706929
0.8272494398538841
0.8900517509923127
0.8737800714888148
0.8752367636584272
0.8787027130021838
0.8663811529013941
0.8398721301947109
0.9127017100466376
0.8239089952230588
0.8730731833797887
0.8730571047217801
0.8786466999445369
0.9065341760427167
0.9308130523179741
0.8506950122649223
0.8650424238535936
0.9067163481754894
0.8412160932095394
0.886166194523135
0.9071204273154866
0.9274220499281489
0.9032362196731296
0.9128644864923986
0.9047302319376418
0.9069010782934833
0.9202350391731955
0.8795449833530495
0.9241052382081062
0.8452619613516585
0.9126202621067532
0.8817559107313839
0.904776596639834
0.8959086373212107
0.8226169567300016
0.8807200608112777
0.8871278788506245
