0.8489116679321691
0.9695746214852199
0.9543803903767589
0.9456638836520334
0.850304620071078
0.9186411847108265
0.9226729291204099
0.9493500464252553
0.9802665520206363
0.9564575645756458
0.9096707105719237
0.8625097125097125
0.9724573941726223
0.8816582914572865
0.8951923076923077
0.8862844036697247
0.9528207271207689
0.8334673039322181
0.9415194346289752
0.8313781935948182
0.923170203551321
0.9431180968564146
0.93727959697733
0.9434112009583707
0.8818432063422154
0.9612753695815585
0.8711022480058013
0.9596093937215433
0.8833333333333333
0.9498672272626687
0.9027427078798432
0.9114029760097175
0.8980572045331894
0.8757790927021696
0.9283203536097664
0.9555801292956788
0.9571978815599422
0.9140493038119151
0.9477376948945276
0.9248165233801635
0.9346153846153846
0.9444496487119438
0.9519184069936862
0.9508926000575871
0.9606479275845641
0.9742352941176471
0.9517367228794362
0.9191373025516404
0.9715616890776126
0.8449284009546539
0.9248922929631402
0.9142080217539089
0.9631212261960056
0.9412331660945339
0.9268607008398494
0.9345691028136613
0.9540397350993377
0.9373606776638431
0.9611374407582939
0.9177005347593583
0.9182485322896282
0.9466438020578148
0.9322314911366006
0.9183203019681855
0.942734518700184
0.9157417289220918
0.9522024651444736
0.8285404865044985
0.8683021991014425
0.9702553191489361
0.9209343861628125
0.8986550462664085
0.9573409801876955
0.926421248835042
0.9618304732189288
0.9160173160173161
0.9702970297029703
0.8982178500142572
0.937778768956289
0.8991735537190083
0.8479640718562874
0.9352043596730245
0.9307486631016043
0.9482281628846752
0.8861406377759607
0.8284026707755522
0.9010394042817251
0.9113724796604175
0.8991812865497076
0.9559441394127477
0.9727389078498293
0.921781219748306
0.9688191013879087
0.9444381384790012
0.9742817423540315
0.9726465364120781
0.918507972665148
0.9253218884120171
0.8982202616367508
0.9395092183848351
