289.1712466
252.9334696
260.3623953000173
184.75
296.863779
275.81680389999997
278.0043572
300.57616565
291.49537037000005
293.423357
274.2368426
273.19442179999993
289.6156749
271.27584439999697
293.22845644
276.848564
270.2115927
275.30111059999996
265.66474000000005
279.3830967
298.8977273
258.058375
301.9444661
259.8869156
272.75000020000004
280.70750940000005
291.7695204
279.2305742
274.2152751
289.5075036
264.43308260000003
270.1269454
293.5232147
272.26096110000003
263.5873151
277.5983609
253.0090428
278.20359629999996
292.2562901
266.836786399999
260.5874108
274.0089129
253.0025848
290.4425916
272.663462
287.89564199999995
283.7989595
275.9444223
257.41545560000003
271.28432009999995
260.5
275.2499998
304.7857148
250.77912154
288.94197249999996
286.36881850000003
259.2261946
266.79730920000003
268.1519159
267.6058845
277.25
246.0
265.1013372
289.8374863
261.9028161
268.11442982999995
241.52156300000502
276.7070765
267.0666467
288.15246599999995
257.04351429999997
285.14320899999996
252.93155807000002
265.861719
252.5
254.80774190000002
248.5
290.853101
276.3494102
279.5656771999999
239.25
258.87499890000004
283.34350663
254.10363883999997
292.09959118
240.0
253.09784429999996
256.04621779999997
288.25258929999995
295.9390659
262.75
250.66666619999998
257.590908
260.25
287.5058058
289.66304940000003
259.3535134
268.56930409
278.4720086
290.1458764
