16.0
16.0
15.0
14.0
18.0
17.0
14.0
22.0
14.0
16.0
13.0
14.0
18.0
16.0
17.0
18.0
15.0
13.0
20.0
13.0
20.0
18.0
12.0
22.0
19.0
15.0
17.0
18.0
19.0
18.0
11.0
20.0
17.0
17.0
14.0
15.0
21.0
19.0
18.0
16.0
16.0
18.0
23.0
15.0
20.0
17.0
15.0
17.0
13.0
20.0
14.0
19.0
21.0
15.0
12.0
22.0
13.0
13.0
18.0
15.0
18.0
19.0
14.0
16.0
15.0
16.0
18.0
18.0
17.0
18.0
18.0
15.0
18.0
16.0
14.0
12.0
26.0
12.0
17.0
16.0
11.0
17.0
21.0
15.0
16.0
19.0
15.0
16.0
17.0
14.0
15.0
13.0
11.0
12.0
14.0
17.0
14.0
20.0
18.0
15.0
