0.9082674072827246
0.8803426939552594
0.8813763702801461
0.8752070104140208
0.8374623611255322
0.9041880901187249
0.9253783614759225
0.9029686799461987
0.8571367327381852
0.863431942032457
0.907315723719436
0.8240863341534332
0.8942524417731029
0.867686373015161
0.888945346074119
0.9318051355645534
0.8648496501876477
0.8984943666780472
0.9066905258972064
0.9377828621575879
0.9563967171564782
0.9315718157181572
0.9069995196669691
0.8922651260299351
0.8900821155798861
0.8680462247010605
0.9134062736657499
0.9168836805555556
0.9102293208574606
0.8815259057747001
0.9175107107546963
0.8921635268984269
0.8684550023314854
0.8385137592435447
0.8561551389107714
0.8793707461689423
0.8895723930982745
0.9176409073845658
0.9199421345906558
0.8541961295124675
0.9336754938324852
0.8754629389491156
0.8441224805452172
0.8311622948381019
0.9084977555068379
0.8821386497507929
0.8991219512195122
0.9192466348241424
0.8883669780054233
0.8026296633303003
0.863384030418251
0.8926310926310926
0.8409507841009961
0.8483563709474743
0.8773291925465838
0.9109262383070081
0.8412653011010641
0.8603256923555648
0.7862323566404248
0.8724760920134401
0.9091307814992026
0.9182608695652174
0.9135379380441027
0.8694056224899598
0.8272565584704313
0.8679924322945453
0.9091495954553279
0.861512236697918
0.8775623268698061
0.8655497359721804
0.8688150555579955
0.903863278492697
0.8281356633233378
0.8840030309590821
0.8418791946308725
0.8975741177558855
0.8807397841527534
0.9090497737556561
0.8940557110489138
0.8640539097945023
0.9017169735095516
0.8637921187892633
0.9101632946032031
0.9241463167494174
0.9302835681585848
0.8616269796057878
0.9311315690589941
0.8926461737882505
0.8690524983424749
0.8829000884173298
0.851873914122611
0.918365434669443
0.8390086933081744
0.9088886017058672
0.8780194044831047
0.8955671954504639
0.924467736652473
0.8199408110355623
0.9102665636468997
0.8131704866261543
