0.8332015231026846
0.8632769092597384
0.8275843449986353
0.8650155640847411
0.8935737903531134
0.8246344719378107
0.8673167888448001
0.9061263830987681
0.8352777617659601
0.9199086968108309
0.8936637141867485
0.8340297357910946
0.8755561711558132
0.8711450624933612
0.9114180421467871
0.89485819206268
0.9123716938006072
0.8447912963094646
0.9277378014759595
0.8830242693027448
0.9043080149114632
0.8899815138672255
0.9421239184565864
0.9387153010594073
0.9219976898216985
0.94385751445443
0.8779514232333223
0.9469591828778605
0.9235126406620578
0.9332099077758101
0.8905087679832732
0.8876804632135716
0.8095611556739085
0.9168538443003363
0.8968448022381136
0.9075460146175334
0.9004024522758676
0.884450741423423
0.8943492695883134
0.9218081538782725
0.922761006461755
0.9074610383550564
0.8786761328655611
0.9183078153645778
0.908399495134563
0.9127477998044271
0.8721848057332856
0.8785902706241395
0.9165257132371858
0.9380290157248924
0.9251374054238719
0.8930976221249824
0.8189795011388257
0.8028596387554277
0.914106447425357
0.8893549991835902
0.8290553387098968
0.9015014317450396
0.9073950121473549
0.8633988701098045
0.892628200778907
0.8658550418717511
0.8976478856741243
0.9239084012746838
0.8751988105940115
0.8704053793369526
0.863379954059861
0.9647637245766203
0.9182348492431572
0.8551694016010695
0.9560289368945405
0.928937562535221
0.878894572510463
0.8795151683829668
0.8060985530389195
0.8874522080517837
0.8850738316334298
0.9281811738743826
0.8510993454215892
0.960134787936282
0.902401222158105
0.9065674503596752
0.8857506824385806
0.8609650968838174
0.8099027538727475
0.8728227891918308
0.94603170108384
0.8950753216350992
0.838962790927509
0.8200804183132863
0.8575530122327505
0.8398335540003783
0.8624758220502902
0.8351946873586507
0.8725374927444284
0.9200610935905054
0.7990206607343766
0.86980699487265
0.9219405484727973
0.9435120669881242
