19.0
16.0
11.5
18.0
15.0
17.0
21.0
19.5
17.0
16.0
22.5
13.0
14.0
16.0
21.0
19.0
20.0
16.0
14.0
18.0
15.0
19.0
11.0
16.0
17.0
17.0
18.0
24.0
23.0
18.0
19.0
18.0
13.5
16.0
16.0
24.0
20.0
20.0
14.0
18.0
23.0
17.0
16.0
15.0
17.0
15.0
19.0
18.0
16.5
12.0
12.0
18.0
16.5
14.0
16.0
17.5
12.5
15.0
19.0
17.0
17.0
14.0
17.0
12.0
17.0
16.5
17.0
16.5
17.0
12.0
17.0
13.0
16.0
19.5
18.0
21.0
20.0
17.0
15.0
15.0
15.0
17.5
21.0
17.0
23.0
15.0
19.0
19.0
15.0
22.0
18.0
18.5
11.5
21.0
15.0
19.0
24.0
12.0
14.0
20.0
