0.9025382184093401
0.8432116788321168
0.9117794117647059
0.8967013478363679
0.9125764424355225
0.8743681415929203
0.8990497558400422
0.9232522796352584
0.8633700201519144
0.9528006728343146
0.8898251393816523
0.8741007194244604
0.872794952681388
0.9096960486322189
0.9085128920580788
0.9480808080808081
0.8958720451605315
0.8672768068020784
0.9455029585798816
0.8805959086866291
0.9461735381298841
0.9212028930338789
0.9351045873771776
0.9359585186773139
0.9439337045189693
0.9340996289074784
0.8954583683767872
0.9499629335451416
0.9482470721571591
0.9583831626309869
0.9014795144157814
0.9398225845121074
0.8596444756494542
0.88796711509716
0.9239366712557061
0.9042816164684047
0.9079378238341969
0.9521045247281655
0.9354500350536591
0.9360568784561561
0.9001801956409816
0.9026842362127867
0.9000738942256941
0.9483874375044011
0.9302740058195926
0.9277605338713432
0.9000584291776862
0.8967900491523724
0.8959752729185848
0.9448968512486428
0.9318911208843457
0.9503398181972644
0.8376360591682948
0.7733460076045627
0.9001136363636364
0.905414201183432
0.8887641578982642
0.9372343440068008
0.8928434657730971
0.8888261851015802
0.9310071836974051
0.9354006073347348
0.9011558627264061
0.9251825227451421
0.908651439299124
0.9176508344030809
0.8394032233149683
0.9620812369615904
0.9633567268926385
0.924160027710426
0.9492430074416217
0.9417515274949083
0.8757956346786977
0.8921492038881269
0.8510539096648859
0.9248566619325653
0.8792268435825465
0.9365090403337969
0.9040695652173913
0.9342414786365818
0.9288166409861325
0.91209453197405
0.8703330830660023
0.8793305851778833
0.8352175012645422
0.8899938706711615
0.944518227402087
0.9119277108433735
0.8972356074055288
0.8753237410071942
0.8486113777436488
0.8694533762057878
0.9091166055786792
0.8717603344170924
0.8913115709705626
0.9332835820895522
0.8741174284652545
0.8396509762708114
0.9474500809498111
0.9593106764988778
