0.7839361464612636
0.9344166529537601
0.8996960804862713
0.9199211797609967
0.8205490602338316
0.8315165876777251
0.8975728155339806
0.9258354755784062
0.9588371158867243
0.8555674102812804
0.8518977020014826
0.7826903843406201
0.9168993740972556
0.808617795187465
0.7828130738156445
0.7874399704469893
0.873248582403512
0.7167270630868061
0.8489828000739782
0.7100352371164294
0.8921965317919075
0.8200553250345781
0.7844345898004434
0.8305343511450382
0.8009266123054114
0.9249890013198416
0.8087823875377523
0.8790600040958427
0.817741935483871
0.8231511254019293
0.8242597217267214
0.7794945939150113
0.7909448818897638
0.8310273261847112
0.7947403241812768
0.8929133858267716
0.9038099506947557
0.8601212237829517
0.8624672228843862
0.784874224109768
0.8243561898852001
0.8509269356597601
0.8955242436800663
0.9044531844709465
0.8688143828960155
0.9072742133224356
0.8705800849806022
0.832520325203252
0.8549916185509406
0.6475849056603774
0.86464953797611
0.834304932735426
0.8438405164892689
0.809143261264902
0.8934254714544045
0.804712802768166
0.9028661275831087
0.8542417199302731
0.9019137091162144
0.7984597612629958
0.7938970440378041
0.8258338209479228
0.8136062265782646
0.801701244813278
0.8701982651796778
0.8681614349775785
0.8970679277730008
0.7281800391389432
0.7822876817138485
0.9105341246290801
0.8490471653168176
0.7743634461109173
0.8511564513464398
0.8937943262411348
0.8117580766341097
0.8131799163179916
0.9364685763146644
0.8223616922361692
0.8421875
0.8069468267581476
0.8155616438356165
0.8439408396946565
0.8515839493136219
0.897788289440041
0.8351746931067044
0.6913768246530907
0.7993013507219376
0.8769893899204244
0.7832972504871184
0.909224740521076
0.8559644459212494
0.8510170154508117
0.9806998939554613
0.8875239923224568
0.87181927469445
0.9044927536231884
0.7668639053254438
0.9035943183786592
0.8426767032406226
0.8242564879712067
