0.8777257525083612
0.8811035345906522
0.852595296025953
0.8531983820830681
0.8390004096681688
0.9015044601251497
0.9289121338912134
0.9085614396444252
0.8836065214533023
0.8753506792335944
0.9029186548187091
0.8531033991306207
0.885038866169263
0.8400499821492324
0.9122073821362465
0.907240383865179
0.8847980953095123
0.8914122963034178
0.8837045635928318
0.9158957106812448
0.9312836225850213
0.8969952734638758
0.8952325309651787
0.854480634894391
0.8601302405885223
0.8389051617522619
0.8958621126671313
0.937633648057374
0.91508568516277
0.9217561547479484
0.9026073337018611
0.8781742660247334
0.8650829187396352
0.8469648900169204
0.8565962019209684
0.8984903733955659
0.8894175306981846
0.921252270292926
0.9031166039763568
0.8784313725490196
0.941099990789918
0.8555912368493637
0.834687612856627
0.8588436964313542
0.8566302652106085
0.8724287614646783
0.9156812551610239
0.8993811726465808
0.8795536105032823
0.8253011357118275
0.8579267703603517
0.892116885028706
0.8336316420295645
0.8551168562564633
0.8737201365187713
0.8130903790087464
0.8496508921644685
0.8640203415851084
0.8273199896022875
0.9076014630919491
0.8861679301959663
0.8772601984564499
0.9001907049018223
0.8625904434415073
0.8272510572856594
0.8916984213391399
0.8773460651959171
0.8755726825090987
0.8824115640150835
0.8666364753833214
0.8453006606696278
0.9114534258263159
0.8248973895912002
0.8729283240074607
0.8720812865890586
0.8766258716379678
0.9076741593906743
0.931463514064411
0.8498022988505747
0.8660702779329009
0.9072625041170658
0.8407922119964852
0.8859942036290323
0.9065498121329296
0.9294154888607509
0.9033454422573287
0.9144927211646137
0.9049662487945999
0.9027788351732013
0.9205217859064013
0.8770338107190314
0.9214124884403522
0.8457121060661862
0.9124972847730071
0.880210983091426
0.9045413240038166
0.8950895632028028
0.8260491923045702
0.8784561156150864
0.889863455338517
