109.33333369999897
98.944445
82.541667000002
87.285714099999
122.0
119.5
84.630435000002
80.625
82.86666691
86.0
85.33333379999999
132.0
65.5
105.0
77.16666663000001
103.50000013000299
86.62037076000006
103.41666693000202
110.16666667000102
86.6
80.50000000000001
107.923077110001
68.5
84.0
92.5
76.33333329999999
79.5
108.85810799
83.5
100.5
98.5
84.299999999995
94.249999999995
113.83333400000001
76.333333330001
68.5
80.255555200001
80.999999999999
89.75
86.0
90.0
85.5
89.333333300001
67.49999986
94.69999999999999
99.83333329
98.24999940000001
88.11111107999997
90.5
97.31250000000199
88.25000012000001
128.87499999998994
106.5
84.4285712
78.20833300000099
103.3333337
97.0
68.5
91.0
106.0
85.125
81.549999999993
134.75
91.75
75.5
81.350000000003
82.25
83.0
98.124999999992
78.5
93.75
96.79166709999998
101.25
80.0
84.0
78.0
88.0
83.75
102.0625001
108.7
77.750000000001
80.25925862
81.1666664
81.1666668
84.0
96.74999999999133
80.25
66.00000016
81.5
88.1875
95.20000000000101
89.4166673
60.894737079999985
83.5
80.0000004
94.16666699999999
132.1666666
85.25
81.166667
107.250000000002
