0.9482467019957154
0.9207723372034327
0.9081220657276995
0.8817319337908761
0.8856004511351935
0.8728630882509871
0.8357357357357358
0.8265106506303435
0.8929267638379683
0.8735006663705019
0.9232601727603629
0.897776581884099
0.9049136468438683
0.882496740547588
0.8950266585088716
0.8797949281332967
0.8401357535668962
0.8421760391198044
0.9146341463414634
0.8916484934799056
0.8917077906318259
0.8758654699674524
0.858692628650904
0.8359429366736256
0.932995536694227
0.9266815687868319
0.8516290455352887
0.9219644393461428
0.8573367260390161
0.8743232157506152
0.833498042140593
0.8459787108219988
0.9484808362369338
0.8243705110212168
0.9209140271493212
0.8779133370368788
0.8888372636002801
0.919537778297201
0.8740343803056028
0.9353800413650465
0.9274095905687431
0.9049367557800121
0.9521583775953646
0.8311924864813585
0.9096534653465347
0.8817782164005025
0.889130624726955
0.8772433913889135
0.8797396926217886
0.8909100473435034
0.8787385344738741
0.9026681004747799
0.8866205851718587
0.8480632064084275
0.7871697737015253
0.876015103425632
0.8779721970383801
0.9287101985290992
0.855313408053134
0.7930907947158734
0.878739553129797
0.8188333333333333
0.9246486696661668
0.9288990825688074
0.9324271844660195
0.8694574834877249
0.8991054545454545
0.8727861849250598
0.8908600707030027
0.907826680979799
0.8866387759980875
0.923946669744892
0.9160707111289674
0.8531200533200033
0.8739366357430421
0.9220726482061776
0.8654545059340086
0.9188590388526169
0.8847774733062459
0.8984320749517773
0.8589942721502658
0.8544210238160416
0.8375365462604923
0.8278778106243841
0.8882231331943315
0.9032255436996008
0.8566886973981427
0.8761925262614086
0.8549444480540576
0.8595465393794749
0.8956422329877304
0.9292333079461792
0.9019600758739048
0.8911116162764264
0.8617177097203729
0.877281860652032
0.822897384305835
0.8941774491682071
0.9160370084811102
0.9217578781797472
