0.8872146493677122
0.8881783290095597
0.9277598905300438
0.9086320040383644
0.8953061370293635
0.8859857674268155
0.8123582615635287
0.9584279108869272
0.8941279640802582
0.9037271805273833
0.8943998415423214
0.8995372750642674
0.8100247142415817
0.8770629054155982
0.8735476820430231
0.9392658799028115
0.8596651547491996
0.9040543386689133
0.8573485438086266
0.841964118272176
0.8901322482197355
0.8973861866020426
0.8934199361590367
0.9081998386539126
0.9354708174538603
0.9011291460832745
0.886654344631007
0.8778801190307496
0.9061290322580645
0.8743004084102254
0.8180276791536845
0.935431701591166
0.9236119585112874
0.8999589288647938
0.8852631578947369
0.8293510822328172
0.8864132259147365
0.903535735281767
0.9015493610540952
0.8697252698767538
0.8802649341883226
0.883443629214022
0.9370787440407694
0.9005963749054088
0.9280868208994021
0.8881617269145109
0.9028335620140535
0.8484980701459977
0.8347306791569087
0.925971940500338
0.9128309198449929
0.8822005302482526
0.9051073043367509
0.8605343145096784
0.8789088964164735
0.893629038956724
0.8938144329896908
0.8201440964564035
0.9001673512855621
0.870861830800849
0.8610236220472441
0.8823608916973846
0.8697500217751067
0.8804473665404131
0.8666922985922157
0.8588772083515842
0.9007367716008038
0.9115131324087704
0.8864320889594917
0.9144127169470835
0.8866899302093719
0.8834019638897688
0.9045520196427712
0.8695611505183568
0.8523841731484613
0.8653488372093023
0.9539976153413042
0.8276414869331152
0.8842458949336761
0.8086562608662056
0.876860481290861
0.8849906018501456
0.9173315999024945
0.8819129679241184
0.8830611584946845
0.9007899146253889
0.8755623299231856
0.816534558115416
0.923987432339949
0.840779620526485
0.858755590202273
0.8565019594479468
0.8049744417541028
0.8149157139423903
0.9107881508767891
0.9017177410723841
0.892551947467842
0.9147714523542398
0.9028640233938248
0.9001956905079351
