0.8760747256230437
0.8871474117699154
0.9256915566805279
0.9074944955682267
0.9233510439583247
0.8958178880334569
0.8206378986866791
0.9408879710893133
0.8785082379676974
0.8521511307225593
0.8889688038546759
0.920456179153995
0.8232629323538414
0.8493486651656481
0.8387516752824048
0.9414611895949538
0.8489217498459642
0.8920933182030572
0.8763591871475689
0.8531046220727556
0.8689633782107247
0.9162179351282594
0.9181179922456251
0.9084889204728988
0.9338152961117674
0.8641922569936045
0.8903123420032583
0.8728691107524402
0.9152512028644959
0.8552304568527919
0.8746599177475483
0.9435531182247162
0.8832392725969721
0.9070253103647388
0.9016949152542373
0.85076157269349
0.9070722945666816
0.9162842698813922
0.8880438285530132
0.8857864293659622
0.8793364212118348
0.90565145684442
0.9319890897615076
0.8832531544077309
0.9170136072812471
0.886144405024451
0.9069298148353476
0.8704605492698001
0.7955499751142482
0.9054250991297184
0.9145280556763811
0.8932895089884626
0.9049054184033344
0.8303246811974315
0.878414442700157
0.9002194357366771
0.892632241813602
0.8212094060055072
0.902067703568161
0.8750084918478261
0.8285963834606672
0.8389127616225227
0.8662959711247683
0.8756191219351924
0.8955627269060105
0.8521692354981777
0.8883380147331602
0.9082340574632095
0.9196474529188284
0.8985253340055458
0.8482947830491305
0.8899001338412437
0.9046140613728428
0.8657140932968168
0.8396865061335756
0.8954647313470843
0.948335100325912
0.8145594889539526
0.8913328072881174
0.8179472304585106
0.9043319719953326
0.8582923103038533
0.914943919067517
0.8589313371192566
0.8794181465197282
0.897765887305371
0.8787278415015641
0.8471336313959265
0.8875471698113208
0.8244155844155844
0.9072318993822694
0.8333699602738568
0.780737895716946
0.8163845278725825
0.9099277978339351
0.8989651249288934
0.8738070206179546
0.8876042198400544
0.8883318213351833
0.8721712464384025
