(166,244,10,1) (242,95,1,1) (22,191,10,1) (94,188,8,1) (164,221,12,1) (10,245,8,1) (34,38,9,1) (83,12,10,1) (276,173,4,1) (194,77,5,1) (183,184,4,1) (120,65,3,1) (129,76,5,1) (93,64,13,1) (114,127,10,1) (227,28,20,1) (216,99,12,1) (202,114,11,1) (98,196,12,1) (264,215,20,1) 
(236,147,7,1) (132,195,9,1) (61,264,8,1) (237,279,19,1) (181,129,7,1) (200,157,8,1) (119,234,7,1) (231,169,11,1) (79,75,7,1) (105,298,11,1) (142,7,22,1) (212,47,12,1) (276,151,20,1) (3,20,15,1) (283,82,13,1) (112,147,14,1) (60,20,13,1) (24,196,15,1) (93,289,6,1) (44,51,9,1) 
(109,122,11,1) (72,184,11,1) (163,110,9,1) (94,123,13,1) (276,222,11,1) (268,5,15,1) (142,20,19,1) (2,257,17,1) (155,166,15,1) (226,21,23,1) (296,202,9,1) (126,118,9,1) (173,172,7,1) (295,149,2,1) (127,228,7,1) (146,105,8,1) (22,284,7,1) (103,107,13,1) (98,143,18,1) (105,102,9,1) 
(12,72,15,1) (111,227,16,1) (181,113,10,1) (70,87,8,1) (273,51,11,1) (53,183,3,1) (83,230,8,1) (220,155,6,1) (129,298,16,1) (214,1,8,1) (226,108,3,1) (46,10,10,1) (206,264,10,1) (144,255,6,1) (58,265,18,1) (258,292,11,1) (220,296,7,1) (44,231,11,1) (73,126,6,1) (86,282,9,1) 
(82,117,9,1) (233,298,14,1) (187,5,9,1) (1,282,20,1) (126,247,3,1) (26,99,14,1) (156,50,13,1) (144,95,7,1) (246,105,5,1) (132,114,8,1) (156,101,11,1) (143,148,9,1) (212,171,4,1) (234,92,12,1) (207,218,11,1) (208,119,11,1) (9,39,1,1) (167,131,12,1) (123,136,9,1) (158,56,11,1) 
(222,286,15,1) (2,193,12,1) (284,261,3,1) (52,167,3,1) (272,299,10,1) (175,119,12,1) (85,23,7,1) (30,42,3,1) (176,93,16,1) (113,94,12,1) (184,202,6,1) (14,289,5,1) (25,257,7,1) (211,177,4,1) (295,67,5,1) (108,171,10,1) (189,232,14,1) (116,0,9,1) (289,143,10,1) (3,48,10,1) 
(11,44,6,1) (50,107,11,1) (294,126,7,1) (111,148,14,1) (121,51,9,1) (8,105,8,1) (181,70,10,1) (202,206,15,1) (251,52,3,1) (37,258,12,1) (220,288,10,1) (226,182,9,1) (2,61,1,1) (184,294,7,1) (173,281,15,1) (194,31,9,1) (95,192,2,1) (175,78,3,1) (119,197,10,1) (134,251,11,1) 
(81,167,9,1) (239,13,7,1) (13,229,11,1) (66,259,7,1) (170,244,6,1) (60,194,10,1) (24,166,11,1) (139,94,9,1) (71,240,8,1) (102,51,7,1) (199,209,10,1) (275,215,1,1) (77,86,19,1) (38,204,19,1) (81,228,8,1) (116,272,9,1) (279,228,1,1) (134,234,22,1) (91,186,11,1) (212,279,6,1) 
(78,63,9,1) (172,193,2,1) (102,10,2,1) (86,229,16,1) (109,286,17,1) (176,28,16,1) (198,271,8,1) (192,89,7,1) (269,267,5,1) (34,43,7,1) (200,121,10,1) (254,55,10,1) (142,153,10,1) (65,45,4,1) (46,246,9,1) (217,146,16,1) (19,71,7,1) (270,26,14,1) (223,116,11,1) (208,154,16,1) 
(222,193,6,1) (291,119,8,1) (215,270,11,1) (40,63,15,1) (6,93,11,1) (73,128,10,1) (27,268,7,1) (173,266,14,1) (186,57,13,1) (229,231,8,1) (138,281,21,1) (181,216,4,1) (128,107,9,1) (240,203,15,1) (226,56,18,1) (187,149,14,1) (243,167,16,1) (8,267,12,1) (135,142,13,1) (166,298,10,1) 
(227,207,20,1) (192,189,10,1) (106,203,8,1) (158,38,12,1) (26,48,13,1) (147,34,7,1) (99,164,6,1) (288,176,13,1) (201,219,9,1) (270,158,5,1) (196,286,9,1) (216,141,8,1) (273,14,7,1) (253,14,11,1) (111,15,10,1) (38,257,13,1) (213,128,5,1) (156,114,9,1) (34,285,8,1) (249,211,10,1) 
(285,60,13,1) (149,253,16,1) (161,184,2,1) (16,12,12,1) (255,0,13,1) (236,220,6,1) (194,277,10,1) (56,233,14,1) (109,49,10,1) (61,26,14,1) (165,176,6,1) (122,99,11,1) (118,165,15,1) (135,246,14,1) (142,149,8,1) (97,260,7,1) (85,123,8,1) (158,296,19,1) (238,277,16,1) (95,212,8,1) 
(19,217,9,1) (39,78,7,1) (220,244,7,1) (278,101,17,1) (76,150,5,1) (61,198,14,1) (15,147,7,1) (88,242,4,1) (235,287,8,1) (237,136,13,1) (41,282,13,1) (188,81,6,1) (165,251,9,1) (67,206,16,1) (265,69,3,1) (211,182,12,1) (156,120,15,1) (211,229,15,1) (132,164,13,1) (9,78,10,1) 
(146,63,7,1) (73,74,13,1) (115,50,16,1) (233,174,4,1) (171,23,19,1) (116,196,6,1) (168,52,5,1) (169,91,8,1) (110,161,10,1) (134,56,15,1) (163,14,1,1) (77,81,12,1) (153,54,4,1) (260,170,11,1) (35,81,6,1) (118,6,1,1) (118,283,5,1) (177,294,7,1) (249,174,7,1) (178,217,14,1) 
(240,108,9,1) (287,128,15,1) (214,132,9,1) (216,81,14,1) (276,25,14,1) (148,220,4,1) (172,181,9,1) (167,181,17,1) (265,54,16,1) (255,153,3,1) (253,93,6,1) (276,200,12,1) (275,19,7,1) (93,257,8,1) (120,36,20,1) (15,24,18,1) (232,69,11,1) (64,10,10,1) (189,249,12,1) (283,45,14,1) 
(201,50,8,1) (62,259,14,1) (266,6,7,1) (86,9,9,1) (43,223,11,1) (127,268,11,1) (183,275,1,1) (43,89,9,1) (251,117,5,1) (156,155,9,1) (39,223,12,1) (75,143,14,1) (253,216,13,1) (126,270,12,1) (237,205,12,1) (274,245,6,1) (166,290,8,1) (165,109,6,1) (37,243,8,1) (150,262,8,1) 
(213,114,5,1) (217,208,6,1) (145,257,13,1) (217,26,19,1) (290,263,13,1) (207,74,13,1) (110,256,5,1) (66,254,9,1) (16,204,12,1) (137,220,3,1) (269,65,13,1) (245,56,13,1) (28,257,13,1) (139,292,16,1) (82,103,23,1) (222,48,2,1) (124,23,16,1) (261,70,13,1) (154,192,5,1) (159,293,7,1) 
(259,95,3,1) (272,296,10,1) (216,66,9,1) (186,160,5,1) (142,64,2,1) (225,174,8,1) (9,242,2,1) (134,77,6,1) (124,160,6,1) (95,144,11,1) (274,172,4,1) (200,287,24,1) (175,66,13,1) (6,110,14,1) (127,141,10,1) (257,27,9,1) (194,34,7,1) (179,142,7,1) (174,199,2,1) (45,145,18,1) 
(211,35,16,1) (283,191,15,1) (258,9,4,1) (124,61,19,1) (85,189,15,1) (96,181,11,1) (267,69,12,1) (224,78,5,1) (111,46,10,1) (159,15,7,1) (154,240,9,1) (205,163,7,1) (166,206,5,1) (289,18,12,1) (222,234,18,1) (257,86,13,1) (50,130,11,1) (36,231,14,1) (276,102,3,1) (230,257,10,1) 
(61,120,3,1) (197,215,8,1) (125,115,11,1) (287,42,13,1) (145,139,14,1) (225,184,8,1) (87,253,17,1) (131,15,14,1) (181,211,17,1) (36,131,3,1) (166,28,5,1) (28,188,17,1) (17,54,13,1) (236,292,14,1) (4,134,7,1) (255,6,9,1) (98,82,14,1) (236,120,5,1) (109,13,14,1) (30,13,4,1) 
(220,132,13,1) (157,286,9,1) (273,262,10,1) (109,297,12,1) (37,270,12,1) (267,238,9,1) (144,152,15,1) (24,4,7,1) (118,178,23,1) (230,119,15,1) (203,186,9,1) (183,5,7,1) (35,276,12,1) (11,192,22,1) (117,149,6,1) (83,206,22,1) (79,274,14,1) (55,98,10,1) (135,138,14,1) (132,102,16,1) 
(89,68,7,1) (10,269,8,1) (171,34,4,1) (185,163,13,1) (167,190,16,1) (55,228,12,1) (176,17,12,1) (198,134,8,1) (128,133,9,1) (294,184,13,1) (163,46,6,1) (255,265,5,1) (194,144,18,1) (13,244,1,1) (275,152,17,1) (2,81,12,1) (176,215,15,1) (12,171,9,1) (127,126,5,1) (71,156,8,1) 
(88,145,1,1) (187,226,14,1) (288,17,13,1) (235,231,3,1) (3,33,13,1) (109,208,4,1) (26,2,5,1) (293,92,8,1) (81,209,11,1) (124,198,5,1) (14,150,17,1) (137,221,3,1) (143,174,3,1) (71,166,8,1) (213,249,9,1) (60,249,7,1) (219,280,11,1) (179,201,14,1) (122,120,14,1) (7,284,9,1) 
(69,5,5,1) (101,215,8,1) (92,291,12,1) (136,283,10,1) (91,165,6,1) (121,210,3,1) (214,33,14,1) (292,123,2,1) (138,172,10,1) (57,43,1,1) (95,115,12,1) (167,76,5,1) (78,234,5,1) (173,286,9,1) (147,99,7,1) (122,10,13,1) (30,85,3,1) (280,19,2,1) (13,296,15,1) (289,35,12,1) 
(39,22,11,1) (146,48,13,1) (112,211,9,1) (94,21,13,1) (197,91,7,1) (112,187,15,1) (67,115,14,1) (251,137,15,1) (70,206,1,1) (125,152,10,1) (138,245,8,1) (28,211,5,1) (150,287,6,1) (29,59,17,1) (173,286,6,1) (115,68,21,1) (292,203,11,1) (245,102,4,1) (120,293,11,1) (264,96,14,1) 
(83,43,11,1) (49,140,11,1) (171,268,20,1) (270,155,17,1) (282,131,6,1) (187,74,6,1) (74,25,15,1) (268,283,13,1) (193,89,11,1) (84,86,11,1) (35,154,8,1) (213,53,14,1) (145,79,16,1) (57,155,8,1) (164,271,16,1) (175,49,12,1) (154,276,14,1) (267,279,9,1) (37,275,5,1) (135,38,12,1) 
(206,223,10,1) (155,77,16,1) (203,222,21,1) (32,171,7,1) (148,86,10,1) (167,274,9,1) (249,43,5,1) (126,18,13,1) (266,124,5,1) (215,284,8,1) (56,160,2,1) (226,118,7,1) (117,193,5,1) (208,148,2,1) (182,87,11,1) (86,283,13,1) (222,101,15,1) (281,68,8,1) (129,71,13,1) (257,267,20,1) 
(11,202,3,1) (171,38,10,1) (58,189,16,1) (260,127,1,1) (295,39,13,1) (181,85,13,1) (168,220,3,1) (173,218,18,1) (258,114,11,1) (100,223,11,1) (110,279,4,1) (70,17,11,1) (86,106,9,1) (225,126,8,1) (182,185,17,1) (257,156,9,1) (33,127,10,1) (224,125,14,1) (88,6,16,1) (138,190,5,1) 
(111,24,8,1) (299,166,13,1) (21,162,3,1) (16,136,9,1) (288,98,4,1) (98,214,6,1) (280,88,16,1) (2,222,13,1) (166,232,11,1) (166,267,12,1) (92,11,10,1) (120,92,14,1) (71,204,11,1) (12,260,7,1) (105,166,6,1) (47,83,4,1) (250,44,15,1) (270,128,12,1) (186,297,14,1) (183,235,9,1) 
(73,95,6,1) (43,212,11,1) (233,15,11,1) (269,259,8,1) (71,283,9,1) (282,122,13,1) (184,221,21,1) (272,50,18,1) (67,27,22,1) (217,163,6,1) (253,88,10,1) (257,52,18,1) (23,100,15,1) (216,173,1,1) (278,181,16,1) (16,17,10,1) (216,5,10,1) (9,69,4,1) (12,79,14,1) (80,143,11,1) 
(219,188,13,1) (15,91,10,1) (35,21,13,1) (169,279,1,1) (110,151,8,1) (21,20,7,1) (238,201,4,1) (82,135,5,1) (42,10,12,1) (81,143,12,1) (289,147,1,1) (89,190,13,1) (66,75,9,1) (281,12,26,1) (274,80,16,1) (9,186,21,1) (146,224,20,1) (149,257,6,1) (262,101,6,1) (270,134,4,1) 
(104,13,14,1) (53,96,18,1) (235,285,13,1) (277,196,5,1) (156,47,15,1) (214,47,8,1) (246,163,4,1) (246,95,5,1) (150,49,6,1) (9,136,5,1) (198,185,16,1) (47,92,23,1) (112,249,5,1) (225,241,10,1) (55,10,7,1) (98,206,17,1) (84,44,2,1) (143,192,2,1) (102,27,14,1) (169,296,8,1) 
(225,174,16,1) (285,169,8,1) (196,84,12,1) (171,18,11,1) (141,282,14,1) (62,147,7,1) (23,3,10,1) (297,48,7,1) (235,70,5,1) (207,159,14,1) (61,124,9,1) (275,20,15,1) (224,219,9,1) (113,140,7,1) (210,233,4,1) (141,77,14,1) (87,208,15,1) (297,124,18,1) (292,252,4,1) (217,99,10,1) 
(180,118,13,1) (14,248,13,1) (213,187,15,1) (271,144,15,1) (97,213,3,1) (201,248,17,1) (121,108,5,1) (228,263,17,1) (128,92,21,1) (148,53,8,1) (144,217,11,1) (226,62,8,1) (161,191,8,1) (45,250,14,1) (24,287,14,1) (247,144,2,1) (53,64,12,1) (237,210,7,1) (55,258,13,1) (214,275,12,1) 
(88,50,8,1) (33,243,15,1) (9,266,9,1) (230,240,2,1) (96,296,11,1) (226,268,12,1) (233,166,5,1) (9,196,25,1) (36,298,11,1) (63,216,13,1) (46,69,3,1) (285,7,6,1) (135,189,12,1) (88,281,5,1) (158,67,8,1) (280,295,15,1) (14,292,9,1) (126,104,17,1) (173,22,12,1) (170,242,11,1) 
(276,96,8,1) (138,123,10,1) (69,235,9,1) (182,253,3,1) (124,277,8,1) (53,57,8,1) (56,124,14,1) (159,52,9,1) (29,113,9,1) (266,193,9,1) (106,142,9,1) (19,224,13,1) (196,255,17,1) (230,239,3,1) (63,7,10,1) (268,144,17,1) (143,95,4,1) (144,113,10,1) (252,246,9,1) (261,68,9,1) 
(280,199,6,1) (145,220,14,1) (204,141,7,1) (124,161,21,1) (96,4,11,1) (272,196,1,1) (271,10,10,1) (45,270,15,1) (206,214,5,1) (180,297,6,1) (275,291,14,1) (102,103,9,1) (114,21,9,1) (6,54,7,1) (178,47,16,1) (44,131,16,1) (138,288,18,1) (296,132,10,1) (81,253,8,1) (172,70,6,1) 
(236,61,1,1) (133,150,13,1) (92,45,8,1) (27,165,15,1) (26,43,9,1) (31,195,7,1) (203,194,6,1) (53,93,16,1) (178,105,13,1) (34,3,19,1) (83,190,9,1) (13,285,20,1) (271,211,17,1) (24,83,12,1) (56,58,12,1) (23,71,12,1) (190,245,8,1) (124,66,9,1) (103,211,10,1) (287,46,11,1) 
(262,176,9,1) (220,44,12,1) (91,97,13,1) (115,149,8,1) (242,205,12,1) (120,157,13,1) (260,170,17,1) (174,115,14,1) (265,59,1,1) (261,152,14,1) (241,216,4,1) (79,152,5,1) (151,47,17,1) (291,210,7,1) (100,220,18,1) (202,15,10,1) (249,174,21,1) (245,296,15,1) (106,46,8,1) (241,13,5,1) 
(69,299,13,1) (201,294,5,1) (186,129,15,1) (57,177,8,1) (161,68,10,1) (59,252,7,1) (230,116,13,1) (71,139,14,1) (30,250,5,1) (196,211,18,1) (203,68,9,1) (178,12,14,1) (249,174,11,1) (23,168,18,1) (124,103,6,1) (137,147,8,1) (52,41,18,1) (17,274,9,1) (264,299,14,1) (34,294,12,1) 
(62,261,18,1) (45,239,16,1) (80,200,10,1) (203,190,15,1) (193,179,11,1) (237,42,14,1) (243,281,13,1) (194,80,11,1) (33,177,9,1) (287,86,14,1) (60,11,11,1) (191,253,12,1) (56,157,14,1) (283,10,6,1) (218,115,6,1) (129,246,17,1) (70,213,9,1) (105,127,4,1) (144,101,3,1) (89,54,5,1) 
(46,41,13,1) (25,276,15,1) (40,188,14,1) (165,286,9,1) (64,123,13,1) (193,75,4,1) (0,75,9,1) (147,171,6,1) (204,166,11,1) (223,243,9,1) (83,290,9,1) (66,7,7,1) (297,205,11,1) (209,173,24,1) (193,210,9,1) (101,31,1,1) (113,90,16,1) (199,268,22,1) (0,50,20,1) (268,94,10,1) 
(254,37,4,1) (133,244,13,1) (65,186,11,1) (52,20,6,1) (100,276,4,1) (38,253,6,1) (11,110,12,1) (85,239,10,1) (252,34,3,1) (7,228,13,1) (207,79,17,1) (69,242,15,1) (266,105,9,1) (128,60,12,1) (92,183,10,1) (286,241,15,1) (40,187,11,1) (223,69,13,1) (128,14,2,1) (293,121,21,1) 
(145,57,10,1) (268,114,10,1) (167,16,14,1) (280,188,15,1) (113,92,4,1) (219,94,4,1) (18,109,15,1) (80,104,12,1) (7,51,10,1) (48,124,6,1) (71,136,17,1) (230,19,7,1) (168,157,4,1) (69,122,9,1) (87,285,17,1) (227,180,15,1) (298,16,10,1) (2,151,12,1) (285,32,2,1) (66,134,12,1) 
(98,120,8,1) (298,5,10,1) (52,74,8,1) (114,134,13,1) (240,63,11,1) (261,166,15,1) (186,180,6,1) (254,122,13,1) (26,95,13,1) (111,277,10,1) (264,270,9,1) (113,133,13,1) (184,7,19,1) (225,35,9,1) (151,9,13,1) (128,140,12,1) (128,269,12,1) (117,67,4,1) (229,220,14,1) (71,208,4,1) 
(154,114,3,1) (277,42,14,1) (172,228,7,1) (81,181,13,1) (16,169,17,1) (192,156,9,1) (143,107,13,1) (31,62,6,1) (90,27,12,1) (255,174,4,1) (200,261,15,1) (98,127,17,1) (256,217,6,1) (284,42,3,1) (106,182,3,1) (200,6,6,1) (1,252,13,1) (256,141,6,1) (163,59,7,1) (62,63,15,1) 
(191,257,11,1) (256,270,4,1) (62,115,9,1) (264,53,6,1) (87,206,10,1) (116,103,11,1) (101,220,20,1) (228,81,19,1) (75,178,9,1) (103,188,2,1) (63,254,9,1) (193,82,17,1) (155,58,5,1) (284,266,16,1) (227,108,10,1) (63,267,12,1) (148,211,13,1) (175,49,8,1) (56,229,19,1) (189,268,20,1) 
(242,189,12,1) (24,183,20,1) (166,257,7,1) (19,145,10,1) (151,120,12,1) (287,215,12,1) (231,230,3,1) (293,217,6,1) (134,124,10,1) (248,28,11,1) (58,202,13,1) (94,133,17,1) (190,62,1,1) (86,49,12,1) (62,243,6,1) (20,120,15,1) (121,55,14,1) (180,215,6,1) (257,209,12,1) (57,123,14,1) 
(39,169,12,1) (76,17,12,1) (298,81,11,1) (177,183,4,1) (218,133,1,1) (213,175,9,1) (143,21,15,1) (27,49,8,1) (33,118,6,1) (88,37,8,1) (21,186,6,1) (218,19,5,1) (251,33,4,1) (244,182,4,1) (176,14,7,1) (125,202,10,1) (154,168,8,1) (213,35,12,1) (286,224,10,1) (210,202,5,1) 
(260,35,10,1) (13,226,6,1) (23,90,16,1) (45,89,15,1) (136,163,6,1) (5,104,14,1) (59,291,12,1) (205,242,16,1) (4,28,14,1) (141,20,16,1) (101,273,14,1) (100,246,12,1) (299,79,13,1) (98,16,1,1) (291,147,12,1) (299,204,10,1) (103,40,10,1) (31,298,6,1) (133,175,6,1) (266,239,1,1) 
(121,141,16,1) (157,221,8,1) (253,31,6,1) (136,68,12,1) (66,68,12,1) (117,89,10,1) (123,15,16,1) (11,97,2,1) (162,272,8,1) (263,238,14,1) (238,116,12,1) (16,92,2,1) (236,189,12,1) (54,112,7,1) (188,32,7,1) (266,222,12,1) (87,82,14,1) (88,23,1,1) (234,260,9,1) (241,170,9,1) 
(97,85,6,1) (70,111,10,1) (269,169,19,1) (241,78,13,1) (45,124,11,1) (24,86,9,1) (227,61,16,1) (116,126,11,1) (97,38,10,1) (206,169,13,1) (19,99,9,1) (292,114,12,1) (272,98,18,1) (20,170,22,1) (238,105,17,1) (193,40,6,1) (215,73,10,1) (216,164,6,1) (21,113,8,1) (65,27,16,1) 
(3,28,20,1) (76,117,12,1) (293,132,7,1) (274,94,4,1) (38,4,9,1) (117,72,15,1) (10,135,10,1) (128,156,13,1) (119,168,14,1) (270,114,9,1) (157,214,13,1) (44,255,4,1) (26,219,11,1) (271,153,9,1) (199,41,15,1) (262,63,13,1) (178,16,15,1) (275,157,3,1) (109,222,17,1) (196,274,11,1) 
(239,27,4,1) (290,135,8,1) (143,196,6,1) (101,151,15,1) (80,47,12,1) (293,217,11,1) (87,256,9,1) (262,261,2,1) (125,281,7,1) (73,224,7,1) (54,267,8,1) (208,50,5,1) (26,57,18,1) (113,194,16,1) (205,47,8,1) (259,42,11,1) (266,141,17,1) (118,7,2,1) (7,20,11,1) (240,96,5,1) 
(170,287,2,1) (121,78,11,1) (68,108,14,1) (112,230,5,1) (172,239,9,1) (299,286,12,1) (209,202,14,1) (191,92,10,1) (204,206,15,1) (244,117,8,1) (109,284,6,1) (17,170,12,1) (163,189,5,1) (208,163,3,1) (142,229,9,1) (144,203,11,1) (208,186,12,1) (95,78,6,1) (202,84,11,1) (53,196,12,1) 
(267,119,17,1) (87,54,10,1) (285,47,11,1) (71,12,11,1) (103,114,12,1) (61,164,8,1) (86,91,7,1) (28,99,15,1) (129,132,14,1) (6,40,9,1) (170,126,11,1) (228,270,12,1) (84,196,17,1) (131,60,5,1) (80,112,14,1) (212,280,17,1) (157,190,11,1) (149,98,8,1) (72,100,19,1) (113,10,14,1) 
(34,136,6,1) (251,25,11,1) (278,23,8,1) (160,217,10,1) (282,293,6,1) (96,95,14,1) (107,75,7,1) (137,132,15,1) (153,269,8,1) (20,179,8,1) (252,7,13,1) (164,36,9,1) (67,255,9,1) (279,135,11,1) (177,258,12,1) (296,197,12,1) (72,282,3,1) (268,32,7,1) (160,218,8,1) (217,282,13,1) 
(286,40,16,1) (117,70,8,1) (101,252,18,1) (28,263,10,1) (101,8,16,1) (169,48,12,1) (99,97,9,1) (87,234,13,1) (44,96,10,1) (257,42,10,1) (123,222,14,1) (149,59,13,1) (23,27,17,1) (7,138,10,1) (176,295,7,1) (20,109,8,1) (16,172,10,1) (250,203,12,1) (92,281,7,1) (151,110,2,1) 
(266,46,6,1) (226,9,11,1) (196,141,16,1) (24,157,9,1) (144,223,16,1) (232,104,6,1) (71,107,8,1) (122,267,4,1) (31,62,11,1) (187,257,4,1) (284,166,12,1) (170,52,9,1) (17,24,8,1) (284,183,9,1) (233,115,22,1) (20,45,12,1) (287,246,10,1) (90,15,5,1) (92,159,10,1) (198,142,17,1) 
(185,93,9,1) (191,12,15,1) (8,13,13,1) (181,233,15,1) (42,195,7,1) (58,68,13,1) (114,147,9,1) (36,12,2,1) (210,4,5,1) (256,265,21,1) (190,173,10,1) (90,147,3,1) (194,109,6,1) (12,223,8,1) (43,238,13,1) (41,40,9,1) (33,199,9,1) (268,56,7,1) (45,5,12,1) (172,222,10,1) 
(88,152,14,1) (170,3,15,1) (260,296,11,1) (145,237,19,1) (210,209,11,1) (74,108,9,1) (133,52,15,1) (158,290,6,1) (49,191,6,1) (66,180,10,1) (209,282,17,1) (188,46,9,1) (137,139,15,1) (117,166,5,1) (137,131,6,1) (91,277,10,1) (187,33,6,1) (166,6,5,1) (2,11,17,1) (230,28,12,1) 
(211,286,19,1) (113,192,9,1) (291,176,3,1) (225,223,9,1) (190,101,13,1) (118,138,3,1) (218,122,6,1) (175,62,9,1) (173,163,20,1) (129,18,13,1) (186,182,10,1) (62,177,8,1) (17,274,7,1) (93,126,18,1) (137,15,1,1) (57,252,5,1) (69,107,5,1) (113,171,5,1) (236,251,2,1) (123,71,16,1) 
(16,236,4,1) (121,298,5,1) (290,119,4,1) (92,229,5,1) (234,190,15,1) (71,219,4,1) (75,35,19,1) (253,112,9,1) (25,137,11,1) (37,227,12,1) (294,124,20,1) (221,150,6,1) (279,212,19,1) (296,127,6,1) (72,242,17,1) (31,162,1,1) (252,124,4,1) (250,212,4,1) (180,6,7,1) (75,277,5,1) 
(170,214,15,1) (101,126,10,1) (129,7,4,1) (89,204,11,1) (194,72,11,1) (167,183,3,1) (211,176,11,1) (146,25,6,1) (284,269,12,1) (70,268,9,1) (289,160,5,1) (109,22,4,1) (145,158,19,1) (214,224,17,1) (292,158,12,1) (156,277,14,1) (178,109,6,1) (94,257,20,1) (230,89,13,1) (280,68,9,1) 
(25,149,6,1) (95,280,13,1) (34,188,1,1) (238,274,8,1) (22,96,2,1) (13,213,12,1) (45,62,23,1) (225,128,11,1) (59,260,14,1) (180,25,13,1) (94,282,11,1) (29,105,15,1) (95,11,11,1) (191,202,13,1) (289,141,15,1) (2,172,9,1) (228,149,8,1) (299,80,10,1) (201,3,11,1) (24,21,14,1) 
(44,251,15,1) (26,32,16,1) (70,168,14,1) (257,266,16,1) (104,297,8,1) (205,289,15,1) (148,116,4,1) (218,132,9,1) (254,210,6,1) (231,111,13,1) (43,73,5,1) (79,178,19,1) (264,296,5,1) (121,76,15,1) (55,87,13,1) (207,9,9,1) (242,97,6,1) (240,87,3,1) (268,11,8,1) (87,132,9,1) 
(195,59,15,1) (142,234,8,1) (228,11,6,1) (279,88,14,1) (70,221,5,1) (63,130,8,1) (160,249,9,1) (133,98,22,1) (5,95,3,1) (37,223,10,1) (283,66,8,1) (229,68,9,1) (214,6,12,1) (79,163,15,1) (253,151,13,1) (31,143,5,1) (294,285,14,1) (198,16,23,1) (43,296,6,1) (246,14,5,1) 
(235,54,7,1) (176,269,13,1) (17,24,6,1) (116,164,1,1) (21,3,13,1) (66,11,5,1) (17,65,21,1) (275,66,8,1) (112,157,9,1) (168,26,8,1) (163,56,14,1) (41,147,5,1) (40,74,4,1) (214,40,14,1) (217,152,3,1) (208,201,12,1) (263,1,8,1) (170,163,10,1) (190,88,14,1) (119,250,12,1) 
(257,197,14,1) (173,103,8,1) (5,172,6,1) (110,65,15,1) (247,137,13,1) (147,243,10,1) (269,185,20,1) (170,40,15,1) (74,291,9,1) (265,243,17,1) (162,288,11,1) (150,161,11,1) (245,216,6,1) (193,298,8,1) (259,137,13,1) (251,130,9,1) (158,15,8,1) (19,114,15,1) (251,61,7,1) (95,183,9,1) 
(284,28,12,1) (34,269,8,1) (14,289,11,1) (12,39,9,1) (5,243,9,1) (263,30,8,1) (176,282,16,1) (92,256,8,1) (153,143,9,1) (64,200,17,1) (265,137,16,1) (183,165,14,1) (76,268,4,1) (178,272,14,1) (262,129,1,1) (268,164,7,1) (56,291,19,1) (112,235,8,1) (228,153,5,1) (286,237,4,1) 
(64,238,14,1) (249,81,10,1) (224,66,8,1) (84,269,6,1) (77,287,3,1) (164,119,17,1) (193,239,12,1) (176,250,18,1) (101,46,9,1) (49,187,9,1) (152,194,7,1) (168,232,8,1) (217,212,6,1) (245,54,4,1) (93,3,7,1) (102,267,14,1) (152,284,12,1) (206,223,6,1) (103,85,7,1) (93,119,7,1) 
(76,195,14,1) (217,17,8,1) (167,80,13,1) (115,92,14,1) (202,3,4,1) (69,32,17,1) (233,4,12,1) (118,230,16,1) (163,61,13,1) (123,26,18,1) (19,173,5,1) (169,192,10,1) (217,53,12,1) (0,62,10,1) (166,43,6,1) (159,145,6,1) (213,72,14,1) (278,64,7,1) (23,109,10,1) (141,50,9,1) 
(196,227,12,1) (34,97,20,1) (248,117,4,1) (284,43,14,1) (289,207,8,1) (183,4,10,1) (272,11,9,1) (83,24,4,1) (140,158,15,1) (65,135,7,1) (233,151,6,1) (149,93,7,1) (204,2,4,1) (130,152,15,1) (116,55,6,1) (156,78,9,1) (155,113,10,1) (198,199,6,1) (293,191,10,1) (216,271,19,1) 
(197,154,9,1) (271,26,2,1) (138,11,3,1) (181,142,6,1) (288,147,7,1) (275,87,13,1) (94,126,10,1) (53,16,12,1) (225,10,5,1) (61,294,4,1) (193,124,18,1) (108,81,18,1) (22,141,2,1) (153,32,17,1) (297,2,13,1) (160,171,10,1) (256,298,3,1) (13,151,8,1) (106,261,9,1) (160,293,10,1) 
(162,279,6,1) (87,293,21,1) (30,294,7,1) (17,246,12,1) (116,222,2,1) (209,62,20,1) (174,139,6,1) (175,234,2,1) (171,290,9,1) (3,92,6,1) (245,91,14,1) (287,167,15,1) (100,169,15,1) (79,49,12,1) (130,149,6,1) (118,215,11,1) (250,188,15,1) (217,25,7,1) (103,205,17,1) (28,82,5,1) 
(257,102,10,1) (279,60,12,1) (203,100,14,1) (191,67,10,1) (43,111,14,1) (253,264,7,1) (236,127,7,1) (258,133,13,1) (194,20,13,1) (145,128,4,1) (189,179,5,1) (205,29,10,1) (266,147,4,1) (82,173,4,1) (115,199,13,1) (264,241,10,1) (182,289,6,1) (111,202,5,1) (224,266,10,1) (182,293,4,1) 
(201,20,8,1) (42,120,8,1) (98,179,5,1) (245,150,17,1) (238,27,11,1) (108,255,8,1) (182,145,14,1) (81,229,19,1) (247,143,3,1) (235,107,16,1) (142,161,5,1) (80,15,11,1) (171,115,14,1) (206,138,15,1) (252,29,10,1) (102,229,9,1) (14,290,5,1) (203,233,11,1) (269,256,12,1) (284,45,2,1) 
(31,29,5,1) (111,85,10,1) (177,70,5,1) (100,167,6,1) (37,166,6,1) (147,154,5,1) (35,156,9,1) (224,286,13,1) (37,67,9,1) (213,194,13,1) (272,192,9,1) (146,30,9,1) (231,188,6,1) (200,219,13,1) (276,246,9,1) (62,180,9,1) (97,14,16,1) (150,292,11,1) (192,133,9,1) (72,174,17,1) 
(286,134,9,1) (290,282,8,1) (87,123,16,1) (3,143,12,1) (224,43,10,1) (269,165,16,1) (150,177,6,1) (135,10,11,1) (190,151,12,1) (193,118,5,1) (49,170,3,1) (251,78,16,1) (13,10,4,1) (159,136,18,1) (169,62,2,1) (236,41,10,1) (71,232,17,1) (214,32,14,1) (62,204,8,1) (128,264,12,1) 
(101,229,2,1) (183,205,13,1) (96,217,5,1) (256,13,7,1) (129,17,5,1) (52,73,5,1) (12,267,16,1) (141,2,9,1) (207,72,11,1) (232,123,13,1) (133,42,17,1) (261,289,11,1) (38,185,15,1) (37,9,1,1) (117,244,13,1) (31,171,11,1) (259,93,6,1) (25,86,12,1) (159,216,7,1) (37,60,2,1) 
(187,248,10,1) (114,68,8,1) (7,149,8,1) (47,107,10,1) (197,157,10,1) (82,112,12,1) (240,29,3,1) (95,254,5,1) (291,203,16,1) (79,31,5,1) (98,255,12,1) (154,209,18,1) (30,158,19,1) (166,125,6,1) (128,11,6,1) (118,133,11,1) (292,226,8,1) (212,60,9,1) (26,160,5,1) (245,73,10,1) 
(173,277,8,1) (214,153,7,1) (203,119,1,1) (164,121,9,1) (23,143,10,1) (249,2,10,1) (49,245,13,1) (127,245,10,1) (159,209,9,1) (29,142,3,1) (258,255,13,1) (63,115,4,1) (68,8,18,1) (177,255,2,1) (198,159,6,1) (204,38,9,1) (245,86,10,1) (274,278,9,1) (284,73,9,1) (256,297,17,1) 
(197,210,9,1) (188,30,13,1) (113,298,11,1) (101,230,17,1) (9,54,13,1) (208,177,14,1) (77,91,7,1) (172,220,15,1) (125,48,11,1) (48,229,16,1) (149,160,10,1) (216,266,4,1) (98,214,11,1) (157,28,12,1) (289,167,5,1) (10,198,3,1) (70,85,17,1) (77,110,10,1) (168,48,10,1) (6,180,11,1) 
(115,30,15,1) (280,244,13,1) (272,273,15,1) (161,37,9,1) (75,246,15,1) (33,66,4,1) (233,136,16,1) (83,118,10,1) (265,274,4,1) (65,214,3,1) (291,299,3,1) (85,260,11,1) (78,91,11,1) (222,268,21,1) (6,200,4,1) (7,169,13,1) (34,196,7,1) (128,25,9,1) (189,294,14,1) (287,180,3,1) 
(270,154,20,1) (37,69,8,1) (23,106,10,1) (20,202,13,1) (79,215,19,1) (95,288,12,1) (195,252,15,1) (83,207,12,1) (151,17,13,1) (79,263,11,1) (240,136,11,1) (265,256,11,1) (218,76,4,1) (221,149,14,1) (242,148,17,1) (90,150,1,1) (220,177,8,1) (101,73,8,1) (212,173,14,1) (166,280,15,1) 
(233,72,3,1) (19,158,18,1) (172,141,14,1) (29,175,11,1) (236,220,9,1) (54,174,5,1) (155,214,2,1) (166,75,19,1) (198,57,5,1) (87,171,13,1) (112,107,14,1) (284,212,5,1) (142,215,9,1) (277,125,13,1) (69,281,7,1) (92,109,13,1) (92,257,11,1) (146,251,12,1) (71,286,14,1) (299,222,15,1) 
(34,86,9,1) (257,91,20,1) (178,141,11,1) (28,134,5,1) (274,85,13,1) (292,293,5,1) (26,162,11,1) (143,197,9,1) (37,195,11,1) (155,282,2,1) (41,182,11,1) (46,122,9,1) (131,223,11,1) (265,36,14,1) (255,1,9,1) (202,117,2,1) (97,149,18,1) (161,6,1,1) (278,187,10,1) (150,96,9,1) 
(70,291,19,1) (212,223,11,1) (92,189,14,1) (216,218,9,1) (141,276,10,1) (177,187,13,1) (287,12,6,1) (276,6,12,1) (110,184,2,1) (293,276,15,1) (69,62,16,1) (232,177,18,1) (275,173,16,1) (159,37,18,1) (252,46,12,1) (283,230,3,1) (94,65,8,1) (249,155,21,1) (160,293,14,1) (10,96,18,1) 
(57,0,12,1) (44,168,9,1) (140,66,5,1) (36,279,11,1) (138,35,12,1) (276,67,4,1) (295,224,5,1) (263,35,2,1) (34,297,5,1) (148,98,9,1) (119,98,9,1) (284,10,14,1) (222,265,16,1) (236,131,3,1) (10,146,15,1) (16,170,1,1) (137,75,15,1) (75,55,6,1) (202,144,9,1) (82,126,12,1) 
(149,296,15,1) (275,209,14,1) (299,259,13,1) (259,8,18,1) (20,89,7,1) (149,111,11,1) (166,161,15,1) (70,228,13,1) (59,160,8,1) (69,215,13,1) (270,289,8,1) (126,291,16,1) (59,11,14,1) (161,294,13,1) (293,113,12,1) (233,192,15,1) (172,102,9,1) (151,72,13,1) (155,157,13,1) (226,233,5,1) 
(159,224,10,1) (136,188,5,1) (226,26,10,1) (41,273,6,1) (168,92,15,1) (262,49,18,1) (55,275,11,1) (289,74,15,1) (146,174,11,1) (35,206,12,1) (87,56,10,1) (104,27,15,1) (101,290,17,1) (184,251,15,1) (47,274,13,1) (207,298,12,1) (64,157,12,1) (93,234,15,1) (86,190,17,1) (104,96,4,1) 
(285,280,18,1) (244,234,15,1) (93,173,2,1) (243,282,1,1) (179,94,12,1) (11,168,13,1) (233,275,8,1) (227,242,9,1) (160,56,7,1) (274,192,10,1) (193,77,6,1) (277,82,14,1) (219,122,7,1) (18,240,6,1) (188,44,14,1) (228,45,9,1) (134,223,1,1) (236,64,9,1) (23,81,8,1) (16,246,12,1) 
(85,42,5,1) (195,227,9,1) (10,269,15,1) (209,219,10,1) (159,57,16,1) (69,50,13,1) (96,7,9,1) (35,175,6,1) (91,53,11,1) (237,277,11,1) (137,207,9,1) (263,251,14,1) (237,287,5,1) (27,20,6,1) (270,78,10,1) (292,81,7,1) (280,204,4,1) (182,267,11,1) (275,35,11,1) (248,44,10,1) 
(236,1,17,1) (230,257,19,1) (64,14,8,1) (170,5,7,1) (193,132,11,1) (256,21,12,1) (261,20,7,1) (138,29,1,1) (170,152,18,1) (77,73,13,1) (71,275,11,1) (236,152,5,1) (131,176,15,1) (13,145,10,1) (224,38,9,1) (36,234,13,1) (16,108,6,1) (249,79,3,1) (241,95,14,1) (257,168,9,1) 
(216,66,2,1) (226,202,9,1) (0,178,12,1) (77,70,14,1) (214,227,17,1) (110,217,15,1) (121,291,2,1) (203,17,7,1) (111,63,13,1) (102,150,11,1) (240,140,9,1) (188,289,4,1) (98,168,3,1) (3,146,10,1) (102,111,17,1) (11,194,7,1) (267,151,17,1) (147,278,14,1) (244,215,3,1) (180,233,7,1) 
(176,165,17,1) (89,85,7,1) (187,196,1,1) (49,9,5,1) (169,193,10,1) (101,26,14,1) (225,57,10,1) (269,276,20,1) (168,274,13,1) (131,25,13,1) (61,261,9,1) (282,164,3,1) (277,268,9,1) (78,286,7,1) (189,97,17,1) (52,3,11,1) (235,268,16,1) (47,160,8,1) (87,231,9,1) (173,24,5,1) 
(191,73,8,1) (268,171,9,1) (2,240,3,1) (294,231,20,1) (271,26,7,1) (122,291,15,1) (46,123,19,1) (196,100,7,1) (41,73,5,1) (153,157,11,1) (65,82,12,1) (216,92,3,1) (207,277,12,1) (79,208,10,1) (63,97,3,1) (258,178,10,1) (12,117,11,1) (236,96,3,1) (154,6,10,1) (264,120,22,1) 
(20,56,5,1) (126,165,12,1) (133,2,11,1) (298,7,19,1) (179,237,15,1) (2,16,12,1) (280,153,14,1) (222,289,13,1) (55,18,9,1) (20,221,13,1) (187,130,7,1) (181,15,2,1) (283,144,5,1) (120,157,6,1) (80,183,15,1) (259,73,10,1) (78,31,6,1) (87,22,12,1) (205,154,12,1) (180,85,13,1) 
(101,199,10,1) (97,180,14,1) (199,71,16,1) (161,47,19,1) (257,249,12,1) (20,188,8,1) (153,127,17,1) (94,162,4,1) (270,32,4,1) (168,281,15,1) (253,111,20,1) (164,84,10,1) (58,90,6,1) (243,257,8,1) (79,38,16,1) (204,191,14,1) (130,135,13,1) (119,203,14,1) (26,265,9,1) (54,154,14,1) 
(275,297,10,1) (276,115,18,1) (186,281,6,1) (246,1,8,1) (180,62,5,1) (259,7,12,1) (167,297,12,1) (84,104,15,1) (249,76,7,1) (90,66,13,1) (90,100,14,1) (162,226,16,1) (134,214,12,1) (97,286,10,1) (195,124,14,1) (237,115,6,1) (288,26,7,1) (134,150,10,1) (155,189,11,1) (180,39,14,1) 