(241,115,13,1) (30,60,3,1) (134,28,3,1) (239,230,10,1) (106,137,13,1) (182,248,9,1) (132,156,5,1) (42,62,7,1) (46,40,14,1) (79,188,11,1) (64,204,11,1) (67,45,8,1) (130,29,11,1) (238,1,13,1) (234,23,10,1) (94,227,20,1) (201,223,8,1) (37,12,21,1) (136,33,12,1) (64,146,20,1) 
(168,143,10,1) (31,190,4,1) (227,37,18,1) (242,176,5,1) (166,230,6,1) (137,102,18,1) (74,196,7,1) (228,154,10,1) (148,185,3,1) (8,161,21,1) (119,199,12,1) (77,22,13,1) (54,220,11,1) (67,212,12,1) (38,57,11,1) (202,39,14,1) (84,196,12,1) (145,32,9,1) (219,81,8,1) (160,186,12,1) 
(51,248,21,1) (55,4,5,1) (131,134,15,1) (50,115,15,1) (69,185,9,1) (197,196,5,1) (39,166,9,1) (139,154,9,1) (233,54,10,1) (106,37,16,1) (231,171,16,1) (249,122,9,1) (71,20,15,1) (53,17,15,1) (20,248,5,1) (173,108,14,1) (71,207,11,1) (158,235,13,1) (128,246,10,1) (49,206,19,1) 
(53,153,8,1) (222,190,7,1) (177,189,9,1) (3,195,11,1) (38,144,4,1) (12,81,11,1) (29,220,5,1) (103,101,2,1) (66,43,15,1) (191,187,13,1) (225,94,3,1) (1,179,6,1) (118,173,16,1) (185,182,10,1) (239,84,18,1) (151,179,3,1) (13,148,9,1) (128,191,6,1) (127,132,8,1) (47,247,14,1) 
(234,51,12,1) (239,207,10,1) (79,6,5,1) (170,174,11,1) (247,62,8,1) (107,145,12,1) (32,85,6,1) (2,86,2,1) (96,134,14,1) (97,66,11,1) (127,103,10,1) (111,87,10,1) (173,117,9,1) (75,171,15,1) (38,247,12,1) (102,94,6,1) (112,83,12,1) (103,149,15,1) (50,180,12,1) (155,44,2,1) 
(77,105,14,1) (133,112,14,1) (202,219,10,1) (90,139,14,1) (120,76,17,1) (53,21,8,1) (11,64,12,1) (205,3,9,1) (80,3,15,1) (43,178,13,1) (226,38,7,1) (155,48,9,1) (44,48,8,1) (112,145,10,1) (187,163,5,1) (210,52,13,1) (62,127,11,1) (57,23,11,1) (46,82,12,1) (217,171,19,1) 
(227,123,6,1) (103,32,5,1) (154,166,1,1) (170,200,5,1) (40,87,8,1) (234,160,3,1) (104,177,10,1) (235,204,13,1) (160,43,3,1) (6,49,6,1) (15,41,18,1) (89,13,4,1) (140,39,20,1) (220,4,1,1) (30,62,3,1) (63,85,7,1) (83,21,12,1) (18,231,10,1) (152,142,6,1) (143,132,22,1) 
(143,106,3,1) (98,93,16,1) (74,199,11,1) (21,184,17,1) (27,2,11,1) (118,209,19,1) (244,38,11,1) (245,232,1,1) (186,154,10,1) (209,96,14,1) (87,51,6,1) (120,178,7,1) (129,27,13,1) (88,144,10,1) (120,84,7,1) (193,103,10,1) (7,6,9,1) (206,13,10,1) (156,248,13,1) (25,115,10,1) 
(120,14,4,1) (119,87,13,1) (126,197,7,1) (49,226,16,1) (178,231,16,1) (118,138,14,1) (134,238,6,1) (37,228,12,1) (160,136,5,1) (241,103,8,1) (28,221,9,1) (117,167,2,1) (110,134,4,1) (93,65,7,1) (172,42,7,1) (222,130,17,1) (85,186,17,1) (29,182,12,1) (80,53,13,1) (106,128,14,1) 
(189,156,8,1) (209,72,1,1) (129,165,17,1) (27,0,16,1) (36,151,12,1) (184,228,11,1) (74,213,2,1) (38,19,7,1) (66,120,10,1) (130,57,12,1) (183,8,11,1) (172,224,11,1) (151,31,7,1) (34,17,7,1) (154,215,12,1) (155,46,10,1) (17,230,6,1) (126,241,7,1) (127,202,6,1) (163,65,11,1) 
(32,224,9,1) (152,168,9,1) (191,230,6,1) (1,210,3,1) (2,8,8,1) (198,66,19,1) (197,130,10,1) (222,99,2,1) (241,171,11,1) (204,44,7,1) (71,188,17,1) (64,159,10,1) (239,52,8,1) (106,102,10,1) (233,20,9,1) (23,53,11,1) (56,22,12,1) (208,45,13,1) (109,219,17,1) (160,215,14,1) 
(109,136,17,1) (193,208,13,1) (4,54,16,1) (8,107,1,1) (213,160,7,1) (45,167,14,1) (206,69,10,1) (23,60,13,1) (30,154,10,1) (98,131,18,1) (147,242,12,1) (19,134,6,1) (138,165,9,1) (20,90,7,1) (58,191,11,1) (184,106,14,1) (195,32,13,1) (28,106,5,1) (96,119,5,1) (231,117,19,1) 
(142,191,14,1) (195,15,6,1) (243,9,10,1) (88,89,1,1) (172,33,8,1) (47,226,11,1) (227,243,13,1) (166,147,7,1) (241,204,18,1) (201,49,14,1) (217,164,11,1) (57,69,6,1) (242,159,10,1) (106,164,9,1) (248,39,6,1) (142,190,12,1) (88,22,9,1) (175,65,7,1) (194,56,24,1) (203,87,17,1) 
(201,235,12,1) (196,220,14,1) (185,78,19,1) (97,39,8,1) (112,246,8,1) (192,73,20,1) (59,29,11,1) (103,231,6,1) (247,154,17,1) (104,219,4,1) (216,186,14,1) (200,133,12,1) (50,212,12,1) (42,190,4,1) (71,87,20,1) (0,222,9,1) (231,15,15,1) (151,228,9,1) (42,214,13,1) (110,49,14,1) 
(188,184,3,1) (218,17,11,1) (67,96,7,1) (115,161,11,1) (238,214,11,1) (75,29,9,1) (138,139,9,1) (107,92,5,1) (110,18,6,1) (212,36,9,1) (243,224,5,1) (181,158,18,1) (119,137,16,1) (216,23,13,1) (153,34,10,1) (67,61,5,1) (5,207,11,1) (166,34,17,1) (245,150,10,1) (49,162,8,1) 
(145,67,17,1) (198,35,12,1) (207,62,17,1) (231,143,5,1) (232,73,9,1) (243,233,11,1) (90,201,5,1) (59,6,2,1) (168,144,7,1) (193,60,13,1) (130,149,5,1) (166,77,9,1) (210,68,8,1) (2,230,8,1) (25,78,17,1) (132,58,8,1) (27,57,11,1) (137,80,9,1) (173,118,9,1) (228,27,17,1) 
(199,238,21,1) (24,53,11,1) (1,180,13,1) (127,228,11,1) (127,193,4,1) (22,196,13,1) (129,51,13,1) (103,139,12,1) (181,222,13,1) (87,220,16,1) (124,234,12,1) (3,76,7,1) (155,192,13,1) (93,228,6,1) (92,175,9,1) (5,246,6,1) (214,40,11,1) (143,136,15,1) (101,84,8,1) (186,40,5,1) 
(18,180,11,1) (25,41,17,1) (209,31,4,1) (217,226,12,1) (118,7,8,1) (83,30,16,1) (169,166,7,1) (65,138,8,1) (84,99,10,1) (84,13,8,1) (57,37,14,1) (41,15,12,1) (224,87,8,1) (4,157,3,1) (148,143,11,1) (122,20,7,1) (238,239,5,1) (138,2,2,1) (190,223,1,1) (187,122,13,1) 
(79,85,20,1) (166,89,10,1) (154,172,7,1) (69,7,14,1) (192,145,10,1) (110,17,13,1) (70,143,13,1) (63,190,10,1) (211,121,5,1) (90,71,21,1) (37,162,7,1) (180,206,10,1) (56,29,8,1) (219,54,17,1) (201,10,8,1) (32,17,7,1) (72,125,2,1) (66,173,7,1) (216,139,8,1) (245,186,6,1) 
(111,225,3,1) (89,34,1,1) (194,239,8,1) (81,152,15,1) (92,53,14,1) (201,109,7,1) (5,148,13,1) (85,109,13,1) (42,131,9,1) (175,249,10,1) (195,144,5,1) (18,222,6,1) (8,120,14,1) (209,38,13,1) (234,11,16,1) (1,184,14,1) (75,47,3,1) (9,86,3,1) (88,235,9,1) (4,125,15,1) 
(223,233,10,1) (23,19,9,1) (80,18,8,1) (91,238,14,1) (29,167,10,1) (154,68,7,1) (116,38,8,1) (66,69,10,1) (239,130,11,1) (189,8,8,1) (220,225,11,1) (153,32,23,1) (204,22,9,1) (241,43,12,1) (40,146,14,1) (147,66,6,1) (71,119,10,1) (150,112,11,1) (112,2,17,1) (131,186,5,1) 
(108,89,17,1) (7,116,9,1) (178,135,12,1) (35,142,17,1) (77,194,8,1) (247,153,16,1) (124,158,7,1) (52,218,11,1) (65,30,10,1) (129,100,15,1) (13,222,9,1) (245,30,14,1) (104,18,12,1) (43,16,9,1) (108,33,12,1) (202,55,12,1) (139,149,7,1) (91,173,7,1) (13,162,14,1) (72,236,7,1) 
(201,148,11,1) (102,87,5,1) (82,176,6,1) (69,235,13,1) (33,242,6,1) (165,168,12,1) (213,75,13,1) (237,137,16,1) (20,85,16,1) (173,1,6,1) (238,81,10,1) (92,45,7,1) (138,11,9,1) (113,75,7,1) (68,78,15,1) (133,131,16,1) (220,180,17,1) (117,20,2,1) (211,163,10,1) (205,243,9,1) 
(110,36,21,1) (59,137,13,1) (236,182,3,1) (4,242,12,1) (18,51,8,1) (161,170,12,1) (184,245,7,1) (13,187,11,1) (226,163,15,1) (133,112,8,1) (215,80,12,1) (201,242,10,1) (200,59,3,1) (201,79,13,1) (165,82,8,1) (1,176,8,1) (181,69,9,1) (113,177,16,1) (23,197,6,1) (130,138,9,1) 
(200,209,2,1) (80,38,12,1) (229,101,3,1) (203,20,15,1) (191,67,14,1) (5,68,4,1) (29,42,9,1) (113,96,11,1) (24,33,5,1) (152,151,11,1) (140,122,9,1) (205,173,16,1) (73,109,5,1) (114,124,11,1) (79,235,11,1) (186,181,15,1) (61,157,8,1) (92,223,16,1) (129,126,8,1) (242,59,8,1) 
(27,98,6,1) (155,54,10,1) (109,30,14,1) (6,62,14,1) (202,40,1,1) (92,111,12,1) (145,30,10,1) (213,196,15,1) (26,146,7,1) (233,176,9,1) (10,73,19,1) (59,65,4,1) (96,189,9,1) (123,12,10,1) (151,132,12,1) (11,106,9,1) (34,167,6,1) (249,58,14,1) (122,175,10,1) (16,89,4,1) 
(93,23,13,1) (109,160,2,1) (3,139,6,1) (147,133,15,1) (107,3,6,1) (87,202,10,1) (96,241,13,1) (210,203,11,1) (124,7,6,1) (75,80,16,1) (81,20,7,1) (101,99,10,1) (59,217,14,1) (50,168,13,1) (187,85,12,1) (33,243,14,1) (242,96,17,1) (90,209,15,1) (144,118,15,1) (35,18,16,1) 
(188,162,20,1) (3,29,4,1) (249,52,3,1) (15,186,6,1) (16,139,13,1) (224,129,14,1) (182,158,1,1) (4,226,3,1) (142,73,17,1) (248,51,11,1) (117,213,15,1) (23,27,6,1) (107,133,17,1) (65,246,12,1) (43,168,11,1) (97,8,11,1) (5,83,11,1) (76,210,9,1) (154,228,11,1) (145,71,14,1) 
(27,237,18,1) (243,33,8,1) (16,77,5,1) (38,113,10,1) (237,228,12,1) (223,186,10,1) (159,163,10,1) (243,59,10,1) (227,208,12,1) (79,19,12,1) (209,107,6,1) (86,56,12,1) (19,232,14,1) (167,78,11,1) (5,146,12,1) (153,174,3,1) (94,32,10,1) (228,69,11,1) (78,56,10,1) (215,77,8,1) 
(108,199,1,1) (106,149,6,1) (126,206,10,1) (88,138,7,1) (198,236,9,1) (103,98,16,1) (200,132,19,1) (206,146,7,1) (44,176,11,1) (64,190,12,1) (157,125,7,1) (230,63,4,1) (76,243,11,1) (131,154,5,1) (45,7,6,1) (58,176,13,1) (74,159,4,1) (196,163,5,1) (227,8,8,1) (217,82,7,1) 
(56,44,19,1) (180,153,6,1) (109,193,5,1) (192,188,6,1) (158,36,3,1) (183,104,11,1) (170,78,9,1) (20,189,2,1) (202,32,7,1) (153,48,6,1) (212,84,12,1) (4,131,14,1) (187,109,16,1) (58,57,9,1) (19,109,16,1) (49,111,8,1) (210,200,13,1) (157,177,12,1) (25,114,9,1) (192,151,15,1) 
(54,124,14,1) (163,63,16,1) (199,10,15,1) (122,109,15,1) (114,3,8,1) (196,137,9,1) (7,107,9,1) (204,128,13,1) (64,63,4,1) (37,81,14,1) (206,78,18,1) (77,0,14,1) (216,195,17,1) (36,98,8,1) (112,6,11,1) (222,185,7,1) (148,104,13,1) (25,211,8,1) (137,215,6,1) (9,244,10,1) 
(6,10,2,1) (177,47,8,1) (27,211,4,1) (155,144,13,1) (11,82,14,1) (162,83,9,1) (24,200,7,1) (65,29,17,1) (23,148,14,1) (123,104,7,1) (147,31,14,1) (213,34,5,1) (69,79,16,1) (211,56,22,1) (159,197,8,1) (86,52,11,1) (220,55,15,1) (68,57,17,1) (167,56,16,1) (19,218,6,1) 
(153,183,7,1) (9,101,14,1) (67,238,11,1) (203,61,7,1) (45,225,13,1) (80,234,11,1) (79,115,4,1) (2,201,7,1) (184,79,7,1) (44,218,18,1) (230,98,5,1) (21,25,17,1) (119,166,12,1) (54,159,6,1) (231,104,19,1) (134,52,10,1) (112,59,7,1) (3,217,6,1) (7,17,8,1) (56,9,13,1) 
(84,172,8,1) (75,80,10,1) (11,7,5,1) (67,164,18,1) (224,236,14,1) (219,213,11,1) (164,236,1,1) (149,211,7,1) (96,230,4,1) (231,187,9,1) (9,31,16,1) (107,132,18,1) (157,128,9,1) (157,195,6,1) (123,145,4,1) (22,187,9,1) (112,46,19,1) (49,79,10,1) (9,113,5,1) (110,127,12,1) 
(224,99,5,1) (60,105,13,1) (17,214,15,1) (188,238,11,1) (105,197,10,1) (219,27,7,1) (53,104,9,1) (27,138,5,1) (221,237,8,1) (65,31,14,1) (102,42,1,1) (84,207,12,1) (69,72,7,1) (186,174,9,1) (72,52,13,1) (53,228,7,1) (144,201,11,1) (225,97,13,1) (132,221,6,1) (68,216,7,1) 
(92,51,16,1) (29,35,10,1) (113,93,7,1) (241,203,6,1) (129,226,13,1) (154,119,10,1) (103,167,17,1) (32,190,9,1) (234,84,12,1) (171,225,23,1) (80,154,24,1) (108,5,9,1) (217,112,8,1) (148,76,7,1) (216,108,9,1) (157,213,12,1) (213,244,11,1) (7,109,11,1) (111,82,9,1) (51,145,12,1) 
(26,204,16,1) (169,179,1,1) (108,185,13,1) (238,109,14,1) (193,157,12,1) (203,107,6,1) (175,188,9,1) (121,91,7,1) (55,245,3,1) (146,96,12,1) (126,40,13,1) (236,91,16,1) (172,237,14,1) (172,25,9,1) (111,228,5,1) (182,237,7,1) (11,153,15,1) (191,11,2,1) (113,100,7,1) (36,219,14,1) 
(8,44,9,1) (26,31,7,1) (156,151,17,1) (165,126,14,1) (153,39,13,1) (46,174,6,1) (224,197,15,1) (226,164,10,1) (19,162,7,1) (134,27,15,1) (237,149,8,1) (245,10,6,1) (112,204,15,1) (170,245,9,1) (94,179,7,1) (234,22,11,1) (119,47,12,1) (147,164,13,1) (102,212,4,1) (73,58,11,1) 
(222,155,9,1) (35,75,6,1) (243,36,14,1) (2,99,7,1) (70,141,4,1) (217,226,7,1) (225,153,7,1) (38,236,9,1) (196,214,9,1) (105,114,9,1) (156,31,7,1) (160,135,10,1) (242,146,13,1) (84,185,12,1) (4,43,6,1) (1,83,7,1) (141,217,7,1) (207,174,15,1) (206,38,10,1) (194,212,10,1) 
(130,101,10,1) (216,94,11,1) (32,149,16,1) (219,57,10,1) (45,120,7,1) (42,40,13,1) (93,121,14,1) (210,119,6,1) (7,36,14,1) (52,48,6,1) (165,221,3,1) (95,15,6,1) (62,51,8,1) (211,79,11,1) (16,235,6,1) (9,160,4,1) (84,135,13,1) (243,113,19,1) (158,152,11,1) (146,57,9,1) 
(189,136,12,1) (137,206,14,1) (29,86,7,1) (183,73,12,1) (189,217,6,1) (244,164,1,1) (1,169,8,1) (70,223,10,1) (137,226,19,1) (133,9,14,1) (1,174,12,1) (198,70,15,1) (89,239,13,1) (121,248,10,1) (192,73,11,1) (140,120,10,1) (134,30,8,1) (156,113,13,1) (231,173,9,1) (122,132,12,1) 
(89,234,9,1) (113,246,14,1) (37,51,21,1) (24,103,5,1) (205,132,7,1) (122,64,14,1) (83,51,16,1) (228,82,12,1) (119,78,10,1) (59,37,6,1) (196,31,11,1) (145,15,9,1) (244,209,10,1) (77,153,17,1) (115,185,11,1) (158,99,10,1) (227,102,12,1) (238,84,10,1) (248,66,8,1) (48,34,15,1) 
(136,29,9,1) (129,207,11,1) (79,157,6,1) (122,66,15,1) (120,126,9,1) (206,62,10,1) (41,16,14,1) (92,243,9,1) (204,44,9,1) (47,175,13,1) (159,57,15,1) (20,16,5,1) (156,135,6,1) (92,100,10,1) (111,75,13,1) (238,17,14,1) (108,158,8,1) (88,69,9,1) (102,83,6,1) (197,241,12,1) 
(17,136,5,1) (39,98,6,1) (12,68,4,1) (158,20,11,1) (132,1,7,1) (123,240,12,1) (79,134,16,1) (224,16,4,1) (157,147,13,1) (171,160,4,1) (139,83,11,1) (238,147,22,1) (69,179,14,1) (5,40,15,1) (192,204,7,1) (145,52,16,1) (60,145,8,1) (111,6,11,1) (158,47,14,1) (103,23,4,1) 
(106,131,12,1) (91,166,10,1) (196,97,8,1) (247,156,3,1) (11,34,15,1) (183,244,7,1) (212,111,20,1) (100,88,8,1) (97,52,13,1) (92,165,11,1) (35,147,7,1) (61,173,14,1) (181,243,7,1) (244,1,15,1) (233,91,10,1) (140,180,12,1) (155,192,11,1) (45,24,4,1) (59,84,11,1) (92,121,7,1) 
(163,191,11,1) (23,96,10,1) (144,77,15,1) (119,166,5,1) (92,208,16,1) (6,3,7,1) (240,38,9,1) (170,62,13,1) (180,111,7,1) (3,72,17,1) (25,15,19,1) (218,160,11,1) (66,8,6,1) (11,194,6,1) (152,173,12,1) (133,175,9,1) (131,123,10,1) (105,142,6,1) (240,68,14,1) (77,82,5,1) 
(25,9,5,1) (89,249,14,1) (172,116,6,1) (116,208,13,1) (220,85,8,1) (29,84,9,1) (101,107,7,1) (48,98,9,1) (156,164,13,1) (209,40,11,1) (232,128,12,1) (7,80,5,1) (1,215,19,1) (152,175,7,1) (243,203,9,1) (27,119,2,1) (7,4,16,1) (113,49,13,1) (242,163,1,1) (113,91,12,1) 
(18,177,16,1) (166,43,9,1) (65,127,7,1) (82,219,7,1) (175,44,15,1) (128,98,9,1) (111,60,13,1) (8,49,11,1) (14,52,20,1) (43,194,11,1) (72,14,7,1) (113,133,10,1) (129,15,7,1) (127,69,10,1) (134,165,11,1) (171,219,6,1) (9,39,10,1) (61,101,6,1) (39,168,3,1) (124,5,10,1) 
(141,183,9,1) (38,181,15,1) (122,6,10,1) (83,231,8,1) (23,191,8,1) (7,248,5,1) (91,74,13,1) (195,21,14,1) (14,149,11,1) (135,8,11,1) (228,133,12,1) (139,70,2,1) (42,63,5,1) (241,171,10,1) (126,112,16,1) (133,108,11,1) (236,81,10,1) (205,202,10,1) (137,31,11,1) (176,29,11,1) 
(196,153,9,1) (59,226,7,1) (103,59,18,1) (192,184,14,1) (14,79,10,1) (138,150,10,1) (24,3,7,1) (150,98,17,1) (44,121,11,1) (233,171,12,1) (12,82,6,1) (206,50,8,1) (81,163,2,1) (31,174,11,1) (205,163,5,1) (231,65,16,1) (202,1,14,1) (242,74,5,1) (119,107,12,1) (165,211,14,1) 
(154,2,7,1) (232,103,17,1) (119,182,5,1) (204,123,12,1) (81,159,6,1) (102,113,11,1) (229,141,9,1) (72,243,9,1) (146,139,17,1) (25,123,8,1) (27,58,10,1) (205,232,4,1) (196,81,17,1) (60,97,18,1) (8,182,20,1) (52,26,12,1) (115,121,7,1) (151,62,15,1) (60,232,12,1) (68,97,1,1) 
(58,241,8,1) (86,206,6,1) (4,132,9,1) (242,161,4,1) (76,130,7,1) (43,197,14,1) (230,128,3,1) (147,5,13,1) (162,182,7,1) (89,204,17,1) (8,16,11,1) (52,61,16,1) (89,108,8,1) (175,107,9,1) (217,104,4,1) (2,97,17,1) (59,112,9,1) (62,0,14,1) (127,219,9,1) (225,103,7,1) 
(48,152,6,1) (104,180,11,1) (212,65,8,1) (230,102,12,1) (246,77,7,1) (34,170,20,1) (226,31,11,1) (92,211,12,1) (219,198,3,1) (53,77,3,1) (245,167,6,1) (60,159,12,1) (157,192,4,1) (187,234,3,1) (127,179,10,1) (208,12,7,1) (210,2,9,1) (168,182,15,1) (165,116,10,1) (185,239,16,1) 
(237,148,20,1) (144,122,1,1) (14,221,11,1) (162,53,13,1) (108,165,8,1) (139,220,11,1) (145,92,5,1) (127,83,13,1) (4,142,2,1) (164,162,13,1) (201,170,11,1) (100,116,10,1) (28,25,9,1) (9,166,17,1) (66,42,11,1) (150,198,5,1) (42,98,12,1) (162,147,12,1) (38,73,2,1) (111,248,7,1) 
(116,80,10,1) (113,162,5,1) (233,241,2,1) (240,104,5,1) (96,133,11,1) (122,163,15,1) (19,206,3,1) (207,191,13,1) (184,248,14,1) (24,181,16,1) (16,156,2,1) (136,158,6,1) (239,165,9,1) (50,55,17,1) (246,118,8,1) (8,107,14,1) (24,226,11,1) (17,198,10,1) (116,50,4,1) (184,22,10,1) 
(92,74,15,1) (78,11,6,1) (217,175,8,1) (100,210,4,1) (237,222,7,1) (162,48,10,1) (83,29,9,1) (110,68,9,1) (9,234,6,1) (45,144,15,1) (3,60,13,1) (71,228,11,1) (230,59,6,1) (145,232,8,1) (229,144,4,1) (212,124,5,1) (55,62,9,1) (95,156,8,1) (88,79,7,1) (12,191,17,1) 
(235,186,10,1) (194,14,16,1) (195,210,21,1) (102,217,10,1) (64,162,10,1) (115,216,1,1) (126,114,15,1) (202,22,7,1) (217,118,9,1) (1,154,14,1) (127,184,12,1) (181,79,14,1) (22,26,12,1) (238,191,13,1) (118,162,5,1) (174,218,2,1) (234,94,4,1) (134,220,12,1) (153,7,2,1) (226,135,17,1) 
(127,139,6,1) (33,224,15,1) (13,143,6,1) (230,145,4,1) (172,20,8,1) (64,34,10,1) (70,59,13,1) (129,223,12,1) (101,205,17,1) (233,21,10,1) (151,214,15,1) (232,24,6,1) (28,153,19,1) (203,122,7,1) (106,180,11,1) (117,27,8,1) (125,161,10,1) (208,217,22,1) (26,100,10,1) (189,193,5,1) 
(164,50,5,1) (7,128,18,1) (127,161,17,1) (183,38,8,1) (56,55,8,1) (31,153,12,1) (167,204,9,1) (161,82,11,1) (29,142,13,1) (169,229,14,1) (99,63,11,1) (83,114,10,1) (207,172,14,1) (6,62,17,1) (94,173,7,1) (156,49,10,1) (10,87,10,1) (20,101,5,1) (67,4,13,1) (229,192,13,1) 
(30,144,6,1) (153,180,14,1) (45,18,6,1) (35,151,9,1) (13,188,5,1) (160,131,5,1) (71,28,17,1) (91,41,15,1) (70,130,10,1) (205,77,12,1) (122,115,8,1) (202,38,9,1) (222,9,12,1) (243,249,1,1) (231,123,15,1) (161,209,6,1) (34,72,4,1) (138,26,19,1) (227,161,16,1) (142,97,12,1) 
(11,5,14,1) (93,208,14,1) (179,181,8,1) (41,34,6,1) (228,31,13,1) (94,241,7,1) (10,110,17,1) (203,120,9,1) (98,118,10,1) (40,222,13,1) (149,124,9,1) (11,30,12,1) (70,157,12,1) (159,101,7,1) (216,246,3,1) (25,182,12,1) (165,147,13,1) (219,48,17,1) (60,217,12,1) (247,162,12,1) 
(91,3,3,1) (14,138,13,1) (31,129,2,1) (10,48,7,1) (153,239,15,1) (4,33,11,1) (182,207,13,1) (131,160,13,1) (161,175,9,1) (73,32,10,1) (21,55,8,1) (3,22,13,1) (92,236,13,1) (202,236,11,1) (46,160,8,1) (114,138,12,1) (224,193,2,1) (27,111,17,1) (0,119,6,1) (30,138,16,1) 
(113,231,10,1) (244,3,15,1) (219,209,2,1) (232,163,11,1) (216,138,9,1) (173,239,5,1) (74,96,11,1) (195,155,17,1) (208,82,7,1) (174,201,14,1) (148,118,11,1) (234,48,15,1) (128,42,10,1) (215,42,10,1) (74,110,11,1) (28,66,10,1) (204,28,12,1) (238,57,14,1) (87,247,9,1) (152,140,15,1) 
(135,10,17,1) (43,70,9,1) (56,71,16,1) (75,41,10,1) (123,73,10,1) (184,193,8,1) (48,13,12,1) (59,231,14,1) (99,42,9,1) (240,127,18,1) (240,15,10,1) (153,144,16,1) (193,17,12,1) (166,169,14,1) (240,140,1,1) (136,128,3,1) (77,136,4,1) (130,220,21,1) (213,207,4,1) (227,30,16,1) 
(35,49,20,1) (219,174,7,1) (106,121,14,1) (239,48,16,1) (200,102,9,1) (219,91,11,1) (95,240,13,1) (156,16,6,1) (220,196,6,1) (166,153,6,1) (162,83,6,1) (60,138,9,1) (185,65,15,1) (71,202,8,1) (169,223,12,1) (5,10,5,1) (204,33,2,1) (29,64,8,1) (230,56,7,1) (231,13,11,1) 
(70,140,9,1) (165,5,9,1) (49,200,3,1) (73,2,6,1) (101,44,13,1) (171,148,16,1) (170,184,18,1) (80,23,5,1) (21,99,15,1) (47,228,8,1) (214,17,19,1) (79,16,3,1) (27,48,13,1) (120,170,2,1) (205,33,8,1) (9,1,7,1) (176,90,12,1) (63,43,9,1) (43,241,7,1) (100,150,10,1) 
(246,42,11,1) (110,179,7,1) (64,169,20,1) (136,132,5,1) (194,227,13,1) (224,222,5,1) (197,188,24,1) (117,39,11,1) (143,152,11,1) (231,9,15,1) (218,161,8,1) (21,162,8,1) (7,116,11,1) (78,197,4,1) (171,206,5,1) (25,35,15,1) (221,106,12,1) (208,108,11,1) (107,213,19,1) (244,38,4,1) 
(130,119,16,1) (93,26,10,1) (235,205,18,1) (244,245,7,1) (106,224,3,1) (114,42,13,1) (97,131,8,1) (34,48,16,1) (121,147,15,1) (231,45,20,1) (146,5,19,1) (62,191,20,1) (106,182,8,1) (198,104,11,1) (215,173,16,1) (111,231,9,1) (129,177,4,1) (16,233,12,1) (57,160,23,1) (211,228,16,1) 
(36,132,11,1) (79,179,10,1) (74,110,11,1) (42,218,8,1) (83,21,19,1) (230,74,3,1) (111,213,18,1) (81,102,6,1) (214,51,9,1) (187,36,6,1) (84,160,3,1) (144,229,7,1) (168,208,4,1) (188,40,17,1) (164,76,10,1) (34,185,13,1) (25,169,9,1) (195,82,2,1) (56,227,1,1) (96,113,3,1) 
(125,142,11,1) (21,144,9,1) (4,104,10,1) (92,212,9,1) (4,145,10,1) (215,98,12,1) (85,232,6,1) (176,165,12,1) (139,81,10,1) (147,177,16,1) (110,105,20,1) (62,9,15,1) (19,189,5,1) (143,22,15,1) (162,232,4,1) (144,64,10,1) (218,38,7,1) (72,56,14,1) (56,157,15,1) (67,214,10,1) 
(142,116,13,1) (25,55,11,1) (140,58,8,1) (53,0,10,1) (118,91,13,1) (147,142,9,1) (222,191,11,1) (244,151,15,1) (223,17,15,1) (203,204,14,1) (85,8,6,1) (166,95,13,1) (102,233,10,1) (173,224,17,1) (103,140,7,1) (221,81,7,1) (198,127,5,1) (16,36,7,1) (136,198,17,1) (45,46,9,1) 
(242,214,10,1) (68,245,14,1) (188,71,6,1) (105,33,15,1) (104,0,8,1) (53,199,6,1) (52,166,11,1) (218,230,10,1) (54,167,14,1) (208,206,13,1) (248,18,14,1) (218,240,6,1) (6,58,13,1) (240,10,12,1) (139,208,11,1) (204,235,12,1) (60,91,7,1) (163,58,10,1) (28,230,11,1) (218,121,16,1) 
(8,191,13,1) (7,204,10,1) (69,120,5,1) (29,223,13,1) (101,195,5,1) (44,174,9,1) (172,34,4,1) (113,117,5,1) (44,2,10,1) (7,199,7,1) (118,216,2,1) (32,205,8,1) (78,226,7,1) (116,207,15,1) (249,228,9,1) (29,76,18,1) (126,247,17,1) (236,244,8,1) (103,87,15,1) (38,200,5,1) 
(233,210,7,1) (126,213,16,1) (166,51,7,1) (227,66,15,1) (185,192,8,1) (42,210,13,1) (157,217,4,1) (219,172,9,1) (5,134,9,1) (217,170,10,1) (88,8,5,1) (202,51,6,1) (169,177,11,1) (142,201,19,1) (168,29,13,1) (43,200,10,1) (16,82,19,1) (238,153,13,1) (83,99,9,1) (173,196,20,1) 
(217,124,11,1) (66,34,2,1) (69,43,7,1) (7,20,13,1) (242,55,13,1) (17,132,9,1) (143,21,3,1) (219,61,15,1) (47,112,2,1) (92,240,9,1) (44,201,13,1) (218,217,13,1) (134,136,6,1) (190,203,22,1) (82,19,12,1) (181,55,7,1) (88,79,9,1) (106,197,10,1) (104,200,17,1) (28,29,10,1) 
(62,37,17,1) (125,65,6,1) (85,103,6,1) (98,66,9,1) (179,194,19,1) (240,82,7,1) (5,7,14,1) (222,61,10,1) (128,37,5,1) (137,194,12,1) (247,195,18,1) (151,178,12,1) (172,8,11,1) (129,96,14,1) (135,130,7,1) (90,12,12,1) (60,127,16,1) (2,16,8,1) (116,11,4,1) (172,26,11,1) 
(50,101,15,1) (167,245,6,1) (181,8,9,1) (35,42,6,1) (240,211,5,1) (190,35,8,1) (166,143,19,1) (172,221,3,1) (122,40,15,1) (128,52,12,1) (179,130,22,1) (77,97,18,1) (93,125,11,1) (4,99,11,1) (51,50,15,1) (159,78,16,1) (76,137,10,1) (10,162,8,1) (242,13,7,1) (105,20,13,1) 
(207,37,19,1) (220,1,20,1) (179,156,5,1) (169,86,7,1) (213,90,8,1) (110,77,9,1) (165,145,14,1) (173,171,13,1) (87,57,17,1) (60,246,19,1) (80,175,7,1) (171,131,15,1) (13,233,12,1) (79,29,16,1) (151,216,8,1) (177,97,14,1) (178,31,8,1) (21,125,7,1) (237,200,8,1) (194,182,13,1) 
(179,167,9,1) (13,111,8,1) (48,151,19,1) (167,124,13,1) (64,157,7,1) (105,242,15,1) (105,9,6,1) (188,108,20,1) (182,195,7,1) (17,235,3,1) (95,195,8,1) (166,155,10,1) (41,173,10,1) (56,162,19,1) (212,235,11,1) (182,192,15,1) (120,173,8,1) (206,169,13,1) (229,63,11,1) (179,115,9,1) 
(52,169,2,1) (185,134,4,1) (148,104,15,1) (50,170,8,1) (226,110,10,1) (131,245,21,1) (16,179,3,1) (19,170,7,1) (96,160,7,1) (236,196,11,1) (191,121,6,1) (204,233,11,1) (128,35,16,1) (10,153,11,1) (153,40,11,1) (59,84,9,1) (110,111,1,1) (146,163,18,1) (14,236,12,1) (3,217,7,1) 
(123,37,5,1) (59,148,14,1) (182,19,1,1) (70,223,23,1) (213,169,2,1) (72,37,10,1) (232,219,4,1) (236,194,8,1) (85,186,6,1) (203,229,8,1) (178,174,9,1) (108,0,14,1) (127,247,10,1) (85,237,23,1) (133,147,4,1) (140,34,19,1) (227,136,11,1) (157,148,14,1) (205,166,15,1) (10,153,9,1) 
(46,238,5,1) (93,52,22,1) (62,182,8,1) (173,184,13,1) (1,117,10,1) (112,86,16,1) (115,143,15,1) (179,107,11,1) (155,163,12,1) (96,212,8,1) (249,6,12,1) (211,80,9,1) (179,170,16,1) (178,151,9,1) (86,125,14,1) (116,99,4,1) (86,182,14,1) (239,173,14,1) (223,229,18,1) (82,197,5,1) 
(192,164,10,1) (150,78,5,1) (232,36,14,1) (247,158,10,1) (212,183,9,1) (68,146,13,1) (164,69,10,1) (108,191,2,1) (166,51,15,1) (33,81,19,1) (214,21,7,1) (121,97,14,1) (203,69,4,1) (21,111,14,1) (140,171,20,1) (81,76,14,1) (213,85,18,1) (19,135,13,1) (233,158,3,1) (129,162,7,1) 
(190,87,10,1) (130,193,8,1) (182,30,8,1) (5,205,9,1) (85,42,8,1) (229,93,14,1) (130,54,13,1) (130,3,12,1) (76,172,9,1) (44,174,10,1) (235,63,9,1) (164,6,11,1) (9,52,10,1) (49,71,9,1) (60,69,13,1) (10,226,6,1) (83,221,2,1) (35,14,6,1) (192,239,7,1) (147,134,3,1) 
(127,54,10,1) (145,168,8,1) (88,41,21,1) (55,88,5,1) (32,64,9,1) (86,187,13,1) (147,177,16,1) (40,160,7,1) (25,180,7,1) (130,188,15,1) (154,42,9,1) (97,112,4,1) (83,111,9,1) (177,242,9,1) (199,27,12,1) (126,141,13,1) (34,68,14,1) (189,244,2,1) (115,25,17,1) (81,44,12,1) 
(150,74,8,1) (41,57,9,1) (163,186,6,1) (188,158,9,1) (170,77,4,1) (151,57,5,1) (125,188,12,1) (63,104,12,1) (78,192,8,1) (14,209,7,1) (88,188,13,1) (92,206,13,1) (11,177,8,1) (231,30,21,1) (61,189,8,1) (192,89,1,1) (32,175,10,1) (208,244,12,1) (5,1,12,1) (87,200,10,1) 
(199,128,7,1) (40,193,12,1) (234,6,18,1) (39,93,11,1) (224,125,4,1) (149,139,16,1) (222,214,9,1) (58,121,3,1) (91,227,16,1) (24,134,20,1) (95,140,9,1) (44,31,13,1) (152,48,2,1) (139,94,10,1) (87,107,13,1) (213,227,7,1) (1,121,5,1) (247,41,12,1) (205,68,8,1) (17,27,7,1) 
(215,220,10,1) (25,162,6,1) (176,52,11,1) (13,82,13,1) (219,126,6,1) (40,155,5,1) (51,195,8,1) (95,47,7,1) (171,52,10,1) (83,137,7,1) (42,54,8,1) (19,238,11,1) (110,19,13,1) (76,163,10,1) (28,21,15,1) (218,212,8,1) (184,141,9,1) (27,1,10,1) (167,102,10,1) (193,128,5,1) 
(43,161,21,1) (199,201,6,1) (22,82,12,1) (134,225,12,1) (197,20,9,1) (233,187,14,1) (126,197,15,1) (219,43,8,1) (230,183,3,1) (91,205,14,1) (235,107,18,1) (85,84,6,1) (10,21,5,1) (134,129,3,1) (97,112,7,1) (57,69,15,1) (207,224,11,1) (192,22,14,1) (43,27,4,1) (135,63,19,1) 
(72,73,15,1) (156,67,9,1) (49,159,10,1) (182,120,9,1) (165,173,14,1) (105,102,10,1) (178,74,1,1) (46,126,9,1) (108,164,12,1) (144,45,10,1) (164,175,11,1) (211,67,2,1) (82,172,6,1) (43,147,1,1) (173,184,10,1) (64,58,13,1) (155,49,15,1) (60,221,6,1) (77,65,15,1) (29,84,1,1) 
(72,157,11,1) (90,18,13,1) (198,71,13,1) (110,97,17,1) (167,20,4,1) (98,34,13,1) (239,48,13,1) (137,79,13,1) (90,175,3,1) (180,35,12,1) (84,150,8,1) (133,68,11,1) (14,59,5,1) (204,143,19,1) (205,142,8,1) (85,149,16,1) (190,68,9,1) (195,19,14,1) (83,136,15,1) (151,2,16,1) 
(214,105,3,1) (215,218,12,1) (2,199,14,1) (7,212,7,1) (208,235,15,1) (141,170,2,1) (196,226,9,1) (3,107,16,1) (57,94,4,1) (148,31,9,1) (151,30,9,1) (234,240,1,1) (107,226,14,1) (115,93,7,1) (31,247,10,1) (66,240,2,1) (138,65,7,1) (247,56,7,1) (225,148,11,1) (55,247,11,1) 
(95,126,18,1) (209,196,14,1) (223,152,11,1) (173,22,5,1) (142,247,5,1) (63,2,12,1) (143,75,15,1) (148,246,6,1) (163,13,15,1) (137,55,13,1) (150,110,6,1) (201,67,13,1) (45,33,10,1) (45,137,5,1) (13,118,6,1) (10,161,15,1) (142,129,10,1) (213,125,14,1) (153,107,12,1) (69,92,9,1) 
(225,106,11,1) (40,80,1,1) (80,155,16,1) (168,4,15,1) (189,224,6,1) (222,134,11,1) (23,97,9,1) (119,205,14,1) (185,61,12,1) (239,97,10,1) (190,121,15,1) (6,150,10,1) (200,204,10,1) (2,79,8,1) (193,129,12,1) (240,121,11,1) (170,67,10,1) (50,214,9,1) (169,31,12,1) (200,145,11,1) 
(185,242,14,1) (58,246,11,1) (23,221,9,1) (209,124,9,1) (1,100,6,1) (130,90,6,1) (78,65,14,1) (200,241,7,1) (110,64,13,1) (178,63,7,1) (50,91,13,1) (55,92,15,1) (209,202,7,1) (208,205,2,1) (239,202,16,1) (155,149,5,1) (168,219,7,1) (125,62,8,1) (26,222,8,1) (75,67,7,1) 
(169,31,8,1) (215,205,8,1) (230,74,15,1) (228,115,13,1) (105,127,12,1) (116,167,2,1) (36,21,15,1) (210,246,10,1) (207,15,10,1) (32,45,7,1) (139,197,6,1) (82,222,3,1) (33,15,16,1) (64,68,16,1) (19,222,2,1) (157,209,5,1) (73,12,11,1) (178,174,8,1) (57,81,10,1) (150,106,12,1) 
(192,229,17,1) (160,24,11,1) (183,237,15,1) (195,73,9,1) (55,218,7,1) (175,218,11,1) (8,186,11,1) (116,90,5,1) (11,86,12,1) (132,133,16,1) (199,138,13,1) (123,4,4,1) (193,173,10,1) (63,43,10,1) (91,191,10,1) (200,64,13,1) (56,153,10,1) (35,197,10,1) (216,237,13,1) (139,158,9,1) 
(32,210,20,1) (210,22,16,1) (123,91,11,1) (63,9,7,1) (195,189,12,1) (233,211,16,1) (111,94,6,1) (10,122,6,1) (23,151,4,1) (224,164,8,1) (239,167,8,1) (35,61,15,1) (109,135,15,1) (70,81,12,1) (153,118,4,1) (243,61,10,1) (181,220,9,1) (144,170,7,1) (245,2,13,1) (108,133,15,1) 
(152,5,16,1) (26,164,9,1) (175,29,10,1) (219,99,5,1) (69,141,13,1) (51,146,11,1) (154,235,13,1) (192,212,7,1) (145,238,5,1) (56,20,13,1) (160,178,16,1) (25,7,10,1) (84,148,1,1) (106,174,2,1) (148,28,2,1) (229,227,13,1) (246,4,10,1) (171,214,11,1) (95,220,18,1) (55,168,2,1) 