(120,130,16,1) (61,27,5,1) (130,27,11,1) (38,2,7,1) (26,16,11,1) (52,92,16,1) (84,94,10,1) (139,78,4,1) (56,124,12,1) (74,12,12,1) (16,135,10,1) (4,99,8,1) (107,136,13,1) (44,35,8,1) (75,78,18,1) (25,110,13,1) (83,114,6,1) (132,95,7,1) (31,134,16,1) (83,37,16,1) 
(132,89,8,1) (31,15,3,1) (115,7,5,1) (117,108,12,1) (53,102,13,1) (28,109,11,1) (60,144,3,1) (41,40,6,1) (111,65,13,1) (78,115,8,1) (70,145,13,1) (73,108,13,1) (16,0,9,1) (144,55,5,1) (3,0,11,1) (93,109,7,1) (35,14,3,1) (142,52,18,1) (54,115,12,1) (22,1,7,1) 
(43,15,8,1) (16,141,17,1) (31,84,6,1) (73,59,6,1) (59,138,9,1) (41,50,2,1) (93,84,11,1) (75,110,8,1) (128,114,16,1) (49,125,16,1) (58,102,17,1) (30,44,16,1) (104,109,12,1) (3,125,20,1) (148,17,11,1) (104,12,7,1) (72,80,4,1) (49,28,18,1) (100,143,8,1) (92,110,15,1) 
(20,79,12,1) (6,55,7,1) (75,57,9,1) (76,91,2,1) (89,145,12,1) (110,96,2,1) (41,127,15,1) (79,65,11,1) (68,127,11,1) (75,148,10,1) (110,60,11,1) (57,138,2,1) (119,79,12,1) (101,128,7,1) (116,19,14,1) (47,70,9,1) (20,131,14,1) (8,83,12,1) (47,78,7,1) (105,83,15,1) 
(106,10,4,1) (146,106,3,1) (62,35,14,1) (54,99,3,1) (5,61,16,1) (149,100,2,1) (65,125,7,1) (30,2,11,1) (53,71,6,1) (59,84,15,1) (131,16,2,1) (125,87,9,1) (90,97,3,1) (26,139,10,1) (128,145,1,1) (108,32,13,1) (126,7,11,1) (35,97,1,1) (42,46,10,1) (94,93,4,1) 
(13,72,14,1) (3,66,13,1) (41,21,9,1) (111,122,8,1) (149,115,4,1) (86,34,18,1) (83,114,2,1) (67,27,5,1) (89,113,11,1) (94,54,21,1) (46,143,7,1) (124,87,15,1) (125,102,2,1) (134,54,9,1) (41,130,10,1) (31,36,14,1) (134,75,6,1) (29,0,18,1) (75,126,12,1) (14,117,5,1) 
(2,71,21,1) (54,95,8,1) (135,119,9,1) (73,34,10,1) (103,58,12,1) (100,126,12,1) (147,137,11,1) (107,93,15,1) (14,148,6,1) (71,40,11,1) (25,141,9,1) (113,135,11,1) (13,95,9,1) (84,116,10,1) (60,145,5,1) (18,126,10,1) (67,86,19,1) (66,96,13,1) (141,130,12,1) (0,81,11,1) 
(143,4,18,1) (83,11,4,1) (74,79,7,1) (4,125,3,1) (138,139,15,1) (112,68,7,1) (56,94,11,1) (36,62,7,1) (125,90,10,1) (71,33,18,1) (136,115,14,1) (96,44,8,1) (98,75,12,1) (127,130,2,1) (32,88,11,1) (50,0,8,1) (36,5,3,1) (91,76,15,1) (72,55,18,1) (88,102,13,1) 
(142,89,11,1) (30,114,15,1) (2,69,5,1) (59,17,14,1) (69,30,13,1) (42,31,3,1) (136,51,9,1) (28,77,9,1) (27,50,4,1) (108,43,10,1) (81,108,19,1) (42,148,14,1) (29,36,21,1) (132,33,4,1) (126,34,7,1) (144,131,4,1) (127,26,1,1) (1,69,8,1) (74,102,1,1) (95,141,7,1) 
(89,1,3,1) (126,59,11,1) (54,90,15,1) (30,61,17,1) (93,28,18,1) (22,83,6,1) (116,141,14,1) (121,144,11,1) (52,38,11,1) (7,33,6,1) (28,97,8,1) (39,139,3,1) (90,105,10,1) (62,66,13,1) (130,87,14,1) (37,15,9,1) (2,61,10,1) (83,124,17,1) (108,5,13,1) (141,67,7,1) 
(49,104,17,1) (89,100,9,1) (92,75,9,1) (23,21,13,1) (138,122,9,1) (102,63,8,1) (149,139,6,1) (140,45,10,1) (26,54,9,1) (122,91,15,1) (44,124,10,1) (141,70,19,1) (149,84,15,1) (10,128,4,1) (119,45,13,1) (111,11,15,1) (14,147,4,1) (96,88,9,1) (46,30,9,1) (140,23,6,1) 
(54,12,17,1) (134,103,8,1) (14,73,11,1) (73,120,9,1) (34,56,6,1) (2,0,14,1) (120,63,11,1) (51,127,2,1) (68,5,9,1) (7,133,7,1) (98,4,11,1) (103,56,16,1) (54,114,9,1) (85,64,16,1) (135,2,2,1) (86,28,12,1) (91,87,10,1) (26,140,5,1) (30,113,12,1) (59,56,14,1) 
(35,118,10,1) (54,67,2,1) (115,145,14,1) (36,147,5,1) (137,35,12,1) (2,121,11,1) (39,47,5,1) (104,51,16,1) (135,66,6,1) (107,50,12,1) (89,15,13,1) (18,103,7,1) (10,81,9,1) (31,102,13,1) (70,124,11,1) (114,111,2,1) (17,70,11,1) (59,101,11,1) (133,50,15,1) (4,114,9,1) 
(41,65,13,1) (114,45,17,1) (85,87,9,1) (71,74,10,1) (107,108,3,1) (50,19,10,1) (14,112,14,1) (9,73,19,1) (120,28,2,1) (14,48,16,1) (135,70,20,1) (7,66,14,1) (127,20,13,1) (66,126,3,1) (30,31,8,1) (12,36,10,1) (40,35,8,1) (44,96,7,1) (114,120,4,1) (108,21,4,1) 
(48,12,13,1) (72,86,10,1) (105,44,10,1) (142,30,19,1) (58,82,13,1) (85,141,17,1) (143,7,6,1) (61,21,9,1) (120,64,17,1) (126,146,11,1) (91,30,7,1) (126,7,14,1) (102,40,9,1) (124,31,13,1) (138,52,9,1) (47,146,24,1) (117,103,1,1) (81,108,13,1) (111,135,13,1) (114,131,9,1) 
(16,15,12,1) (54,82,9,1) (116,46,7,1) (88,89,16,1) (16,111,10,1) (136,78,14,1) (26,113,7,1) (93,1,8,1) (77,5,12,1) (128,22,5,1) (28,22,17,1) (84,115,10,1) (36,123,14,1) (95,104,8,1) (32,36,3,1) (96,85,7,1) (82,83,1,1) (56,38,18,1) (71,26,6,1) (5,52,10,1) 
(7,134,9,1) (33,112,7,1) (118,141,10,1) (134,125,6,1) (137,96,1,1) (93,80,12,1) (118,67,13,1) (58,98,9,1) (113,43,11,1) (33,32,11,1) (99,147,14,1) (50,47,16,1) (91,17,15,1) (123,37,3,1) (63,56,6,1) (141,71,13,1) (39,36,11,1) (50,40,8,1) (132,113,5,1) (18,91,8,1) 
(96,28,5,1) (3,22,16,1) (126,82,9,1) (77,41,3,1) (1,41,19,1) (76,115,8,1) (99,42,12,1) (62,147,14,1) (90,0,4,1) (102,28,3,1) (99,48,16,1) (74,145,6,1) (68,8,12,1) (90,87,6,1) (41,51,7,1) (7,107,20,1) (43,27,11,1) (115,43,7,1) (51,1,9,1) (98,95,8,1) 
(146,65,8,1) (139,132,11,1) (106,49,25,1) (18,135,5,1) (41,139,11,1) (81,136,7,1) (117,52,12,1) (51,57,1,1) (2,108,4,1) (110,12,7,1) (25,149,7,1) (9,14,8,1) (9,36,14,1) (35,13,16,1) (30,0,8,1) (71,147,16,1) (147,77,10,1) (134,59,9,1) (79,111,11,1) (31,124,9,1) 
(62,117,10,1) (118,142,12,1) (42,135,12,1) (15,146,3,1) (35,49,8,1) (10,76,14,1) (131,23,14,1) (126,43,10,1) (6,64,17,1) (110,11,11,1) (75,13,9,1) (3,100,14,1) (132,79,23,1) (61,15,8,1) (79,45,9,1) (40,17,14,1) (62,45,10,1) (66,128,13,1) (83,101,4,1) (36,34,16,1) 
(5,36,6,1) (117,62,10,1) (53,4,15,1) (59,126,5,1) (37,106,17,1) (38,76,10,1) (126,109,15,1) (113,53,12,1) (95,100,17,1) (132,27,7,1) (118,112,10,1) (67,91,17,1) (129,98,10,1) (119,93,11,1) (91,111,1,1) (23,52,21,1) (96,123,8,1) (116,79,8,1) (95,75,10,1) (56,97,11,1) 
(116,149,4,1) (99,102,17,1) (104,8,14,1) (14,20,13,1) (106,17,5,1) (118,116,5,1) (83,4,13,1) (102,113,7,1) (122,39,16,1) (82,76,16,1) (72,134,7,1) (86,81,4,1) (100,114,11,1) (75,28,8,1) (9,83,6,1) (72,61,9,1) (96,114,6,1) (122,30,9,1) (17,130,10,1) (123,102,17,1) 
(35,4,8,1) (74,30,9,1) (86,28,2,1) (24,37,10,1) (82,68,10,1) (45,83,8,1) (91,116,13,1) (83,101,13,1) (60,4,12,1) (82,98,12,1) (118,149,10,1) (138,136,5,1) (29,47,15,1) (67,124,8,1) (23,38,7,1) (47,122,19,1) (48,96,7,1) (70,31,11,1) (24,19,7,1) (32,103,6,1) 
(52,83,4,1) (96,126,12,1) (115,42,11,1) (93,35,3,1) (144,102,20,1) (13,92,5,1) (101,39,13,1) (63,71,13,1) (79,30,8,1) (119,95,4,1) (53,72,10,1) (47,65,12,1) (100,9,17,1) (130,26,14,1) (56,143,14,1) (78,50,12,1) (133,56,12,1) (132,62,4,1) (68,44,7,1) (123,16,15,1) 
(60,29,12,1) (55,19,6,1) (17,28,15,1) (126,86,13,1) (42,39,13,1) (32,127,21,1) (103,104,11,1) (124,85,17,1) (79,41,9,1) (13,85,2,1) (32,38,12,1) (38,56,12,1) (69,107,9,1) (15,69,21,1) (106,116,8,1) (14,136,23,1) (55,132,1,1) (15,120,18,1) (112,97,12,1) (121,32,9,1) 
(49,5,15,1) (55,17,5,1) (57,6,8,1) (132,122,11,1) (48,10,9,1) (14,24,15,1) (141,74,10,1) (57,120,6,1) (44,37,11,1) (60,59,3,1) (31,3,2,1) (51,124,11,1) (46,113,12,1) (87,15,13,1) (82,103,11,1) (110,64,15,1) (138,10,14,1) (19,8,13,1) (52,29,15,1) (114,12,8,1) 
(47,125,7,1) (34,18,10,1) (138,143,19,1) (3,135,12,1) (46,145,5,1) (91,82,8,1) (3,113,5,1) (13,49,4,1) (112,117,13,1) (84,149,11,1) (59,77,20,1) (1,14,22,1) (52,120,8,1) (3,29,6,1) (35,107,13,1) (142,83,6,1) (71,58,17,1) (56,39,14,1) (29,55,9,1) (143,18,6,1) 
(134,101,7,1) (135,143,2,1) (121,36,11,1) (126,106,10,1) (106,145,10,1) (140,44,12,1) (108,148,14,1) (15,63,18,1) (119,30,11,1) (71,51,19,1) (26,5,15,1) (62,128,15,1) (59,7,12,1) (65,129,14,1) (32,100,11,1) (98,45,6,1) (131,51,22,1) (144,59,7,1) (76,67,12,1) (107,12,19,1) 
(90,36,14,1) (12,111,3,1) (8,115,4,1) (32,57,13,1) (8,49,12,1) (54,57,6,1) (6,92,12,1) (26,103,16,1) (85,107,9,1) (35,51,19,1) (18,136,10,1) (72,15,9,1) (93,92,8,1) (30,84,6,1) (56,51,9,1) (93,28,13,1) (6,114,10,1) (17,81,9,1) (90,0,10,1) (140,36,18,1) 
(128,10,16,1) (88,75,3,1) (35,82,9,1) (2,59,15,1) (57,34,12,1) (53,77,14,1) (33,99,3,1) (130,126,10,1) (57,118,7,1) (112,72,17,1) (121,92,8,1) (70,11,5,1) (12,95,8,1) (71,113,9,1) (67,102,10,1) (148,67,16,1) (95,77,6,1) (122,82,10,1) (77,90,20,1) (110,147,8,1) 
(105,89,18,1) (8,143,9,1) (42,145,12,1) (25,95,11,1) (46,56,14,1) (74,47,7,1) (29,102,12,1) (45,43,12,1) (84,127,9,1) (16,65,16,1) (132,119,9,1) (141,121,8,1) (77,142,5,1) (100,55,18,1) (107,25,23,1) (33,8,11,1) (134,103,5,1) (90,41,9,1) (42,104,3,1) (119,41,9,1) 
(19,35,15,1) (141,143,4,1) (20,42,14,1) (65,101,12,1) (20,75,11,1) (24,38,7,1) (72,104,15,1) (17,50,13,1) (104,89,15,1) (66,75,7,1) (48,131,13,1) (23,9,6,1) (10,137,13,1) (32,145,21,1) (45,73,20,1) (73,126,15,1) (147,74,12,1) (95,54,6,1) (67,122,8,1) (35,60,11,1) 
(24,106,13,1) (66,94,18,1) (134,39,1,1) (83,66,15,1) (118,133,1,1) (39,75,4,1) (115,13,19,1) (61,89,9,1) (65,148,13,1) (51,85,12,1) (146,76,7,1) (68,29,14,1) (30,50,9,1) (85,140,6,1) (50,115,10,1) (120,50,14,1) (27,39,14,1) (125,149,17,1) (52,131,10,1) (5,45,5,1) 
(140,0,10,1) (18,47,4,1) (146,77,9,1) (68,117,10,1) (73,124,2,1) (91,110,14,1) (89,129,7,1) (5,34,17,1) (132,84,4,1) (49,48,5,1) (19,1,7,1) (92,16,3,1) (136,126,2,1) (45,21,12,1) (74,17,15,1) (80,10,14,1) (68,70,17,1) (141,28,11,1) (143,52,14,1) (67,25,12,1) 
(10,121,5,1) (102,39,2,1) (127,42,16,1) (109,70,3,1) (116,91,14,1) (66,70,14,1) (16,123,6,1) (65,38,9,1) (12,106,9,1) (65,124,6,1) (5,135,18,1) (36,41,9,1) (149,127,12,1) (46,148,9,1) (131,1,8,1) (50,102,10,1) (51,37,12,1) (121,78,12,1) (63,98,8,1) (101,56,11,1) 
(133,117,13,1) (94,53,5,1) (72,84,11,1) (146,140,3,1) (88,140,15,1) (86,80,13,1) (46,18,8,1) (8,122,5,1) (1,78,17,1) (72,76,20,1) (133,145,2,1) (83,32,8,1) (91,75,3,1) (147,76,15,1) (17,94,3,1) (60,124,3,1) (59,142,9,1) (76,146,6,1) (83,107,3,1) (139,149,14,1) 
(13,149,16,1) (136,47,11,1) (129,144,11,1) (61,107,12,1) (145,69,16,1) (135,82,19,1) (65,98,4,1) (89,22,8,1) (83,62,7,1) (18,2,17,1) (59,113,6,1) (106,41,9,1) (6,72,16,1) (77,4,8,1) (109,45,7,1) (94,85,11,1) (17,86,13,1) (31,29,21,1) (70,89,4,1) (24,93,8,1) 
(6,18,12,1) (84,35,4,1) (97,100,8,1) (79,89,7,1) (57,96,8,1) (65,39,9,1) (78,101,7,1) (138,132,13,1) (35,72,16,1) (107,142,16,1) (14,50,10,1) (116,132,4,1) (82,41,4,1) (36,69,10,1) (99,0,12,1) (108,128,11,1) (76,135,7,1) (46,72,10,1) (57,127,12,1) (23,128,12,1) 
(148,126,8,1) (32,125,14,1) (112,68,16,1) (12,10,8,1) (23,141,17,1) (21,8,15,1) (73,122,9,1) (143,136,8,1) (125,14,17,1) (102,147,14,1) (146,48,16,1) (139,68,8,1) (52,67,18,1) (149,129,5,1) (54,16,20,1) (81,142,7,1) (25,107,11,1) (22,138,11,1) (91,7,6,1) (99,15,13,1) 
(126,40,13,1) (9,38,14,1) (132,139,15,1) (73,24,13,1) (15,59,18,1) (128,36,6,1) (112,45,14,1) (115,123,7,1) (119,147,6,1) (72,130,9,1) (41,23,11,1) (53,146,9,1) (38,61,13,1) (136,29,14,1) (2,100,18,1) (141,135,14,1) (144,106,10,1) (5,52,16,1) (125,77,7,1) (96,40,4,1) 
(29,7,8,1) (36,128,14,1) (65,82,6,1) (22,68,9,1) (137,38,1,1) (63,0,11,1) (140,35,11,1) (75,127,8,1) (23,0,11,1) (45,20,9,1) (12,65,18,1) (101,31,14,1) (88,85,10,1) (11,108,2,1) (42,102,25,1) (118,47,2,1) (103,9,7,1) (118,5,10,1) (103,2,12,1) (21,92,10,1) 
(129,115,4,1) (147,111,4,1) (118,127,10,1) (26,1,20,1) (94,113,7,1) (130,106,6,1) (105,10,13,1) (63,105,9,1) (54,0,7,1) (97,26,14,1) (144,109,13,1) (52,143,10,1) (99,81,9,1) (50,59,9,1) (58,33,3,1) (145,35,19,1) (38,98,5,1) (65,40,8,1) (9,106,7,1) (1,11,4,1) 
(98,131,3,1) (25,31,15,1) (51,105,11,1) (125,127,10,1) (122,5,15,1) (121,100,14,1) (93,9,8,1) (78,81,19,1) (149,88,13,1) (107,78,9,1) (81,34,19,1) (47,48,18,1) (23,111,12,1) (90,116,2,1) (58,147,12,1) (85,45,14,1) (145,49,9,1) (43,112,11,1) (48,49,12,1) (58,50,11,1) 
(128,18,10,1) (95,84,8,1) (112,93,10,1) (71,53,6,1) (17,103,12,1) (24,80,6,1) (37,108,6,1) (108,139,14,1) (50,128,10,1) (59,40,10,1) (51,109,12,1) (128,86,13,1) (36,91,8,1) (93,36,18,1) (80,67,15,1) (19,98,14,1) (52,5,2,1) (138,69,10,1) (127,6,11,1) (105,146,13,1) 
(126,52,14,1) (92,0,5,1) (68,50,6,1) (10,22,10,1) (109,146,5,1) (105,141,12,1) (11,85,3,1) (113,117,21,1) (120,35,15,1) (27,107,1,1) (60,118,17,1) (68,130,7,1) (30,6,14,1) (149,22,10,1) (106,41,11,1) (47,123,10,1) (5,87,21,1) (106,63,18,1) (51,106,10,1) (126,143,7,1) 
(51,124,12,1) (85,123,3,1) (74,42,3,1) (115,93,7,1) (148,95,15,1) (63,112,6,1) (1,63,23,1) (114,16,1,1) (133,95,2,1) (129,46,14,1) (35,27,12,1) (134,45,9,1) (79,135,20,1) (78,123,10,1) (42,25,12,1) (104,119,6,1) (106,136,10,1) (139,82,12,1) (22,23,9,1) (136,142,4,1) 
(38,60,11,1) (76,123,15,1) (87,39,8,1) (44,12,14,1) (82,37,14,1) (122,65,10,1) (45,120,9,1) (119,101,11,1) (65,51,6,1) (92,113,15,1) (40,91,17,1) (143,131,10,1) (67,95,9,1) (29,110,7,1) (89,48,12,1) (63,53,7,1) (4,50,5,1) (26,90,3,1) (39,90,14,1) (122,133,14,1) 
(21,0,5,1) (146,33,5,1) (60,11,8,1) (99,108,8,1) (130,146,14,1) (105,12,12,1) (140,80,5,1) (57,61,11,1) (17,34,12,1) (143,110,10,1) (121,10,14,1) (133,53,20,1) (14,147,18,1) (145,143,4,1) (15,20,9,1) (41,148,23,1) (79,145,20,1) (71,15,2,1) (109,33,7,1) (85,100,13,1) 
(122,4,8,1) (120,73,6,1) (48,138,8,1) (147,131,23,1) (142,107,9,1) (22,5,6,1) (23,83,7,1) (56,61,10,1) (82,46,16,1) (46,41,12,1) (144,40,6,1) (6,68,3,1) (106,127,20,1) (55,147,6,1) (85,89,9,1) (89,63,19,1) (77,106,11,1) (15,103,11,1) (3,78,13,1) (145,132,17,1) 
(148,144,6,1) (128,15,15,1) (39,63,15,1) (4,135,7,1) (31,102,20,1) (11,77,14,1) (116,128,12,1) (71,119,10,1) (143,16,14,1) (117,134,17,1) (8,138,11,1) (12,133,14,1) (86,100,20,1) (134,130,10,1) (26,68,7,1) (59,42,7,1) (126,124,4,1) (4,109,16,1) (132,111,13,1) (73,93,4,1) 
(38,78,6,1) (136,82,6,1) (40,5,10,1) (53,116,7,1) (60,93,8,1) (65,91,16,1) (91,0,11,1) (138,6,12,1) (51,84,15,1) (87,104,5,1) (18,31,9,1) (134,28,14,1) (147,69,18,1) (22,53,5,1) (58,70,11,1) (6,41,13,1) (52,13,11,1) (112,26,7,1) (62,75,11,1) (55,39,7,1) 
(88,109,4,1) (110,68,9,1) (2,33,16,1) (86,128,7,1) (111,3,17,1) (42,128,12,1) (56,110,11,1) (145,114,8,1) (105,37,11,1) (70,142,9,1) (73,50,13,1) (67,1,20,1) (29,111,14,1) (43,40,3,1) (41,5,10,1) (43,20,4,1) (34,93,4,1) (86,40,10,1) (27,51,12,1) (107,41,3,1) 
(53,64,13,1) (97,46,15,1) (1,140,10,1) (120,122,9,1) (75,108,6,1) (61,76,3,1) (149,138,15,1) (14,128,4,1) (87,149,12,1) (15,102,6,1) (3,40,13,1) (26,69,10,1) (86,124,5,1) (102,57,10,1) (143,65,17,1) (116,119,13,1) (14,23,14,1) (75,6,10,1) (122,1,4,1) (16,12,18,1) 
(63,1,12,1) (139,43,19,1) (39,41,9,1) (67,134,9,1) (131,37,6,1) (90,38,11,1) (7,14,7,1) (79,43,10,1) (115,11,5,1) (128,66,1,1) (4,14,7,1) (19,131,8,1) (45,129,1,1) (24,58,7,1) (131,97,13,1) (144,112,3,1) (63,120,4,1) (143,99,16,1) (117,126,17,1) (114,112,10,1) 
(87,30,15,1) (145,27,11,1) (124,32,10,1) (41,18,9,1) (82,71,4,1) (62,127,9,1) (73,105,8,1) (120,64,11,1) (33,2,6,1) (53,115,10,1) (82,63,9,1) (84,139,9,1) (140,91,2,1) (2,47,10,1) (61,130,17,1) (71,17,11,1) (149,22,14,1) (114,72,9,1) (109,3,6,1) (49,39,17,1) 
(143,47,11,1) (106,64,7,1) (38,91,13,1) (51,117,12,1) (57,108,16,1) (20,49,15,1) (55,97,7,1) (42,63,7,1) (89,91,16,1) (85,65,12,1) (131,114,12,1) (31,88,14,1) (129,106,15,1) (51,48,12,1) (103,6,16,1) (71,134,8,1) (107,56,9,1) (78,17,6,1) (58,63,3,1) (132,128,14,1) 
(145,146,6,1) (20,46,6,1) (35,76,12,1) (8,29,13,1) (145,116,1,1) (2,146,14,1) (27,48,5,1) (85,138,17,1) (125,111,8,1) (26,18,12,1) (127,30,11,1) (16,88,11,1) (45,142,11,1) (108,123,1,1) (90,134,15,1) (112,76,9,1) (123,22,13,1) (2,10,13,1) (61,4,10,1) (56,0,9,1) 
(22,137,15,1) (26,32,3,1) (41,101,15,1) (71,90,12,1) (77,140,9,1) (108,52,13,1) (62,4,12,1) (70,113,14,1) (63,81,8,1) (38,109,7,1) (31,81,7,1) (147,45,10,1) (143,6,18,1) (31,130,18,1) (57,30,7,1) (102,7,13,1) (129,94,14,1) (111,44,6,1) (9,70,2,1) (9,13,12,1) 
(84,28,13,1) (14,34,10,1) (147,70,10,1) (19,30,13,1) (47,141,5,1) (124,121,4,1) (140,22,10,1) (91,125,8,1) (91,144,4,1) (63,13,11,1) (1,118,10,1) (135,108,12,1) (63,26,6,1) (59,131,14,1) (80,21,13,1) (58,7,15,1) (41,107,8,1) (127,144,17,1) (123,58,15,1) (121,134,7,1) 
(74,41,9,1) (61,99,8,1) (108,32,13,1) (53,88,12,1) (40,45,14,1) (123,60,5,1) (105,134,5,1) (83,97,5,1) (18,139,18,1) (87,113,3,1) (60,46,16,1) (112,51,8,1) (89,16,23,1) (53,91,14,1) (42,35,5,1) (86,26,9,1) (112,13,5,1) (99,109,19,1) (105,68,14,1) (136,41,15,1) 
(36,45,11,1) (96,15,5,1) (44,116,15,1) (3,131,7,1) (105,107,12,1) (91,15,17,1) (94,17,9,1) (46,116,5,1) (111,98,6,1) (73,26,10,1) (71,14,18,1) (27,5,4,1) (147,47,11,1) (89,142,12,1) (61,148,16,1) (112,68,12,1) (130,59,11,1) (147,10,7,1) (147,48,15,1) (52,64,12,1) 
(123,20,8,1) (96,39,12,1) (114,43,9,1) (16,88,20,1) (119,86,2,1) (148,11,9,1) (16,6,15,1) (36,93,2,1) (122,44,7,1) (137,25,13,1) (80,77,5,1) (82,125,15,1) (81,104,8,1) (109,19,15,1) (39,82,7,1) (132,23,17,1) (101,100,15,1) (45,42,11,1) (49,132,7,1) (110,111,13,1) 
(68,5,8,1) (50,24,16,1) (146,90,14,1) (53,98,10,1) (5,17,16,1) (15,93,10,1) (69,149,6,1) (128,51,13,1) (138,102,10,1) (121,92,9,1) (102,109,14,1) (110,18,6,1) (131,92,13,1) (79,80,12,1) (56,76,20,1) (134,17,6,1) (146,64,11,1) (47,147,9,1) (144,96,17,1) (57,28,12,1) 
(90,141,8,1) (91,75,11,1) (23,4,9,1) (42,68,13,1) (73,111,10,1) (3,115,2,1) (8,19,8,1) (122,0,9,1) (134,50,7,1) (113,73,19,1) (10,123,12,1) (128,51,13,1) (57,56,6,1) (31,115,11,1) (121,117,10,1) (132,17,11,1) (41,29,13,1) (129,14,10,1) (100,103,6,1) (36,79,10,1) 
(73,132,13,1) (80,32,5,1) (49,76,7,1) (135,42,13,1) (78,46,6,1) (65,123,3,1) (28,30,10,1) (96,102,6,1) (98,63,15,1) (141,57,8,1) (108,15,6,1) (43,85,2,1) (28,90,10,1) (25,61,12,1) (68,145,12,1) (139,81,9,1) (133,122,7,1) (132,93,3,1) (7,76,8,1) (68,47,9,1) 
(31,9,14,1) (9,119,13,1) (39,47,11,1) (136,0,2,1) (87,44,11,1) (45,122,3,1) (115,100,11,1) (144,0,9,1) (71,31,15,1) (54,66,12,1) (125,115,6,1) (11,95,8,1) (45,144,9,1) (121,145,11,1) (132,124,9,1) (49,45,6,1) (80,86,9,1) (92,90,17,1) (124,119,6,1) (122,54,7,1) 
(51,65,6,1) (120,34,16,1) (12,147,15,1) (6,11,12,1) (126,131,11,1) (82,60,9,1) (110,28,4,1) (113,73,8,1) (54,110,17,1) (77,32,2,1) (135,7,13,1) (13,145,6,1) (136,60,8,1) (149,0,7,1) (51,148,7,1) (148,96,8,1) (87,45,5,1) (79,91,14,1) (8,76,13,1) (14,145,9,1) 
(28,134,11,1) (65,31,5,1) (103,35,8,1) (31,106,7,1) (34,16,10,1) (71,86,18,1) (71,7,13,1) (32,38,9,1) (106,17,4,1) (54,130,12,1) (25,30,9,1) (26,0,8,1) (47,70,18,1) (14,115,22,1) (39,79,11,1) (143,60,3,1) (36,115,10,1) (52,30,17,1) (69,11,12,1) (56,2,2,1) 
(105,43,11,1) (100,48,16,1) (48,50,1,1) (16,140,8,1) (85,133,3,1) (61,27,9,1) (32,79,5,1) (39,95,1,1) (24,8,6,1) (13,60,7,1) (32,119,14,1) (106,48,10,1) (42,30,2,1) (29,92,10,1) (59,141,9,1) (109,47,14,1) (81,83,15,1) (54,114,19,1) (84,88,10,1) (132,94,10,1) 
(120,43,4,1) (123,46,9,1) (137,138,1,1) (7,48,21,1) (100,99,6,1) (61,25,10,1) (8,119,7,1) (37,118,11,1) (7,53,9,1) (50,110,12,1) (37,144,12,1) (14,53,7,1) (109,5,5,1) (63,105,11,1) (119,13,11,1) (83,73,13,1) (11,35,17,1) (37,70,2,1) (93,145,8,1) (136,122,4,1) 
(86,59,12,1) (143,62,6,1) (76,51,11,1) (114,115,10,1) (1,100,9,1) (95,90,10,1) (45,108,3,1) (2,89,17,1) (37,97,16,1) (100,121,20,1) (19,136,10,1) (93,29,16,1) (35,77,6,1) (29,5,11,1) (57,4,6,1) (49,90,20,1) (115,30,11,1) (4,116,15,1) (64,6,12,1) (91,30,8,1) 
(53,119,12,1) (26,125,13,1) (108,22,11,1) (43,74,5,1) (73,51,4,1) (143,115,14,1) (113,104,10,1) (1,39,14,1) (43,97,12,1) (34,86,10,1) (117,144,6,1) (149,125,10,1) (138,134,6,1) (95,94,10,1) (114,26,8,1) (147,16,13,1) (137,13,4,1) (39,6,13,1) (79,62,11,1) (119,44,2,1) 
(71,61,13,1) (85,106,1,1) (28,94,5,1) (62,128,17,1) (143,147,15,1) (3,127,13,1) (113,77,5,1) (41,28,16,1) (23,14,4,1) (71,144,11,1) (20,107,1,1) (129,130,16,1) (5,143,6,1) (17,136,13,1) (84,118,9,1) (73,38,5,1) (145,99,7,1) (103,25,1,1) (140,70,15,1) (130,138,16,1) 
(117,57,9,1) (41,7,18,1) (75,139,7,1) (23,26,7,1) (100,16,9,1) (105,82,11,1) (47,120,12,1) (93,80,13,1) (129,93,15,1) (111,74,14,1) (80,12,3,1) (94,28,13,1) (25,136,11,1) (81,114,10,1) (121,115,13,1) (133,113,1,1) (147,134,11,1) (111,61,6,1) (98,142,6,1) (0,89,13,1) 
(16,124,3,1) (47,22,17,1) (128,4,11,1) (139,84,8,1) (46,42,10,1) (7,44,13,1) (2,11,3,1) (16,73,13,1) (14,87,8,1) (127,140,15,1) (31,131,3,1) (45,59,12,1) (116,37,18,1) (93,50,14,1) (123,20,14,1) (143,71,2,1) (118,25,6,1) (139,127,4,1) (24,57,28,1) (50,128,15,1) 
(1,131,6,1) (77,113,8,1) (99,125,10,1) (103,143,6,1) (51,81,14,1) (120,47,16,1) (24,92,10,1) (15,98,6,1) (20,92,20,1) (64,139,7,1) (77,21,20,1) (42,94,13,1) (103,43,9,1) (51,52,12,1) (64,128,11,1) (7,25,5,1) (13,39,11,1) (105,67,12,1) (14,34,20,1) (97,16,3,1) 
(145,134,9,1) (15,126,18,1) (74,96,12,1) (96,3,8,1) (82,54,9,1) (105,34,4,1) (80,103,8,1) (28,67,14,1) (17,110,11,1) (22,104,18,1) (78,109,8,1) (66,100,9,1) (92,115,13,1) (34,8,19,1) (47,91,18,1) (58,91,13,1) (4,91,11,1) (119,71,15,1) (44,3,15,1) (119,92,10,1) 
(146,119,12,1) (24,139,14,1) (42,1,13,1) (60,133,9,1) (63,47,5,1) (93,15,16,1) (89,80,8,1) (12,128,2,1) (144,92,18,1) (87,5,8,1) (113,93,7,1) (95,111,9,1) (126,92,15,1) (138,134,15,1) (0,20,10,1) (38,124,11,1) (57,71,6,1) (5,124,13,1) (26,111,18,1) (36,46,15,1) 
(53,78,13,1) (130,136,12,1) (61,41,16,1) (56,21,7,1) (8,78,6,1) (62,48,5,1) (48,79,7,1) (50,119,7,1) (97,57,13,1) (94,4,10,1) (53,21,16,1) (125,48,8,1) (127,107,10,1) (31,96,7,1) (40,97,12,1) (54,94,11,1) (67,117,4,1) (48,133,1,1) (92,62,2,1) (28,44,13,1) 
(101,15,8,1) (8,133,6,1) (44,128,6,1) (2,123,10,1) (66,121,8,1) (47,46,12,1) (50,17,4,1) (75,56,5,1) (102,6,13,1) (53,105,14,1) (27,67,14,1) (20,69,14,1) (52,139,17,1) (53,10,9,1) (94,137,4,1) (61,20,10,1) (137,39,20,1) (44,132,5,1) (84,93,21,1) (73,108,8,1) 
(4,82,3,1) (124,135,4,1) (31,12,7,1) (41,52,7,1) (25,134,12,1) (127,135,6,1) (98,45,18,1) (134,20,10,1) (32,23,12,1) (93,141,14,1) (71,19,21,1) (46,148,8,1) (18,2,11,1) (29,146,9,1) (130,128,17,1) (26,149,14,1) (34,15,13,1) (42,52,12,1) (93,60,8,1) (5,145,11,1) 
(138,146,6,1) (66,5,15,1) (143,4,12,1) (67,3,17,1) (97,78,13,1) (144,78,10,1) (1,79,11,1) (97,31,5,1) (28,103,8,1) (7,149,14,1) (27,134,10,1) (144,131,6,1) (19,89,10,1) (21,97,19,1) (35,38,10,1) (41,139,11,1) (146,55,16,1) (104,67,16,1) (114,134,5,1) (33,106,18,1) 
(149,70,6,1) (110,33,15,1) (46,32,16,1) (125,21,4,1) (0,55,7,1) (144,26,3,1) (59,87,1,1) (48,136,9,1) (112,38,9,1) (113,0,6,1) (145,56,15,1) (12,95,3,1) (34,138,13,1) (55,111,12,1) (57,52,12,1) (107,85,4,1) (59,149,16,1) (52,58,9,1) (120,29,12,1) (95,114,10,1) 
(9,10,3,1) (35,125,9,1) (47,34,8,1) (84,120,14,1) (81,111,6,1) (112,58,19,1) (131,115,8,1) (96,5,2,1) (109,119,10,1) (6,61,9,1) (125,29,10,1) (28,0,7,1) (3,120,7,1) (120,104,4,1) (14,23,18,1) (141,0,8,1) (5,134,4,1) (122,140,9,1) (145,13,5,1) (13,134,3,1) 
(107,129,9,1) (123,128,16,1) (19,63,13,1) (64,143,19,1) (2,41,18,1) (117,46,3,1) (46,146,12,1) (39,98,2,1) (127,38,8,1) (1,138,6,1) (46,92,10,1) (117,53,10,1) (57,85,11,1) (30,23,14,1) (91,17,4,1) (15,110,12,1) (57,27,9,1) (97,40,17,1) (33,149,10,1) (84,24,10,1) 
(132,51,5,1) (29,11,14,1) (86,125,9,1) (39,29,17,1) (26,116,21,1) (82,135,3,1) (131,0,6,1) (63,49,8,1) (62,140,12,1) (53,125,8,1) (135,95,20,1) (38,90,14,1) (78,16,10,1) (80,17,6,1) (67,11,9,1) (106,43,10,1) (132,128,9,1) (74,105,9,1) (41,66,16,1) (149,117,9,1) 
(54,126,14,1) (94,82,8,1) (98,38,11,1) (142,8,10,1) (107,59,5,1) (147,54,1,1) (88,61,5,1) (103,117,11,1) (83,85,7,1) (95,111,4,1) (132,51,8,1) (3,139,7,1) (41,26,13,1) (48,132,9,1) (38,140,13,1) (24,147,6,1) (116,112,19,1) (114,40,19,1) (79,139,9,1) (121,69,10,1) 
(6,83,15,1) (148,114,12,1) (147,87,15,1) (130,2,10,1) (66,1,11,1) (26,59,1,1) (22,20,8,1) (48,99,15,1) (62,65,15,1) (42,95,3,1) (118,32,7,1) (27,95,13,1) (39,25,6,1) (147,121,15,1) (16,59,7,1) (86,12,5,1) (83,47,13,1) (31,64,11,1) (139,29,5,1) (60,55,13,1) 
(132,45,10,1) (129,141,15,1) (146,2,12,1) (49,89,7,1) (12,35,11,1) (23,3,17,1) (76,121,8,1) (91,114,15,1) (22,117,2,1) (123,82,6,1) (25,125,7,1) (27,16,6,1) (12,10,11,1) (30,23,13,1) (116,44,11,1) (93,134,17,1) (102,23,12,1) (49,63,13,1) (74,21,1,1) (131,57,12,1) 
(23,7,13,1) (116,107,7,1) (16,111,8,1) (85,149,10,1) (140,129,13,1) (121,46,12,1) (106,141,15,1) (125,147,9,1) (87,46,3,1) (95,77,24,1) (61,63,13,1) (56,147,19,1) (93,44,5,1) (28,131,3,1) (16,101,14,1) (47,107,13,1) (19,86,4,1) (83,61,6,1) (149,132,19,1) (108,41,8,1) 
(111,79,3,1) (34,113,5,1) (45,12,9,1) (111,48,21,1) (85,8,11,1) (80,43,6,1) (1,19,7,1) (15,126,11,1) (121,23,13,1) (29,25,8,1) (19,149,14,1) (121,86,15,1) (128,43,13,1) (14,75,7,1) (141,32,4,1) (87,58,11,1) (126,45,12,1) (73,33,6,1) (75,5,10,1) (113,41,4,1) 
(117,124,6,1) (69,117,17,1) (73,80,10,1) (89,133,11,1) (136,22,11,1) (96,92,21,1) (24,5,11,1) (68,15,15,1) (119,35,7,1) (54,55,7,1) (113,96,15,1) (89,88,11,1) (12,147,15,1) (44,25,12,1) (92,104,9,1) (105,100,11,1) (86,2,11,1) (27,94,2,1) (149,58,16,1) (64,110,14,1) 
(124,21,4,1) (7,27,8,1) (129,111,13,1) (147,7,5,1) (115,97,10,1) (22,57,7,1) (34,87,2,1) (119,49,8,1) (61,14,3,1) (113,25,9,1) (14,100,6,1) (66,127,7,1) (32,148,12,1) (66,41,21,1) (8,126,7,1) (86,121,8,1) (115,121,17,1) (57,50,13,1) (78,137,11,1) (88,117,10,1) 
(129,75,16,1) (20,107,6,1) (124,114,17,1) (23,77,2,1) (131,9,8,1) (13,52,5,1) (124,123,18,1) (4,80,7,1) (88,112,11,1) (103,42,3,1) (107,100,4,1) (86,77,13,1) (51,112,1,1) (67,49,12,1) (4,20,8,1) (68,91,10,1) (85,79,3,1) (95,123,18,1) (34,21,8,1) (130,78,17,1) 
(15,86,9,1) (36,52,14,1) (35,69,15,1) (137,127,4,1) (44,110,11,1) (35,125,13,1) (52,113,9,1) (133,89,7,1) (131,108,1,1) (36,104,4,1) (51,130,14,1) (71,110,7,1) (42,87,15,1) (19,102,14,1) (13,70,17,1) (70,65,14,1) (2,145,3,1) (97,144,7,1) (51,63,10,1) (135,2,11,1) 
(40,83,8,1) (126,118,4,1) (148,127,2,1) (27,13,11,1) (133,48,8,1) (124,72,8,1) (46,30,6,1) (66,107,16,1) (32,146,14,1) (2,117,9,1) (60,38,12,1) (135,78,13,1) (38,66,11,1) (139,70,8,1) (69,2,13,1) (72,1,10,1) (140,8,10,1) (51,89,8,1) (69,74,14,1) (19,52,4,1) 
(35,63,16,1) (135,128,3,1) (9,141,15,1) (144,110,6,1) (47,23,7,1) (76,123,4,1) (74,87,11,1) (144,97,2,1) (87,50,21,1) (73,141,9,1) (14,140,12,1) (13,137,3,1) (6,123,9,1) (136,62,10,1) (35,30,5,1) (60,50,9,1) (126,61,13,1) (66,111,18,1) (24,80,8,1) (5,80,3,1) 
(132,106,11,1) (54,64,9,1) (111,29,8,1) (65,136,12,1) (111,26,10,1) (9,45,9,1) (31,34,5,1) (52,99,9,1) (130,126,7,1) (2,105,3,1) (86,125,8,1) (46,82,10,1) (22,143,7,1) (125,3,10,1) (44,99,14,1) (31,16,6,1) (118,35,13,1) (82,9,11,1) (141,7,15,1) (71,10,12,1) 
(50,64,12,1) (100,111,6,1) (126,74,9,1) (100,12,9,1) (87,46,7,1) (24,142,5,1) (101,19,13,1) (64,132,3,1) (146,8,15,1) (1,147,19,1) (41,10,3,1) (9,78,12,1) (125,112,16,1) (32,67,7,1) (133,129,7,1) (115,75,13,1) (74,141,14,1) (129,38,2,1) (13,119,3,1) (60,63,5,1) 
(12,36,6,1) (6,75,2,1) (98,24,13,1) (117,135,19,1) (87,0,1,1) (45,103,10,1) (94,30,10,1) (63,51,11,1) (136,78,17,1) (11,19,4,1) (109,116,14,1) (127,66,10,1) (143,84,11,1) (123,40,7,1) (5,144,19,1) (136,70,4,1) (73,33,8,1) (116,49,12,1) (41,123,14,1) (66,18,11,1) 