(29,46,10,1) (149,36,20,1) (103,117,13,1) (87,140,3,1) (48,128,12,1) (1,155,3,1) (56,163,15,1) (71,87,11,1) (24,149,8,1) (157,193,8,1) (171,92,12,1) (5,127,8,1) (67,42,15,1) (122,4,10,1) (101,68,12,1) (142,16,2,1) (92,125,5,1) (171,172,6,1) (132,118,12,1) (111,37,6,1) 
(185,88,18,1) (6,117,5,1) (60,13,7,1) (107,28,11,1) (133,106,6,1) (98,95,10,1) (120,112,19,1) (198,43,15,1) (87,14,11,1) (107,116,1,1) (1,166,16,1) (199,147,5,1) (169,54,14,1) (87,81,11,1) (71,8,9,1) (161,139,5,1) (140,132,6,1) (82,190,19,1) (4,93,10,1) (184,62,10,1) 
(146,110,4,1) (56,186,16,1) (176,154,1,1) (92,162,13,1) (191,48,8,1) (144,56,11,1) (49,10,8,1) (175,176,10,1) (46,178,13,1) (151,53,16,1) (172,146,13,1) (194,169,12,1) (30,108,21,1) (18,71,14,1) (63,45,15,1) (188,81,7,1) (167,23,7,1) (196,24,10,1) (86,145,11,1) (84,30,9,1) 
(160,66,20,1) (124,14,11,1) (199,80,11,1) (172,174,11,1) (137,147,9,1) (84,90,14,1) (75,2,21,1) (95,8,12,1) (58,15,8,1) (8,151,6,1) (85,53,9,1) (76,122,24,1) (12,196,11,1) (127,22,12,1) (151,31,14,1) (43,58,12,1) (133,112,15,1) (71,107,11,1) (68,48,3,1) (97,85,4,1) 
(111,99,5,1) (149,52,11,1) (169,109,8,1) (145,180,8,1) (126,111,7,1) (162,163,3,1) (188,77,7,1) (156,6,11,1) (113,155,23,1) (21,94,10,1) (36,157,9,1) (17,59,20,1) (162,67,13,1) (88,66,1,1) (155,177,17,1) (95,43,8,1) (110,103,5,1) (33,49,9,1) (27,157,17,1) (183,50,20,1) 
(62,165,18,1) (82,44,7,1) (2,145,16,1) (76,81,13,1) (47,60,2,1) (40,5,14,1) (181,180,8,1) (96,55,9,1) (52,182,4,1) (123,22,9,1) (70,58,20,1) (57,157,8,1) (191,125,14,1) (41,1,10,1) (79,145,12,1) (93,131,13,1) (10,103,5,1) (136,8,12,1) (93,190,12,1) (66,67,7,1) 
(81,37,3,1) (37,162,12,1) (74,75,6,1) (43,177,10,1) (72,107,9,1) (186,112,12,1) (54,16,4,1) (40,172,8,1) (179,187,18,1) (93,50,6,1) (9,172,18,1) (119,106,5,1) (12,97,6,1) (52,175,8,1) (85,76,17,1) (26,166,13,1) (144,92,7,1) (23,57,17,1) (85,123,14,1) (97,87,14,1) 
(188,99,12,1) (138,192,4,1) (116,64,7,1) (7,137,6,1) (170,5,6,1) (53,124,10,1) (198,94,5,1) (90,158,12,1) (4,170,7,1) (182,138,12,1) (59,84,13,1) (165,166,2,1) (158,18,10,1) (125,109,15,1) (114,10,3,1) (131,137,10,1) (118,61,8,1) (4,2,11,1) (35,170,10,1) (157,97,5,1) 
(73,114,11,1) (113,173,5,1) (187,92,6,1) (66,101,18,1) (49,10,13,1) (162,17,13,1) (92,81,9,1) (73,117,10,1) (147,115,12,1) (118,38,18,1) (51,49,7,1) (18,43,8,1) (51,96,10,1) (131,32,7,1) (69,103,9,1) (172,22,15,1) (133,89,16,1) (57,26,5,1) (13,43,8,1) (174,198,3,1) 
(132,185,17,1) (0,163,5,1) (39,89,13,1) (7,55,10,1) (20,108,11,1) (192,197,3,1) (171,53,15,1) (41,21,5,1) (122,191,17,1) (117,176,14,1) (77,127,10,1) (166,63,9,1) (108,195,7,1) (4,8,5,1) (123,116,2,1) (17,77,13,1) (130,17,10,1) (172,143,4,1) (166,75,10,1) (61,48,11,1) 
(154,168,4,1) (147,131,18,1) (129,61,13,1) (81,185,14,1) (56,42,2,1) (92,9,24,1) (71,147,9,1) (77,195,8,1) (41,134,19,1) (178,150,11,1) (177,69,18,1) (88,108,7,1) (122,61,13,1) (197,198,8,1) (181,10,12,1) (74,175,7,1) (57,161,17,1) (5,65,10,1) (50,53,6,1) (112,26,9,1) 
(164,178,13,1) (162,197,10,1) (34,176,5,1) (177,115,16,1) (16,46,10,1) (79,147,11,1) (47,22,15,1) (80,15,13,1) (46,99,11,1) (81,122,10,1) (93,75,3,1) (142,87,14,1) (117,133,14,1) (32,5,14,1) (64,159,14,1) (122,144,15,1) (132,112,18,1) (7,185,3,1) (180,106,11,1) (66,45,12,1) 
(140,152,10,1) (151,23,16,1) (113,104,14,1) (3,96,16,1) (161,24,15,1) (153,194,7,1) (189,198,12,1) (157,144,9,1) (12,104,6,1) (111,24,17,1) (52,133,11,1) (73,61,9,1) (107,8,3,1) (164,196,16,1) (26,131,15,1) (44,89,4,1) (20,194,8,1) (126,157,8,1) (114,125,13,1) (144,185,4,1) 
(103,58,15,1) (179,196,8,1) (7,81,10,1) (88,26,6,1) (123,148,9,1) (66,116,14,1) (4,180,21,1) (80,45,4,1) (166,57,14,1) (199,129,15,1) (42,155,20,1) (134,96,8,1) (192,50,8,1) (111,17,14,1) (27,167,7,1) (178,123,11,1) (69,60,11,1) (69,46,9,1) (175,31,2,1) (43,52,6,1) 
(181,125,21,1) (102,162,6,1) (157,87,5,1) (166,175,11,1) (155,132,14,1) (9,43,5,1) (73,142,2,1) (124,146,14,1) (114,104,1,1) (112,110,3,1) (75,66,14,1) (10,191,7,1) (130,44,12,1) (120,190,15,1) (93,121,7,1) (41,106,10,1) (13,149,6,1) (55,21,9,1) (73,64,9,1) (49,138,14,1) 
(107,48,13,1) (40,139,17,1) (53,157,2,1) (174,181,6,1) (7,32,12,1) (20,173,7,1) (34,75,23,1) (126,157,7,1) (101,153,12,1) (144,112,8,1) (121,137,12,1) (58,1,7,1) (130,72,15,1) (170,52,12,1) (107,144,9,1) (145,193,13,1) (61,44,17,1) (193,10,14,1) (32,175,17,1) (153,50,8,1) 
(185,123,15,1) (55,43,9,1) (188,38,8,1) (168,130,9,1) (132,123,5,1) (158,45,10,1) (162,156,5,1) (29,58,10,1) (39,87,13,1) (35,64,18,1) (9,50,19,1) (51,149,9,1) (121,190,16,1) (98,170,7,1) (170,39,11,1) (55,116,9,1) (192,82,4,1) (75,49,3,1) (192,63,9,1) (62,191,11,1) 
(31,134,7,1) (100,197,5,1) (153,12,17,1) (139,20,7,1) (124,12,3,1) (163,50,10,1) (110,13,17,1) (152,146,5,1) (73,174,11,1) (62,22,14,1) (18,16,8,1) (153,16,7,1) (72,151,13,1) (45,22,13,1) (8,150,10,1) (48,86,21,1) (173,159,19,1) (162,125,21,1) (120,18,10,1) (73,38,13,1) 
(198,21,17,1) (20,102,3,1) (111,6,11,1) (38,107,11,1) (142,98,6,1) (81,105,8,1) (86,78,19,1) (166,135,14,1) (168,188,10,1) (43,121,18,1) (17,101,4,1) (19,105,16,1) (110,187,9,1) (115,85,13,1) (14,196,16,1) (22,107,10,1) (184,38,14,1) (127,109,11,1) (145,153,2,1) (42,115,9,1) 
(197,86,4,1) (151,187,9,1) (84,102,10,1) (175,119,4,1) (133,100,9,1) (138,67,13,1) (84,184,19,1) (55,61,2,1) (196,31,12,1) (33,32,6,1) (133,172,12,1) (106,118,12,1) (144,135,12,1) (92,96,10,1) (124,95,13,1) (121,198,12,1) (35,48,18,1) (196,169,5,1) (106,138,18,1) (20,45,11,1) 
(146,35,17,1) (117,71,11,1) (182,176,3,1) (41,35,9,1) (146,19,12,1) (15,75,12,1) (118,192,6,1) (100,2,18,1) (101,184,8,1) (126,91,4,1) (167,107,11,1) (44,12,10,1) (185,18,15,1) (51,148,6,1) (1,10,13,1) (34,137,8,1) (79,110,3,1) (118,54,6,1) (42,173,10,1) (57,111,7,1) 
(16,190,18,1) (98,169,5,1) (181,92,13,1) (160,73,15,1) (86,34,8,1) (28,39,12,1) (136,133,6,1) (40,157,7,1) (142,170,7,1) (22,103,2,1) (187,51,8,1) (83,176,7,1) (180,120,7,1) (187,44,10,1) (150,48,7,1) (118,35,5,1) (4,37,16,1) (73,120,8,1) (59,144,3,1) (118,2,9,1) 
(94,54,14,1) (38,15,3,1) (193,9,6,1) (96,18,6,1) (113,16,21,1) (115,120,12,1) (185,75,14,1) (136,28,10,1) (150,77,6,1) (114,84,15,1) (29,121,5,1) (45,73,1,1) (66,70,6,1) (172,44,16,1) (129,55,2,1) (15,10,7,1) (27,70,15,1) (117,119,13,1) (80,18,14,1) (3,196,1,1) 
(150,84,7,1) (6,149,15,1) (111,28,5,1) (191,108,8,1) (132,98,17,1) (122,196,4,1) (182,54,5,1) (39,156,3,1) (43,15,10,1) (26,120,7,1) (134,99,15,1) (105,45,13,1) (132,154,21,1) (154,178,18,1) (92,196,10,1) (57,112,5,1) (170,39,3,1) (132,73,17,1) (139,39,17,1) (44,63,16,1) 
(14,139,5,1) (170,45,16,1) (55,86,11,1) (31,23,12,1) (176,88,5,1) (142,30,12,1) (3,165,11,1) (152,31,8,1) (81,76,23,1) (150,49,6,1) (124,89,13,1) (14,66,16,1) (181,192,22,1) (68,118,15,1) (122,160,9,1) (191,60,18,1) (19,146,6,1) (89,143,9,1) (138,153,13,1) (181,64,16,1) 
(157,106,12,1) (76,87,4,1) (30,38,6,1) (37,18,11,1) (51,101,2,1) (3,126,12,1) (86,143,6,1) (99,181,10,1) (131,42,20,1) (90,179,14,1) (11,142,20,1) (36,108,12,1) (186,175,14,1) (185,120,7,1) (41,141,7,1) (64,155,15,1) (101,179,19,1) (91,129,12,1) (68,28,9,1) (59,125,10,1) 
(174,150,7,1) (100,156,4,1) (9,18,9,1) (51,131,4,1) (85,98,5,1) (187,86,11,1) (165,118,6,1) (113,70,14,1) (93,11,11,1) (88,15,8,1) (14,116,7,1) (70,20,10,1) (70,117,18,1) (157,9,10,1) (159,3,13,1) (58,127,13,1) (142,159,14,1) (141,170,18,1) (57,73,5,1) (92,157,17,1) 
(121,0,13,1) (29,13,13,1) (108,96,14,1) (57,81,11,1) (195,166,10,1) (79,175,19,1) (167,180,7,1) (37,2,11,1) (136,173,13,1) (113,147,14,1) (59,139,12,1) (131,183,3,1) (118,133,11,1) (49,51,3,1) (38,90,14,1) (170,42,7,1) (26,123,9,1) (146,131,12,1) (174,165,12,1) (124,178,11,1) 
(54,3,14,1) (132,29,12,1) (171,72,17,1) (56,198,16,1) (140,105,10,1) (181,89,15,1) (29,127,3,1) (62,128,11,1) (111,191,6,1) (194,183,9,1) (117,102,8,1) (94,83,11,1) (166,17,14,1) (77,104,15,1) (42,105,9,1) (90,64,14,1) (105,182,10,1) (107,61,11,1) (195,26,6,1) (76,93,14,1) 
(72,101,7,1) (10,74,4,1) (108,157,1,1) (146,162,6,1) (136,56,4,1) (179,13,4,1) (96,35,7,1) (166,134,11,1) (30,66,13,1) (4,176,20,1) (36,115,13,1) (20,85,13,1) (21,158,13,1) (42,114,6,1) (114,191,15,1) (31,32,6,1) (88,182,9,1) (45,132,12,1) (135,12,10,1) (35,60,7,1) 
(104,8,8,1) (166,1,16,1) (145,143,15,1) (195,134,7,1) (183,107,2,1) (31,52,6,1) (49,135,4,1) (137,47,9,1) (187,109,10,1) (47,192,21,1) (54,30,7,1) (6,197,12,1) (139,9,7,1) (107,47,18,1) (67,169,10,1) (116,197,18,1) (114,49,15,1) (139,43,6,1) (49,187,13,1) (108,56,16,1) 
(199,188,11,1) (115,70,3,1) (35,182,8,1) (84,13,5,1) (15,193,7,1) (47,31,12,1) (159,18,5,1) (66,86,4,1) (0,31,24,1) (30,190,7,1) (106,117,7,1) (128,125,3,1) (60,4,11,1) (196,101,12,1) (33,112,11,1) (167,40,3,1) (110,50,2,1) (11,197,14,1) (102,193,5,1) (87,111,17,1) 
(21,151,14,1) (139,5,15,1) (123,24,3,1) (162,171,4,1) (12,28,5,1) (4,168,12,1) (63,14,3,1) (100,40,4,1) (25,120,13,1) (52,43,9,1) (43,180,4,1) (137,69,14,1) (188,159,13,1) (111,80,10,1) (20,32,11,1) (162,143,8,1) (73,70,7,1) (48,181,9,1) (149,94,13,1) (85,103,10,1) 
(9,178,13,1) (98,185,13,1) (44,5,8,1) (57,28,1,1) (83,127,9,1) (184,81,4,1) (113,63,13,1) (30,142,11,1) (172,124,12,1) (151,182,5,1) (52,56,14,1) (179,70,5,1) (162,83,17,1) (158,53,9,1) (196,63,6,1) (168,18,2,1) (149,159,7,1) (32,90,15,1) (44,62,13,1) (83,15,11,1) 
(44,68,9,1) (198,159,12,1) (56,136,3,1) (11,96,4,1) (96,145,20,1) (180,34,7,1) (2,75,10,1) (4,131,9,1) (118,140,11,1) (159,139,7,1) (3,126,6,1) (145,143,16,1) (12,95,14,1) (135,9,8,1) (169,38,21,1) (174,108,8,1) (82,191,4,1) (136,10,15,1) (121,19,19,1) (129,161,14,1) 
(96,18,21,1) (181,41,12,1) (130,28,12,1) (41,120,10,1) (70,37,13,1) (184,15,4,1) (109,127,10,1) (35,131,13,1) (8,9,16,1) (80,145,9,1) (59,61,3,1) (47,187,11,1) (86,183,7,1) (43,113,15,1) (10,34,16,1) (8,56,13,1) (196,71,2,1) (121,81,14,1) (144,73,12,1) (106,125,18,1) 
(8,156,9,1) (182,79,7,1) (5,139,11,1) (107,146,3,1) (113,70,8,1) (70,104,3,1) (151,104,4,1) (179,55,11,1) (18,196,17,1) (13,177,17,1) (117,175,13,1) (58,68,15,1) (6,174,5,1) (113,15,8,1) (65,114,8,1) (159,125,9,1) (26,54,9,1) (14,121,8,1) (111,91,15,1) (101,14,14,1) 
(73,121,10,1) (4,21,9,1) (139,48,5,1) (116,78,7,1) (195,73,11,1) (198,115,11,1) (149,100,15,1) (179,136,7,1) (110,29,7,1) (24,87,8,1) (81,82,16,1) (93,193,10,1) (32,62,11,1) (3,20,10,1) (143,10,10,1) (62,194,6,1) (160,28,11,1) (0,61,9,1) (169,178,21,1) (10,196,4,1) 
(103,157,4,1) (112,123,9,1) (146,28,1,1) (2,17,4,1) (6,144,12,1) (4,49,8,1) (138,103,11,1) (122,134,4,1) (120,26,5,1) (106,136,13,1) (44,113,14,1) (72,80,14,1) (63,57,9,1) (20,39,22,1) (180,14,8,1) (7,21,7,1) (145,94,2,1) (168,95,14,1) (56,61,13,1) (2,52,18,1) 
(125,117,10,1) (1,14,11,1) (165,163,12,1) (21,68,5,1) (23,95,14,1) (142,67,14,1) (15,181,14,1) (46,36,15,1) (160,150,13,1) (9,187,17,1) (104,3,8,1) (83,8,11,1) (120,20,12,1) (162,64,6,1) (98,106,7,1) (196,107,10,1) (73,17,15,1) (140,181,10,1) (124,27,4,1) (33,115,6,1) 
(11,38,8,1) (82,149,16,1) (41,160,14,1) (51,17,21,1) (144,84,11,1) (139,13,10,1) (170,70,16,1) (114,121,11,1) (126,158,17,1) (44,56,1,1) (24,59,16,1) (25,127,14,1) (74,51,3,1) (43,128,13,1) (187,95,18,1) (155,160,7,1) (125,192,9,1) (105,164,6,1) (71,54,15,1) (10,64,15,1) 
(23,38,9,1) (107,24,12,1) (157,151,3,1) (14,158,8,1) (57,156,15,1) (175,9,16,1) (27,70,5,1) (124,39,7,1) (71,64,9,1) (52,151,10,1) (56,36,7,1) (37,56,8,1) (8,122,4,1) (194,160,5,1) (158,105,12,1) (150,82,12,1) (163,74,4,1) (29,112,14,1) (61,11,17,1) (177,30,10,1) 
(177,5,19,1) (188,35,14,1) (155,184,11,1) (57,138,1,1) (97,139,5,1) (65,184,14,1) (126,39,12,1) (118,90,9,1) (83,81,7,1) (178,68,21,1) (173,24,10,1) (73,178,6,1) (1,196,11,1) (118,14,6,1) (146,139,1,1) (23,56,17,1) (49,150,8,1) (153,91,15,1) (121,57,12,1) (3,183,19,1) 
(101,55,8,1) (38,188,7,1) (120,162,6,1) (164,137,17,1) (90,47,4,1) (49,165,4,1) (69,46,6,1) (186,196,22,1) (51,150,11,1) (184,132,11,1) (0,24,4,1) (88,170,12,1) (133,11,13,1) (184,120,11,1) (136,32,3,1) (170,42,15,1) (25,58,7,1) (148,76,10,1) (161,156,8,1) (77,91,8,1) 
(106,59,11,1) (80,130,16,1) (126,36,12,1) (181,94,9,1) (94,191,13,1) (166,160,26,1) (24,135,8,1) (59,47,6,1) (95,166,13,1) (178,87,11,1) (197,33,12,1) (165,155,9,1) (106,26,17,1) (22,174,11,1) (36,151,12,1) (190,24,16,1) (86,75,3,1) (89,72,3,1) (76,166,15,1) (105,10,12,1) 
(31,120,18,1) (63,82,15,1) (199,197,9,1) (20,136,15,1) (117,132,7,1) (69,79,3,1) (28,64,9,1) (103,7,8,1) (198,122,10,1) (143,136,15,1) (60,98,6,1) (153,35,10,1) (197,180,8,1) (144,38,3,1) (22,47,14,1) (61,74,12,1) (162,113,11,1) (192,189,10,1) (65,73,17,1) (129,128,8,1) 
(77,165,11,1) (192,97,4,1) (112,55,10,1) (117,61,10,1) (9,90,18,1) (16,65,11,1) (177,27,13,1) (48,35,11,1) (72,91,2,1) (47,56,12,1) (199,12,8,1) (100,157,17,1) (108,104,13,1) (88,73,11,1) (6,192,4,1) (110,48,6,1) (161,97,6,1) (29,195,6,1) (187,83,18,1) (26,72,6,1) 
(66,196,12,1) (50,179,4,1) (189,88,1,1) (12,192,8,1) (110,73,17,1) (20,158,7,1) (84,128,14,1) (143,176,7,1) (51,22,24,1) (167,193,2,1) (153,75,13,1) (147,159,6,1) (65,128,6,1) (90,72,15,1) (71,174,13,1) (88,174,5,1) (125,187,7,1) (10,194,11,1) (182,193,10,1) (151,140,7,1) 
(148,189,10,1) (82,99,16,1) (15,141,9,1) (57,28,15,1) (48,190,11,1) (151,24,15,1) (164,75,16,1) (156,28,5,1) (185,155,11,1) (143,80,9,1) (4,159,9,1) (115,77,7,1) (182,55,18,1) (163,19,12,1) (178,69,9,1) (135,22,14,1) (186,103,8,1) (181,69,12,1) (144,118,14,1) (14,16,4,1) 
(5,186,16,1) (100,132,5,1) (133,161,11,1) (54,63,6,1) (63,10,13,1) (188,62,8,1) (2,39,11,1) (36,89,2,1) (50,20,13,1) (13,196,12,1) (12,143,17,1) (80,32,8,1) (125,21,14,1) (30,138,6,1) (64,104,9,1) (182,98,9,1) (123,143,11,1) (39,165,12,1) (1,183,8,1) (70,32,14,1) 
(86,107,10,1) (136,4,4,1) (105,120,7,1) (109,24,7,1) (143,168,5,1) (133,49,16,1) (162,81,13,1) (179,136,6,1) (69,49,4,1) (53,176,13,1) (49,84,4,1) (26,188,4,1) (156,32,7,1) (153,146,10,1) (103,53,10,1) (161,87,10,1) (82,41,10,1) (128,164,11,1) (153,120,11,1) (190,100,10,1) 
(154,152,12,1) (9,136,8,1) (181,33,15,1) (1,110,7,1) (182,178,9,1) (167,195,2,1) (44,47,7,1) (160,21,8,1) (106,78,8,1) (2,50,1,1) (178,45,11,1) (21,116,15,1) (42,182,14,1) (97,16,5,1) (167,127,14,1) (150,63,11,1) (22,4,1,1) (66,69,10,1) (51,162,6,1) (33,24,18,1) 
(162,144,14,1) (50,99,10,1) (161,189,5,1) (31,47,6,1) (196,103,11,1) (124,187,10,1) (46,80,10,1) (164,82,10,1) (178,16,15,1) (181,64,8,1) (131,198,19,1) (118,49,4,1) (199,118,9,1) (9,166,21,1) (123,35,12,1) (162,94,6,1) (59,53,3,1) (107,5,8,1) (18,55,8,1) (99,82,7,1) 
(49,141,6,1) (12,183,2,1) (123,55,17,1) (198,120,9,1) (83,25,21,1) (144,125,4,1) (34,124,14,1) (75,175,5,1) (105,28,13,1) (193,28,18,1) (32,126,8,1) (174,186,9,1) (175,148,6,1) (179,197,9,1) (86,3,4,1) (91,131,12,1) (47,103,12,1) (99,83,13,1) (38,104,19,1) (119,42,7,1) 
(67,52,1,1) (29,16,8,1) (39,117,11,1) (199,120,12,1) (33,14,13,1) (44,76,2,1) (117,179,3,1) (85,44,9,1) (135,73,4,1) (135,4,14,1) (156,170,8,1) (49,190,20,1) (193,55,18,1) (172,36,6,1) (184,48,21,1) (57,42,18,1) (22,102,2,1) (63,172,13,1) (41,34,5,1) (160,86,4,1) 
(52,27,14,1) (85,136,15,1) (168,177,13,1) (173,40,11,1) (33,123,11,1) (116,174,15,1) (24,134,16,1) (52,189,10,1) (18,46,11,1) (101,24,9,1) (160,143,4,1) (53,168,3,1) (164,111,14,1) (89,28,8,1) (64,160,13,1) (155,22,7,1) (28,198,8,1) (66,193,15,1) (11,9,26,1) (104,123,7,1) 
(6,76,5,1) (145,186,11,1) (97,95,4,1) (15,53,14,1) (96,44,11,1) (61,160,6,1) (39,0,8,1) (184,51,14,1) (8,50,1,1) (170,83,9,1) (171,129,6,1) (84,101,16,1) (181,142,8,1) (125,123,13,1) (190,78,12,1) (186,91,4,1) (99,2,6,1) (99,125,10,1) (32,71,16,1) (82,33,9,1) 
(56,106,12,1) (13,181,14,1) (174,5,11,1) (121,52,9,1) (104,175,19,1) (3,35,5,1) (24,136,10,1) (97,168,19,1) (137,55,8,1) (77,107,11,1) (13,185,11,1) (57,140,19,1) (13,130,11,1) (37,151,13,1) (44,64,9,1) (181,50,7,1) (136,10,12,1) (159,87,8,1) (133,0,8,1) (43,104,16,1) 
(15,113,15,1) (58,112,6,1) (99,144,12,1) (177,74,17,1) (150,0,10,1) (59,149,13,1) (86,33,12,1) (111,27,13,1) (137,107,10,1) (45,5,14,1) (72,17,11,1) (161,149,16,1) (178,107,3,1) (133,182,6,1) (36,87,17,1) (103,21,7,1) (104,121,12,1) (144,53,8,1) (1,107,16,1) (103,149,3,1) 
(57,83,12,1) (79,143,5,1) (69,188,17,1) (3,74,7,1) (128,159,4,1) (38,152,16,1) (45,187,11,1) (48,50,12,1) (37,104,4,1) (66,32,6,1) (194,85,14,1) (11,68,8,1) (31,90,10,1) (111,65,11,1) (70,59,16,1) (152,160,1,1) (110,49,19,1) (119,76,14,1) (121,190,6,1) (5,77,19,1) 
(3,157,13,1) (19,145,8,1) (195,177,4,1) (173,52,11,1) (15,138,13,1) (189,190,12,1) (59,121,4,1) (34,191,14,1) (83,192,5,1) (2,79,17,1) (158,91,9,1) (18,102,18,1) (26,106,12,1) (116,49,10,1) (121,49,7,1) (120,154,12,1) (177,90,16,1) (35,30,13,1) (166,42,6,1) (75,199,10,1) 
(154,66,10,1) (45,172,10,1) (89,16,16,1) (97,19,5,1) (37,0,10,1) (108,65,5,1) (143,114,12,1) (78,138,16,1) (57,160,7,1) (33,125,10,1) (6,111,7,1) (128,125,2,1) (10,79,14,1) (73,191,16,1) (107,111,3,1) (4,166,15,1) (99,10,12,1) (198,82,6,1) (89,27,10,1) (31,165,8,1) 
(9,86,10,1) (27,81,18,1) (194,37,16,1) (120,50,13,1) (183,159,18,1) (197,196,4,1) (170,21,13,1) (135,103,7,1) (91,22,14,1) (6,120,5,1) (169,91,13,1) (65,98,8,1) (84,7,7,1) (14,189,16,1) (180,14,10,1) (132,104,8,1) (145,167,2,1) (114,94,2,1) (33,84,14,1) (64,33,20,1) 
(62,6,1,1) (109,154,17,1) (12,43,10,1) (20,165,11,1) (126,95,24,1) (11,46,11,1) (61,112,11,1) (98,61,12,1) (199,102,1,1) (175,0,19,1) (25,121,10,1) (89,135,11,1) (48,171,16,1) (172,12,18,1) (41,146,7,1) (159,170,9,1) (105,167,11,1) (76,175,13,1) (199,32,16,1) (113,140,11,1) 
(9,56,15,1) (77,67,10,1) (62,116,5,1) (23,1,5,1) (85,167,16,1) (20,117,16,1) (62,59,2,1) (74,35,13,1) (17,176,7,1) (167,153,12,1) (141,117,5,1) (110,85,19,1) (135,53,7,1) (85,161,1,1) (175,179,4,1) (84,65,17,1) (122,93,9,1) (81,79,7,1) (197,188,14,1) (20,167,13,1) 
(154,185,17,1) (8,7,13,1) (183,62,11,1) (187,111,8,1) (48,167,19,1) (127,35,12,1) (54,51,3,1) (114,50,7,1) (104,58,1,1) (181,25,8,1) (13,106,16,1) (140,14,17,1) (15,79,5,1) (12,53,11,1) (49,104,14,1) (16,77,11,1) (27,85,6,1) (27,29,10,1) (117,11,9,1) (143,155,15,1) 
(104,184,8,1) (136,128,17,1) (100,131,3,1) (19,196,7,1) (11,174,14,1) (14,99,17,1) (143,162,10,1) (186,1,18,1) (184,86,17,1) (157,104,4,1) (196,74,12,1) (133,156,8,1) (130,167,20,1) (93,185,11,1) (160,130,10,1) (146,13,20,1) (48,134,6,1) (77,181,14,1) (84,103,6,1) (192,58,6,1) 
(129,116,9,1) (109,57,5,1) (48,100,7,1) (75,101,14,1) (170,186,9,1) (101,60,10,1) (73,165,12,1) (178,179,14,1) (199,168,15,1) (61,36,11,1) (39,71,6,1) (81,61,7,1) (3,64,14,1) (191,83,8,1) (45,137,17,1) (13,5,15,1) (118,21,6,1) (141,83,13,1) (51,82,14,1) (34,13,17,1) 
(57,14,13,1) (196,131,9,1) (70,44,8,1) (86,90,8,1) (56,78,7,1) (177,34,3,1) (52,38,14,1) (133,78,1,1) (55,185,7,1) (155,108,4,1) (196,157,12,1) (115,114,3,1) (46,146,16,1) (126,32,3,1) (44,3,18,1) (198,132,13,1) (34,91,2,1) (112,59,7,1) (99,50,6,1) (44,86,6,1) 
(185,50,12,1) (69,10,2,1) (148,38,12,1) (125,32,12,1) (170,177,11,1) (64,85,9,1) (161,143,8,1) (46,48,2,1) (146,156,25,1) (140,32,17,1) (64,125,18,1) (15,92,11,1) (130,25,10,1) (116,183,14,1) (191,70,10,1) (167,146,8,1) (11,18,6,1) (134,95,22,1) (7,120,6,1) (157,6,5,1) 
(13,146,8,1) (93,168,13,1) (88,154,7,1) (185,113,7,1) (147,162,10,1) (64,76,11,1) (25,42,10,1) (40,154,13,1) (127,89,4,1) (112,196,8,1) (5,86,21,1) (161,106,17,1) (107,158,7,1) (165,101,3,1) (58,147,6,1) (60,19,16,1) (6,42,10,1) (144,86,1,1) (38,79,17,1) (27,176,9,1) 
(20,9,9,1) (10,2,5,1) (90,186,3,1) (136,195,9,1) (41,70,12,1) (151,55,7,1) (125,78,10,1) (42,183,5,1) (141,21,15,1) (25,29,5,1) (8,33,16,1) (89,103,10,1) (24,14,14,1) (134,39,10,1) (137,101,11,1) (127,179,11,1) (22,69,6,1) (59,137,20,1) (59,169,1,1) (54,126,9,1) 
(47,46,15,1) (54,79,7,1) (0,117,6,1) (26,8,13,1) (195,191,8,1) (47,34,12,1) (147,85,8,1) (193,155,13,1) (62,106,14,1) (147,184,10,1) (49,143,9,1) (144,61,15,1) (70,29,19,1) (154,30,9,1) (33,17,6,1) (6,199,5,1) (48,186,10,1) (195,52,17,1) (164,8,12,1) (192,12,15,1) 
(175,36,13,1) (26,133,13,1) (18,14,14,1) (174,45,13,1) (29,165,14,1) (41,60,5,1) (70,102,8,1) (38,136,6,1) (7,154,7,1) (179,10,10,1) (131,37,7,1) (100,193,12,1) (25,112,16,1) (32,47,4,1) (173,16,11,1) (45,70,16,1) (75,55,9,1) (178,103,10,1) (74,18,10,1) (52,32,12,1) 
(172,120,13,1) (102,72,11,1) (179,120,16,1) (116,95,11,1) (104,176,10,1) (129,196,8,1) (104,18,13,1) (88,108,8,1) (52,124,12,1) (99,20,7,1) (114,165,21,1) (50,197,18,1) (67,133,12,1) (0,85,7,1) (42,76,14,1) (17,170,8,1) (143,197,8,1) (4,170,8,1) (169,3,8,1) (151,102,16,1) 
(178,42,7,1) (94,166,18,1) (31,137,7,1) (27,40,11,1) (101,134,5,1) (79,91,10,1) (195,193,5,1) (112,64,5,1) (179,112,13,1) (199,90,11,1) (152,72,11,1) (60,190,16,1) (122,114,16,1) (59,186,13,1) (14,76,6,1) (88,92,5,1) (68,62,6,1) (70,128,3,1) (149,62,5,1) (78,61,6,1) 
(41,59,4,1) (120,153,13,1) (9,197,9,1) (125,156,13,1) (23,115,15,1) (36,77,10,1) (96,112,3,1) (2,107,10,1) (19,85,18,1) (128,171,13,1) (67,98,9,1) (53,94,11,1) (191,34,15,1) (84,12,15,1) (163,98,6,1) (130,156,14,1) (72,45,10,1) (175,137,9,1) (51,136,8,1) (70,190,14,1) 
(133,68,15,1) (198,45,9,1) (52,191,14,1) (113,25,16,1) (178,34,7,1) (178,93,9,1) (7,164,3,1) (49,129,12,1) (8,20,8,1) (136,97,7,1) (62,139,6,1) (109,10,18,1) (113,174,11,1) (147,116,20,1) (55,94,7,1) (51,35,2,1) (1,95,9,1) (91,121,14,1) (178,40,11,1) (87,38,1,1) 
(31,116,12,1) (168,191,11,1) (133,197,11,1) (90,75,4,1) (155,172,9,1) (127,18,10,1) (146,73,8,1) (80,187,10,1) (88,199,9,1) (181,132,8,1) (75,63,9,1) (87,157,2,1) (134,7,14,1) (158,185,17,1) (71,172,11,1) (120,55,9,1) (46,48,5,1) (157,51,3,1) (119,18,6,1) (1,51,16,1) 
(168,194,15,1) (34,118,6,1) (191,68,11,1) (151,90,3,1) (17,149,15,1) (8,176,11,1) (19,100,5,1) (16,101,5,1) (176,183,7,1) (84,119,9,1) (146,132,18,1) (99,111,10,1) (90,110,19,1) (162,11,11,1) (160,154,13,1) (108,105,15,1) (154,131,11,1) (4,175,3,1) (1,128,7,1) (61,55,10,1) 
(193,89,3,1) (198,143,9,1) (91,180,5,1) (28,54,11,1) (68,143,12,1) (122,27,5,1) (186,48,9,1) (81,199,16,1) (164,37,10,1) (111,65,22,1) (149,160,3,1) (176,78,3,1) (69,0,5,1) (146,30,10,1) (70,196,5,1) (48,169,16,1) (70,114,10,1) (22,32,8,1) (138,159,16,1) (152,151,8,1) 
(61,155,17,1) (145,118,12,1) (66,24,12,1) (23,149,5,1) (85,73,12,1) (35,38,8,1) (80,178,3,1) (94,7,1,1) (149,92,1,1) (23,21,16,1) (84,177,7,1) (111,80,15,1) (6,79,8,1) (127,182,10,1) (133,131,3,1) (39,92,8,1) (157,99,6,1) (66,17,12,1) (186,110,11,1) (76,13,24,1) 
(192,38,5,1) (89,47,21,1) (73,42,13,1) (181,112,8,1) (133,135,9,1) (130,171,8,1) (79,151,9,1) (150,23,13,1) (198,37,7,1) (18,137,13,1) (53,82,12,1) (170,61,19,1) (82,192,14,1) (67,126,14,1) (47,167,16,1) (33,30,14,1) (6,10,13,1) (94,156,19,1) (88,23,23,1) (129,137,5,1) 
(36,107,14,1) (144,198,6,1) (177,32,8,1) (57,186,7,1) (118,187,11,1) (158,199,7,1) (148,164,14,1) (91,64,6,1) (20,11,12,1) (146,150,14,1) (114,138,12,1) (113,61,4,1) (11,125,8,1) (84,123,15,1) (177,154,7,1) (4,37,10,1) (181,10,9,1) (12,85,12,1) (110,143,15,1) (133,59,1,1) 
(177,193,11,1) (48,152,10,1) (58,150,11,1) (122,106,7,1) (68,171,8,1) (97,10,1,1) (64,167,10,1) (164,113,9,1) (136,131,10,1) (148,142,10,1) (40,151,11,1) (8,174,13,1) (138,28,12,1) (13,155,11,1) (80,196,16,1) (60,58,12,1) (27,198,13,1) (176,128,11,1) (26,174,14,1) (112,116,10,1) 
(187,136,10,1) (150,115,10,1) (53,31,14,1) (41,199,4,1) (159,179,18,1) (100,45,8,1) (175,146,2,1) (151,35,7,1) (96,118,8,1) (192,98,15,1) (82,50,16,1) (48,197,9,1) (179,53,13,1) (39,80,9,1) (22,174,17,1) (21,103,7,1) (20,108,15,1) (168,23,6,1) (143,188,1,1) (120,197,16,1) 
(61,117,18,1) (116,114,8,1) (121,163,11,1) (119,177,8,1) (153,155,15,1) (100,79,20,1) (175,78,8,1) (60,19,4,1) (111,179,5,1) (171,91,6,1) (125,179,3,1) (126,114,5,1) (18,153,9,1) (68,57,9,1) (59,118,8,1) (34,9,6,1) (84,73,8,1) (124,31,12,1) (28,36,9,1) (84,110,5,1) 
(33,143,7,1) (5,187,17,1) (187,31,9,1) (54,93,16,1) (194,70,13,1) (63,5,9,1) (47,160,3,1) (22,151,15,1) (170,54,15,1) (161,132,15,1) (137,146,7,1) (107,154,12,1) (67,119,15,1) (117,13,10,1) (149,174,10,1) (168,81,5,1) (56,133,7,1) (84,90,8,1) (187,71,12,1) (171,134,13,1) 
(84,16,21,1) (58,38,4,1) (73,29,10,1) (61,109,5,1) (112,34,3,1) (111,7,15,1) (50,46,5,1) (39,127,10,1) (23,83,12,1) (172,58,6,1) (159,80,9,1) (63,59,3,1) (56,100,8,1) (50,26,12,1) (52,30,13,1) (79,108,7,1) (91,131,11,1) (184,0,18,1) (183,40,14,1) (151,107,18,1) 
(10,136,18,1) (7,27,19,1) (8,18,2,1) (169,122,16,1) (73,172,12,1) (108,13,9,1) (164,166,5,1) (113,155,10,1) (188,72,13,1) (61,93,12,1) (5,175,1,1) (0,197,11,1) (141,154,14,1) (34,146,7,1) (35,74,11,1) (34,176,12,1) (198,179,14,1) (163,64,10,1) (184,110,5,1) (25,39,11,1) 
(194,129,15,1) (41,91,3,1) (105,53,7,1) (188,8,12,1) (183,153,5,1) (187,87,12,1) (15,170,13,1) (148,158,10,1) (193,198,5,1) (41,34,14,1) (38,155,4,1) (0,132,11,1) (48,8,3,1) (86,101,10,1) (87,176,6,1) (126,64,14,1) (54,45,21,1) (172,1,6,1) (93,78,11,1) (97,148,10,1) 
(192,159,8,1) (167,105,12,1) (126,56,9,1) (193,6,8,1) (26,91,12,1) (96,16,14,1) (75,41,5,1) (141,135,4,1) (161,183,12,1) (130,66,17,1) (14,17,11,1) (59,116,11,1) (54,114,6,1) (9,105,10,1) (105,46,13,1) (162,152,12,1) (15,45,7,1) (88,55,2,1) (195,1,11,1) (162,114,10,1) 
(165,71,3,1) (164,163,6,1) (107,142,7,1) (163,141,12,1) (93,96,8,1) (57,33,4,1) (2,181,10,1) (112,16,5,1) (3,169,11,1) (33,180,7,1) (108,40,12,1) (27,136,5,1) (73,4,8,1) (101,28,7,1) (66,20,9,1) (171,83,3,1) (111,159,17,1) (88,156,6,1) (167,85,11,1) (13,38,10,1) 
(64,150,7,1) (13,5,10,1) (192,145,17,1) (192,194,2,1) (183,175,14,1) (180,60,6,1) (46,189,13,1) (177,188,13,1) (40,162,15,1) (199,197,10,1) (48,167,6,1) (140,91,9,1) (188,53,9,1) (151,103,14,1) (123,130,6,1) (1,94,2,1) (59,188,5,1) (164,47,9,1) (12,82,12,1) (184,115,13,1) 
(63,54,9,1) (17,138,6,1) (85,84,11,1) (41,148,13,1) (49,183,19,1) (104,133,4,1) (123,47,17,1) (138,6,14,1) (181,18,9,1) (172,163,10,1) (179,95,11,1) (4,170,10,1) (71,56,16,1) (146,182,2,1) (171,87,7,1) (85,89,9,1) (67,91,12,1) (52,103,7,1) (119,140,14,1) (179,6,11,1) 
(13,135,13,1) (165,195,9,1) (84,0,14,1) (92,181,10,1) (115,185,9,1) (104,183,10,1) (62,128,11,1) (148,116,11,1) (23,94,11,1) (181,82,6,1) (28,165,9,1) (101,11,14,1) (184,127,10,1) (159,16,4,1) (102,120,10,1) (29,192,5,1) (183,24,3,1) (137,35,16,1) (136,190,15,1) (167,50,1,1) 
(103,173,12,1) (104,139,14,1) (114,167,10,1) (11,76,9,1) (184,127,17,1) (44,166,9,1) (29,102,11,1) (80,93,13,1) (170,153,7,1) (122,181,13,1) (120,177,10,1) (190,90,10,1) (5,178,10,1) (95,53,10,1) (181,14,15,1) (66,70,17,1) (161,105,22,1) (29,58,10,1) (175,71,5,1) (122,166,5,1) 
(174,198,11,1) (130,182,15,1) (45,16,4,1) (191,93,14,1) (112,152,6,1) (113,17,12,1) (122,0,1,1) (67,135,7,1) (97,171,2,1) (76,138,21,1) (16,71,13,1) (27,97,6,1) (16,29,5,1) (149,40,9,1) (187,120,13,1) (78,52,13,1) (137,42,13,1) (174,138,13,1) (77,157,5,1) (54,178,9,1) 
(71,160,15,1) (3,128,4,1) (183,44,21,1) (136,38,6,1) (177,117,10,1) (30,100,10,1) (41,115,4,1) (36,106,13,1) (101,137,14,1) (77,55,14,1) (116,138,10,1) (67,30,11,1) (53,99,14,1) (192,199,25,1) (40,77,12,1) (15,155,8,1) (108,196,12,1) (133,51,11,1) (198,48,13,1) (22,59,10,1) 
(2,160,11,1) (193,122,2,1) (199,153,12,1) (12,125,10,1) (34,73,6,1) (4,97,19,1) (154,44,10,1) (78,60,9,1) (112,172,3,1) (162,81,12,1) (182,57,9,1) (68,132,11,1) (148,22,20,1) (154,122,21,1) (134,133,16,1) (78,106,12,1) (119,31,13,1) (114,178,9,1) (14,16,8,1) (142,147,10,1) 