(38,39,16,1) (33,84,5,1) (74,73,13,1) (75,30,8,1) (43,16,10,1) (62,31,14,1) (78,7,7,1) (75,16,4,1) (49,25,15,1) (55,65,16,1) (14,6,11,1) (94,49,11,1) (64,86,9,1) (93,78,13,1) (89,95,9,1) (40,27,7,1) (4,7,8,1) (2,33,14,1) (82,2,12,1) (56,28,9,1) 
(29,95,7,1) (61,41,12,1) (99,71,12,1) (54,18,5,1) (87,8,23,1) (60,41,10,1) (75,92,4,1) (78,8,12,1) (82,9,19,1) (82,88,5,1) (49,56,13,1) (59,17,15,1) (91,21,14,1) (35,42,23,1) (80,30,14,1) (26,60,6,1) (59,53,3,1) (79,70,10,1) (65,67,7,1) (35,29,12,1) 
(50,99,5,1) (22,56,4,1) (69,55,7,1) (91,31,18,1) (12,17,8,1) (91,26,15,1) (15,44,9,1) (92,76,6,1) (78,46,9,1) (34,31,8,1) (20,89,11,1) (90,69,6,1) (46,22,16,1) (39,58,6,1) (92,52,11,1) (72,2,16,1) (93,72,17,1) (26,74,11,1) (56,76,15,1) (56,43,7,1) 
(71,63,4,1) (29,0,8,1) (54,60,7,1) (1,2,10,1) (64,93,11,1) (42,14,8,1) (60,27,10,1) (8,13,18,1) (19,2,2,1) (42,92,12,1) (71,0,14,1) (39,26,8,1) (75,20,10,1) (93,89,7,1) (77,93,10,1) (75,80,1,1) (47,54,2,1) (27,90,11,1) (71,17,2,1) (2,15,1,1) 
(55,2,13,1) (21,72,9,1) (7,79,10,1) (48,61,7,1) (29,58,13,1) (11,91,12,1) (27,97,13,1) (23,20,14,1) (53,63,10,1) (10,30,14,1) (99,94,3,1) (67,68,12,1) (20,71,14,1) (88,45,10,1) (40,75,9,1) (19,48,8,1) (94,10,17,1) (49,18,8,1) (78,93,12,1) (46,11,3,1) 
(53,96,4,1) (14,75,4,1) (45,79,15,1) (71,7,20,1) (75,76,8,1) (7,33,16,1) (99,56,5,1) (58,38,17,1) (36,46,8,1) (78,29,15,1) (55,6,10,1) (89,48,17,1) (81,61,7,1) (39,81,17,1) (99,41,15,1) (46,51,11,1) (19,67,17,1) (7,34,13,1) (20,58,9,1) (10,2,13,1) 
(27,4,8,1) (61,33,15,1) (90,74,14,1) (28,89,11,1) (25,35,3,1) (53,41,5,1) (21,53,8,1) (18,11,7,1) (60,4,8,1) (89,72,7,1) (17,98,12,1) (31,18,11,1) (0,72,1,1) (56,43,17,1) (50,99,23,1) (75,76,12,1) (65,63,17,1) (22,46,9,1) (97,52,4,1) (80,39,8,1) 
(4,84,3,1) (3,55,3,1) (78,20,12,1) (56,94,7,1) (31,2,6,1) (65,97,4,1) (70,17,2,1) (90,14,12,1) (97,17,17,1) (84,81,15,1) (56,5,10,1) (93,52,11,1) (22,43,13,1) (40,11,4,1) (28,36,20,1) (33,48,12,1) (98,38,11,1) (56,95,9,1) (12,18,7,1) (33,37,7,1) 
(27,85,4,1) (91,51,13,1) (80,86,18,1) (30,99,11,1) (1,46,9,1) (90,27,13,1) (24,21,15,1) (15,75,16,1) (36,73,1,1) (23,7,14,1) (35,19,10,1) (3,68,6,1) (56,50,3,1) (29,98,9,1) (48,44,10,1) (37,4,9,1) (92,74,10,1) (89,77,16,1) (26,7,6,1) (83,15,6,1) 
(87,17,8,1) (87,95,12,1) (12,7,5,1) (67,48,9,1) (91,67,8,1) (21,39,11,1) (41,62,9,1) (42,49,15,1) (89,78,17,1) (37,20,10,1) (65,71,7,1) (54,80,7,1) (80,16,16,1) (99,15,7,1) (82,58,6,1) (7,96,16,1) (33,11,13,1) (33,39,10,1) (56,32,7,1) (44,14,21,1) 
(56,24,5,1) (42,79,12,1) (47,79,14,1) (90,38,10,1) (39,44,21,1) (36,14,11,1) (12,41,14,1) (67,40,13,1) (57,9,12,1) (59,98,3,1) (81,46,19,1) (4,43,9,1) (21,62,11,1) (73,45,9,1) (78,4,15,1) (56,92,4,1) (40,18,4,1) (56,23,7,1) (35,50,8,1) (70,49,10,1) 
(46,19,5,1) (72,90,14,1) (12,5,10,1) (61,13,4,1) (94,54,6,1) (50,23,9,1) (85,33,3,1) (72,52,13,1) (67,27,1,1) (56,54,14,1) (53,83,9,1) (7,24,16,1) (42,57,12,1) (73,19,7,1) (62,10,10,1) (27,32,8,1) (39,79,10,1) (60,76,8,1) (60,40,3,1) (46,31,17,1) 
(20,78,10,1) (98,58,17,1) (61,89,8,1) (37,74,10,1) (69,25,1,1) (21,7,12,1) (70,4,8,1) (77,75,12,1) (76,9,16,1) (98,66,4,1) (72,1,6,1) (84,18,16,1) (74,76,15,1) (14,35,16,1) (42,49,15,1) (54,80,9,1) (10,17,3,1) (66,53,2,1) (49,33,20,1) (65,63,8,1) 
(32,39,17,1) (8,74,16,1) (81,35,14,1) (41,30,15,1) (89,61,6,1) (21,10,11,1) (96,62,19,1) (9,40,17,1) (69,78,9,1) (3,38,13,1) (45,14,9,1) (14,6,14,1) (21,19,4,1) (64,78,5,1) (69,44,6,1) (43,51,9,1) (64,49,6,1) (69,74,3,1) (14,38,19,1) (2,99,9,1) 
(61,3,12,1) (54,70,12,1) (19,6,6,1) (20,27,13,1) (84,60,25,1) (30,7,15,1) (40,94,9,1) (12,51,10,1) (63,49,1,1) (61,57,13,1) (40,50,2,1) (80,55,12,1) (66,2,11,1) (98,46,14,1) (2,54,11,1) (26,24,4,1) (22,25,12,1) (99,33,23,1) (16,7,16,1) (49,76,11,1) 
(60,75,13,1) (48,56,5,1) (47,5,2,1) (3,1,8,1) (91,26,9,1) (43,81,7,1) (59,45,10,1) (44,12,7,1) (11,10,7,1) (7,26,8,1) (30,73,8,1) (89,10,5,1) (87,30,16,1) (89,64,9,1) (8,19,9,1) (55,81,12,1) (30,41,13,1) (17,56,5,1) (54,4,5,1) (37,68,9,1) 
(86,98,13,1) (77,65,3,1) (31,71,14,1) (14,94,12,1) (6,14,7,1) (40,36,10,1) (74,59,13,1) (53,95,3,1) (38,35,6,1) (61,75,12,1) (63,40,17,1) (41,11,14,1) (61,44,10,1) (75,22,8,1) (51,27,17,1) (18,39,8,1) (48,66,8,1) (35,59,14,1) (72,59,17,1) (29,3,15,1) 
(58,43,15,1) (78,98,20,1) (5,37,15,1) (9,19,12,1) (31,86,7,1) (52,98,15,1) (32,42,20,1) (75,15,10,1) (45,99,6,1) (65,47,8,1) (60,89,11,1) (2,99,2,1) (53,4,19,1) (18,1,16,1) (89,2,11,1) (0,82,12,1) (67,78,11,1) (25,36,20,1) (23,72,6,1) (53,76,9,1) 
(43,98,11,1) (89,31,9,1) (33,8,6,1) (94,99,19,1) (38,24,7,1) (55,18,10,1) (42,16,8,1) (63,16,11,1) (37,11,8,1) (21,81,20,1) (56,26,13,1) (88,94,13,1) (98,71,9,1) (42,87,18,1) (48,38,15,1) (98,36,8,1) (35,8,15,1) (28,73,9,1) (55,91,9,1) (87,26,13,1) 
(87,14,10,1) (1,64,9,1) (77,38,7,1) (99,36,7,1) (80,12,7,1) (76,84,7,1) (92,73,20,1) (80,32,3,1) (87,53,16,1) (75,6,13,1) (7,70,8,1) (7,14,11,1) (43,7,2,1) (15,29,9,1) (41,71,7,1) (89,54,8,1) (63,4,5,1) (86,93,15,1) (50,46,14,1) (89,18,8,1) 
(69,57,8,1) (62,5,16,1) (17,47,16,1) (48,40,17,1) (88,99,1,1) (54,27,7,1) (67,83,9,1) (42,71,4,1) (29,96,11,1) (89,77,11,1) (88,33,15,1) (44,75,18,1) (27,94,18,1) (81,57,14,1) (0,73,5,1) (97,5,13,1) (54,49,12,1) (48,86,13,1) (35,27,14,1) (60,81,13,1) 
(68,94,12,1) (98,53,10,1) (90,40,2,1) (9,87,7,1) (34,96,13,1) (62,39,7,1) (14,60,1,1) (59,80,14,1) (46,71,9,1) (53,70,15,1) (71,94,13,1) (6,56,4,1) (38,36,5,1) (42,95,6,1) (96,44,13,1) (59,84,12,1) (30,24,10,1) (80,11,4,1) (41,78,11,1) (47,9,10,1) 
(43,17,17,1) (13,92,14,1) (55,97,7,1) (16,61,12,1) (79,97,14,1) (57,37,7,1) (69,77,12,1) (99,30,9,1) (22,25,7,1) (10,93,15,1) (51,76,17,1) (28,69,8,1) (19,24,9,1) (68,36,14,1) (18,84,15,1) (9,1,15,1) (25,32,9,1) (51,79,18,1) (1,23,12,1) (17,58,17,1) 
(67,59,12,1) (83,5,7,1) (39,20,18,1) (81,95,15,1) (10,21,16,1) (0,26,9,1) (76,77,9,1) (34,64,8,1) (81,94,13,1) (4,39,11,1) (38,93,7,1) (75,63,4,1) (91,77,14,1) (76,29,7,1) (19,9,12,1) (4,87,7,1) (52,88,8,1) (46,65,2,1) (7,17,7,1) (70,62,7,1) 
(43,91,8,1) (22,30,13,1) (11,51,6,1) (91,49,15,1) (42,22,11,1) (37,73,12,1) (74,31,9,1) (63,37,4,1) (76,57,10,1) (37,16,9,1) (36,31,17,1) (35,15,9,1) (59,46,4,1) (28,57,14,1) (34,47,13,1) (43,34,3,1) (82,78,11,1) (71,2,12,1) (42,31,3,1) (70,94,24,1) 
(96,97,16,1) (61,48,9,1) (43,19,9,1) (90,8,12,1) (33,83,6,1) (20,9,7,1) (78,18,6,1) (50,53,10,1) (8,30,5,1) (2,90,13,1) (22,96,6,1) (76,56,8,1) (95,86,7,1) (36,88,11,1) (91,21,11,1) (35,49,15,1) (54,45,3,1) (68,90,5,1) (12,93,15,1) (41,11,11,1) 
(72,11,6,1) (63,41,10,1) (50,17,7,1) (39,68,9,1) (38,20,9,1) (47,43,5,1) (46,51,19,1) (97,64,21,1) (68,82,19,1) (84,97,5,1) (62,23,7,1) (73,89,12,1) (20,30,16,1) (91,35,12,1) (15,47,12,1) (49,37,13,1) (80,33,2,1) (28,87,10,1) (45,38,1,1) (48,13,4,1) 
(23,72,7,1) (22,87,20,1) (97,92,11,1) (11,57,20,1) (60,45,14,1) (30,73,13,1) (21,68,18,1) (37,40,21,1) (27,23,7,1) (77,67,9,1) (79,6,11,1) (31,3,14,1) (69,87,8,1) (59,29,13,1) (88,33,4,1) (49,84,6,1) (94,5,1,1) (55,1,8,1) (22,54,13,1) (34,68,9,1) 
(29,84,12,1) (49,51,3,1) (47,92,10,1) (99,74,8,1) (1,23,14,1) (25,41,13,1) (75,87,12,1) (55,31,10,1) (30,64,17,1) (6,75,11,1) (52,37,10,1) (81,73,11,1) (80,10,10,1) (58,79,5,1) (31,18,6,1) (33,49,16,1) (72,26,8,1) (3,27,9,1) (64,24,3,1) (43,6,11,1) 
(16,66,15,1) (95,26,13,1) (24,40,14,1) (42,27,9,1) (49,67,7,1) (58,66,12,1) (12,2,13,1) (94,22,15,1) (60,11,9,1) (23,16,6,1) (19,39,10,1) (49,28,16,1) (32,78,1,1) (45,24,15,1) (69,29,8,1) (54,88,15,1) (57,86,12,1) (20,35,4,1) (13,80,8,1) (4,79,9,1) 
(78,56,8,1) (93,43,13,1) (47,96,7,1) (75,78,12,1) (32,60,5,1) (6,19,10,1) (21,4,1,1) (52,70,10,1) (79,83,11,1) (78,36,11,1) (13,18,8,1) (46,26,16,1) (87,31,17,1) (84,53,10,1) (31,3,14,1) (32,10,9,1) (18,3,9,1) (1,8,8,1) (7,47,13,1) (61,39,9,1) 
(47,13,13,1) (94,24,18,1) (80,84,3,1) (51,36,19,1) (85,35,7,1) (36,93,15,1) (67,20,12,1) (25,67,12,1) (87,47,11,1) (49,76,6,1) (45,14,13,1) (94,33,15,1) (28,32,7,1) (84,67,17,1) (75,89,3,1) (23,83,3,1) (23,18,4,1) (34,18,5,1) (56,20,9,1) (18,55,11,1) 
(39,89,23,1) (59,71,19,1) (57,6,11,1) (69,23,7,1) (97,95,9,1) (97,49,9,1) (45,87,6,1) (34,63,15,1) (13,72,7,1) (28,64,6,1) (83,70,7,1) (98,5,21,1) (28,57,12,1) (3,90,7,1) (85,68,8,1) (41,78,9,1) (61,32,11,1) (87,35,6,1) (59,72,11,1) (2,67,13,1) 
(2,21,13,1) (27,69,9,1) (36,29,12,1) (85,55,11,1) (77,2,7,1) (83,89,5,1) (90,80,7,1) (29,37,16,1) (11,46,15,1) (55,5,12,1) (65,88,9,1) (90,59,11,1) (48,71,11,1) (3,76,16,1) (77,87,10,1) (10,75,17,1) (23,81,10,1) (84,43,18,1) (67,78,13,1) (30,75,6,1) 
(32,84,8,1) (78,90,18,1) (36,77,11,1) (80,32,11,1) (48,81,11,1) (15,69,11,1) (40,76,6,1) (48,78,10,1) (50,29,11,1) (10,8,15,1) (86,80,7,1) (22,8,6,1) (22,27,12,1) (24,44,6,1) (33,22,6,1) (11,74,8,1) (54,32,8,1) (88,0,18,1) (6,65,13,1) (30,9,15,1) 
(37,28,16,1) (3,26,17,1) (46,7,14,1) (40,58,13,1) (97,44,15,1) (95,58,6,1) (56,52,9,1) (43,6,16,1) (92,38,12,1) (13,86,14,1) (30,86,3,1) (57,59,18,1) (85,38,17,1) (52,63,14,1) (98,84,9,1) (32,33,12,1) (28,18,4,1) (83,21,14,1) (66,37,11,1) (62,0,13,1) 
(26,61,11,1) (41,26,17,1) (90,44,10,1) (38,4,15,1) (55,23,5,1) (38,54,11,1) (70,3,8,1) (82,91,14,1) (14,88,3,1) (82,90,4,1) (80,98,15,1) (27,20,13,1) (56,75,4,1) (15,31,15,1) (1,94,8,1) (67,41,5,1) (42,5,14,1) (7,0,12,1) (89,25,11,1) (44,9,5,1) 
(91,66,9,1) (40,52,10,1) (6,26,19,1) (86,33,7,1) (84,78,2,1) (58,37,22,1) (65,54,7,1) (84,72,9,1) (70,97,12,1) (23,98,14,1) (0,47,9,1) (73,5,6,1) (34,15,11,1) (95,88,9,1) (4,29,13,1) (26,65,2,1) (9,5,21,1) (57,27,6,1) (19,28,12,1) (85,11,2,1) 
(53,43,7,1) (80,42,11,1) (51,86,14,1) (65,19,8,1) (14,36,8,1) (12,41,10,1) (45,18,18,1) (6,50,10,1) (87,31,12,1) (99,10,4,1) (16,89,6,1) (69,28,10,1) (29,48,2,1) (48,58,13,1) (58,55,16,1) (21,56,5,1) (59,23,18,1) (68,33,18,1) (4,79,13,1) (44,35,14,1) 
(50,87,10,1) (70,51,8,1) (29,58,15,1) (57,4,8,1) (38,85,11,1) (75,91,23,1) (10,93,14,1) (90,64,5,1) (98,71,12,1) (21,14,7,1) (43,90,17,1) (34,38,10,1) (39,84,10,1) (27,89,11,1) (87,69,18,1) (60,81,3,1) (33,95,17,1) (62,7,11,1) (77,93,11,1) (61,57,11,1) 
(36,15,9,1) (27,30,4,1) (6,91,16,1) (74,41,10,1) (26,1,10,1) (61,79,4,1) (33,93,17,1) (7,19,11,1) (99,12,6,1) (99,51,10,1) (30,77,15,1) (58,64,1,1) (35,26,19,1) (63,50,3,1) (85,11,15,1) (73,68,10,1) (14,64,5,1) (78,64,7,1) (54,86,6,1) (83,60,13,1) 
(32,30,6,1) (53,49,13,1) (75,11,10,1) (54,9,7,1) (7,3,17,1) (34,88,12,1) (98,46,9,1) (19,44,12,1) (35,68,9,1) (33,66,14,1) (60,32,7,1) (75,13,8,1) (17,46,12,1) (20,79,14,1) (33,20,17,1) (35,63,7,1) (65,69,8,1) (63,18,12,1) (99,68,10,1) (55,43,2,1) 
(66,63,4,1) (4,64,15,1) (85,42,7,1) (5,37,15,1) (68,3,15,1) (99,37,9,1) (16,21,4,1) (44,19,1,1) (3,61,14,1) (27,19,6,1) (9,82,5,1) (26,47,12,1) (49,60,9,1) (33,42,10,1) (48,64,6,1) (20,93,13,1) (64,2,16,1) (55,11,7,1) (79,73,10,1) (46,18,6,1) 
(71,17,12,1) (46,49,12,1) (0,13,11,1) (82,75,13,1) (29,90,9,1) (87,71,10,1) (91,38,7,1) (80,77,15,1) (94,64,5,1) (45,5,8,1) (20,72,7,1) (6,39,6,1) (88,98,15,1) (44,11,13,1) (39,67,17,1) (1,59,11,1) (46,88,7,1) (65,38,5,1) (32,58,9,1) (90,61,11,1) 
(84,69,10,1) (46,0,9,1) (30,14,13,1) (80,61,11,1) (28,25,11,1) (51,13,6,1) (22,29,3,1) (93,8,8,1) (98,30,7,1) (31,28,4,1) (22,71,16,1) (68,78,8,1) (98,7,17,1) (75,93,4,1) (28,37,6,1) (95,16,12,1) (22,39,10,1) (70,41,2,1) (20,24,8,1) (88,12,8,1) 
(82,76,7,1) (4,34,2,1) (41,27,5,1) (72,82,10,1) (44,38,12,1) (98,66,15,1) (98,86,9,1) (6,81,6,1) (57,70,4,1) (60,30,12,1) (61,46,6,1) (14,44,13,1) (65,32,5,1) (67,82,11,1) (73,80,3,1) (15,53,15,1) (46,57,11,1) (9,27,14,1) (77,30,19,1) (79,57,16,1) 
(53,32,26,1) (90,2,14,1) (23,24,14,1) (52,54,3,1) (7,62,10,1) (56,6,3,1) (75,45,14,1) (12,48,15,1) (13,15,12,1) (69,21,8,1) (34,6,14,1) (49,48,12,1) (98,29,8,1) (94,40,4,1) (36,94,18,1) (45,5,12,1) (92,89,10,1) (60,16,4,1) (19,44,15,1) (4,48,8,1) 
(13,64,11,1) (79,58,16,1) (60,81,18,1) (94,46,2,1) (13,84,9,1) (49,0,10,1) (80,20,7,1) (12,91,11,1) (45,95,14,1) (97,19,17,1) (2,82,3,1) (82,15,9,1) (55,18,1,1) (3,83,10,1) (85,61,13,1) (8,98,15,1) (37,47,3,1) (39,84,15,1) (94,78,11,1) (2,39,11,1) 
(23,26,15,1) (23,39,7,1) (59,89,6,1) (32,89,14,1) (46,35,7,1) (66,62,14,1) (11,44,2,1) (12,8,11,1) (51,89,9,1) (39,38,12,1) (71,30,18,1) (48,19,25,1) (79,18,8,1) (16,10,5,1) (42,28,22,1) (30,35,8,1) (74,53,13,1) (73,59,11,1) (79,17,7,1) (51,3,6,1) 
(73,0,2,1) (46,80,8,1) (6,99,2,1) (10,57,17,1) (39,23,11,1) (98,19,10,1) (98,14,16,1) (37,84,14,1) (25,88,8,1) (38,1,10,1) (76,80,16,1) (47,25,2,1) (80,49,12,1) (10,16,11,1) (81,99,10,1) (34,13,10,1) (53,64,8,1) (97,78,16,1) (1,84,8,1) (13,60,7,1) 
(8,43,13,1) (4,15,10,1) (36,16,15,1) (44,94,13,1) (97,60,17,1) (83,39,7,1) (75,95,9,1) (18,81,12,1) (83,93,12,1) (58,90,18,1) (26,87,20,1) (50,4,2,1) (92,24,17,1) (44,16,21,1) (86,59,4,1) (0,53,10,1) (97,2,14,1) (65,53,12,1) (66,16,9,1) (95,54,11,1) 
(10,88,13,1) (93,91,14,1) (55,34,7,1) (51,86,9,1) (24,92,8,1) (67,2,16,1) (31,30,10,1) (5,59,3,1) (78,61,9,1) (11,20,7,1) (34,83,10,1) (81,20,7,1) (99,51,9,1) (32,84,11,1) (55,32,4,1) (80,94,7,1) (0,98,10,1) (53,67,20,1) (68,65,11,1) (14,77,25,1) 
(19,78,8,1) (5,18,7,1) (66,58,10,1) (18,95,10,1) (46,76,5,1) (60,95,7,1) (96,19,3,1) (0,10,15,1) (47,7,1,1) (42,81,10,1) (11,12,8,1) (20,78,5,1) (24,34,12,1) (66,57,18,1) (91,61,10,1) (67,42,11,1) (43,30,11,1) (10,1,10,1) (56,70,13,1) (38,94,7,1) 
(29,40,16,1) (7,51,15,1) (83,80,7,1) (95,75,12,1) (44,32,16,1) (98,50,10,1) (88,22,18,1) (70,41,10,1) (50,74,15,1) (4,32,4,1) (38,28,6,1) (96,13,2,1) (77,41,13,1) (68,50,6,1) (59,13,12,1) (25,97,16,1) (87,74,11,1) (0,13,11,1) (59,51,6,1) (30,57,2,1) 
(89,75,10,1) (36,38,20,1) (16,92,12,1) (25,38,10,1) (29,98,13,1) (10,85,8,1) (45,86,15,1) (58,66,20,1) (93,76,10,1) (28,87,9,1) (34,16,19,1) (30,26,14,1) (68,78,6,1) (69,41,17,1) (23,99,6,1) (62,99,9,1) (53,39,10,1) (56,95,8,1) (55,15,12,1) (14,12,13,1) 
(99,15,4,1) (88,51,12,1) (5,31,2,1) (66,17,8,1) (0,22,11,1) (63,77,8,1) (96,57,8,1) (75,42,8,1) (13,69,7,1) (36,61,11,1) (94,37,6,1) (35,78,8,1) (54,23,3,1) (61,87,11,1) (27,10,14,1) (48,99,10,1) (66,58,10,1) (0,10,13,1) (75,10,13,1) (47,37,8,1) 
(38,41,6,1) (38,91,8,1) (82,10,8,1) (25,95,7,1) (59,72,17,1) (88,25,13,1) (71,35,15,1) (76,41,12,1) (96,57,19,1) (66,88,6,1) (68,40,14,1) (5,39,13,1) (78,94,11,1) (80,94,11,1) (80,69,6,1) (77,61,14,1) (20,43,2,1) (40,59,14,1) (90,76,9,1) (78,19,18,1) 
(66,30,8,1) (17,77,23,1) (92,15,2,1) (46,86,10,1) (99,44,12,1) (41,12,9,1) (77,44,14,1) (81,78,13,1) (58,0,16,1) (50,99,16,1) (34,61,21,1) (38,2,4,1) (48,97,8,1) (91,43,12,1) (56,83,10,1) (52,18,14,1) (44,53,14,1) (72,32,11,1) (19,85,8,1) (85,92,11,1) 
(51,1,5,1) (74,28,21,1) (25,34,9,1) (27,78,5,1) (73,22,13,1) (21,83,15,1) (98,92,9,1) (72,84,5,1) (62,96,12,1) (36,2,14,1) (10,51,10,1) (70,94,11,1) (43,64,7,1) (45,10,4,1) (11,64,8,1) (56,98,14,1) (62,73,10,1) (32,82,15,1) (40,86,16,1) (43,22,5,1) 
(66,92,19,1) (23,62,4,1) (36,29,13,1) (56,41,9,1) (89,98,6,1) (90,95,2,1) (74,37,10,1) (19,37,9,1) (39,69,4,1) (19,43,8,1) (60,62,8,1) (30,38,17,1) (6,91,8,1) (0,98,7,1) (55,76,5,1) (26,36,10,1) (69,92,7,1) (51,87,12,1) (53,96,5,1) (10,51,7,1) 
(53,46,4,1) (53,43,8,1) (0,60,12,1) (13,98,13,1) (15,54,17,1) (7,54,6,1) (30,70,1,1) (18,51,11,1) (35,31,1,1) (19,37,7,1) (47,95,10,1) (20,82,13,1) (40,50,4,1) (41,18,10,1) (90,30,9,1) (54,1,15,1) (81,54,6,1) (25,4,13,1) (54,29,8,1) (45,77,6,1) 
(36,35,4,1) (31,84,8,1) (92,19,13,1) (41,77,7,1) (26,3,10,1) (2,6,6,1) (73,12,13,1) (52,90,10,1) (58,74,16,1) (24,97,15,1) (16,56,10,1) (95,49,19,1) (30,1,12,1) (2,44,6,1) (13,74,7,1) (57,41,6,1) (79,83,3,1) (11,84,13,1) (73,58,16,1) (92,67,9,1) 
(25,90,14,1) (71,56,2,1) (14,92,7,1) (20,55,8,1) (99,34,10,1) (10,59,6,1) (14,13,9,1) (33,98,15,1) (15,89,17,1) (27,39,6,1) (33,64,14,1) (74,82,10,1) (86,92,8,1) (8,96,8,1) (10,31,12,1) (28,80,11,1) (10,8,7,1) (50,79,16,1) (61,7,10,1) (4,2,11,1) 
(23,97,22,1) (51,56,4,1) (16,77,11,1) (68,29,15,1) (75,5,8,1) (34,15,8,1) (69,99,10,1) (13,77,4,1) (91,48,13,1) (87,40,6,1) (81,89,13,1) (23,72,18,1) (44,61,2,1) (90,97,15,1) (82,92,7,1) (27,47,7,1) (14,73,5,1) (67,96,13,1) (20,58,16,1) (16,39,14,1) 
(88,63,6,1) (84,32,3,1) (36,89,11,1) (66,30,22,1) (48,54,13,1) (86,31,9,1) (87,23,14,1) (56,28,7,1) (68,65,9,1) (34,86,11,1) (12,30,14,1) (47,17,15,1) (86,79,1,1) (98,84,6,1) (12,17,2,1) (65,85,11,1) (91,79,10,1) (83,7,10,1) (78,29,13,1) (99,28,16,1) 
(79,26,6,1) (32,15,4,1) (81,33,6,1) (18,61,12,1) (86,89,15,1) (68,63,11,1) (60,35,8,1) (85,48,11,1) (99,91,15,1) (45,75,12,1) (3,31,9,1) (7,91,2,1) (91,57,22,1) (5,72,6,1) (67,17,6,1) (56,98,12,1) (34,15,15,1) (60,65,18,1) (32,5,13,1) (2,41,5,1) 
(78,23,4,1) (53,81,20,1) (83,38,9,1) (56,30,4,1) (10,77,12,1) (81,16,6,1) (48,14,7,1) (48,17,11,1) (44,71,19,1) (22,69,8,1) (97,44,8,1) (27,81,17,1) (44,58,6,1) (36,73,8,1) (50,26,19,1) (94,81,2,1) (74,47,9,1) (31,5,15,1) (70,62,7,1) (38,30,15,1) 
(82,12,11,1) (33,46,25,1) (51,57,14,1) (75,42,17,1) (65,43,15,1) (14,17,2,1) (66,79,11,1) (5,99,5,1) (83,81,11,1) (25,53,7,1) (12,40,11,1) (46,3,7,1) (20,76,7,1) (20,36,3,1) (31,66,10,1) (19,50,6,1) (2,40,1,1) (25,3,7,1) (87,63,12,1) (54,9,10,1) 
(14,54,11,1) (8,45,12,1) (88,95,17,1) (96,43,9,1) (74,26,10,1) (78,38,9,1) (64,28,10,1) (19,29,9,1) (46,2,18,1) (71,38,10,1) (26,3,10,1) (97,54,11,1) (35,12,11,1) (85,84,23,1) (69,81,6,1) (41,13,10,1) (29,41,14,1) (11,3,14,1) (70,28,10,1) (90,73,15,1) 
(24,18,18,1) (72,99,13,1) (84,32,7,1) (12,17,3,1) (81,89,9,1) (29,3,11,1) (89,64,12,1) (8,14,5,1) (71,66,7,1) (21,83,11,1) (59,62,14,1) (6,88,13,1) (16,85,16,1) (95,4,21,1) (3,38,17,1) (83,96,3,1) (37,36,8,1) (34,82,8,1) (17,8,15,1) (40,6,7,1) 
(66,72,7,1) (18,30,9,1) (72,20,6,1) (0,16,11,1) (86,62,17,1) (27,97,16,1) (13,82,21,1) (28,7,16,1) (62,98,11,1) (76,87,14,1) (67,88,11,1) (33,44,8,1) (29,67,9,1) (91,41,11,1) (35,86,15,1) (35,75,7,1) (66,4,13,1) (0,64,11,1) (73,98,11,1) (44,80,8,1) 
(13,38,14,1) (14,86,10,1) (59,57,9,1) (70,56,19,1) (65,99,8,1) (1,60,21,1) (71,15,15,1) (18,27,8,1) (30,13,8,1) (76,82,1,1) (54,51,17,1) (18,87,8,1) (40,94,3,1) (90,43,8,1) (39,41,20,1) (63,14,11,1) (51,57,14,1) (96,75,10,1) (89,4,9,1) (11,76,16,1) 
(79,40,7,1) (93,80,8,1) (3,87,22,1) (44,66,14,1) (7,31,4,1) (23,50,8,1) (54,41,3,1) (99,82,9,1) (24,28,6,1) (68,62,5,1) (90,24,12,1) (42,31,14,1) (53,78,10,1) (95,96,12,1) (69,30,5,1) (27,5,9,1) (57,18,14,1) (94,50,12,1) (6,23,11,1) (6,16,7,1) 
(79,44,5,1) (59,53,13,1) (94,0,5,1) (26,19,10,1) (87,48,12,1) (19,83,6,1) (23,25,13,1) (48,49,7,1) (84,22,7,1) (92,67,11,1) (62,12,3,1) (99,55,7,1) (78,82,11,1) (36,28,17,1) (41,80,11,1) (86,84,16,1) (30,8,18,1) (23,17,11,1) (88,50,9,1) (11,21,8,1) 
(36,64,10,1) (14,99,5,1) (45,88,14,1) (87,42,4,1) (28,58,11,1) (6,31,10,1) (86,92,8,1) (39,14,14,1) (32,29,8,1) (45,46,12,1) (92,87,6,1) (60,24,15,1) (14,36,13,1) (63,71,11,1) (34,61,11,1) (76,31,13,1) (31,41,13,1) (45,25,6,1) (35,42,14,1) (57,67,11,1) 
(50,21,6,1) (56,62,16,1) (49,82,14,1) (64,60,13,1) (73,68,12,1) (40,67,11,1) (55,39,15,1) (36,99,9,1) (6,53,8,1) (71,46,12,1) (99,2,10,1) (2,22,12,1) (55,66,2,1) (44,15,6,1) (65,94,10,1) (68,84,14,1) (86,43,7,1) (49,14,7,1) (0,93,4,1) (3,6,10,1) 
(18,70,7,1) (74,8,2,1) (0,92,9,1) (13,63,3,1) (33,47,3,1) (65,36,16,1) (34,1,15,1) (5,35,10,1) (8,4,14,1) (73,52,13,1) (13,21,5,1) (34,76,3,1) (92,81,2,1) (84,3,10,1) (44,14,15,1) (71,18,12,1) (80,34,9,1) (77,29,8,1) (80,3,13,1) (51,68,7,1) 
(44,57,15,1) (63,80,19,1) (17,85,13,1) (53,1,11,1) (58,71,16,1) (86,77,17,1) (66,31,7,1) (83,33,15,1) (6,76,15,1) (47,31,7,1) (98,26,18,1) (29,1,12,1) (19,78,14,1) (32,91,6,1) (6,5,2,1) (13,45,3,1) (88,56,17,1) (64,19,12,1) (19,96,5,1) (33,5,6,1) 
(89,26,2,1) (16,64,22,1) (36,55,14,1) (75,31,5,1) (72,33,8,1) (42,2,9,1) (62,89,12,1) (23,10,6,1) (17,60,18,1) (64,53,5,1) (19,28,16,1) (25,66,21,1) (9,55,17,1) (87,6,18,1) (75,68,5,1) (81,0,5,1) (2,34,5,1) (22,25,16,1) (87,14,5,1) (85,78,7,1) 
(90,93,9,1) (8,4,8,1) (50,27,13,1) (28,51,5,1) (61,70,3,1) (5,93,14,1) (93,84,3,1) (63,95,15,1) (59,71,9,1) (88,99,8,1) (41,60,8,1) (52,28,17,1) (37,89,7,1) (12,27,19,1) (95,77,14,1) (5,85,8,1) (36,14,8,1) (46,50,13,1) (74,40,6,1) (95,69,1,1) 
(13,8,7,1) (59,16,15,1) (99,71,12,1) (71,92,11,1) (47,21,12,1) (23,87,16,1) (15,23,10,1) (27,23,14,1) (2,64,14,1) (87,68,15,1) (55,63,9,1) (75,50,10,1) (30,95,7,1) (6,55,7,1) (60,52,7,1) (41,27,10,1) (3,22,12,1) (70,19,10,1) (69,17,3,1) (70,47,9,1) 
(67,73,20,1) (22,41,8,1) (73,22,14,1) (50,90,9,1) (50,32,18,1) (82,24,16,1) (38,98,15,1) (73,3,1,1) (50,87,14,1) (49,82,9,1) (34,92,6,1) (18,10,13,1) (41,93,18,1) (27,25,13,1) (59,9,11,1) (80,97,5,1) (24,8,8,1) (21,17,7,1) (63,32,9,1) (37,5,8,1) 
(92,30,19,1) (31,75,6,1) (35,50,13,1) (63,65,8,1) (82,17,5,1) (14,99,7,1) (5,80,6,1) (85,66,14,1) (72,32,9,1) (0,22,9,1) (6,56,25,1) (3,13,11,1) (40,84,9,1) (52,63,16,1) (42,64,1,1) (68,87,9,1) (78,5,2,1) (6,96,10,1) (38,29,7,1) (56,11,15,1) 
(20,99,13,1) (37,54,16,1) (62,44,14,1) (85,36,3,1) (7,29,7,1) (13,2,15,1) (57,18,13,1) (91,89,11,1) (66,13,11,1) (32,59,18,1) (22,55,12,1) (35,60,8,1) (22,93,5,1) (43,8,13,1) (62,19,15,1) (32,70,11,1) (69,5,3,1) (27,83,16,1) (26,90,13,1) (60,17,5,1) 
(82,54,10,1) (31,63,5,1) (86,5,13,1) (10,43,17,1) (65,39,2,1) (34,52,11,1) (16,76,10,1) (67,99,12,1) (20,22,18,1) (47,46,5,1) (73,77,3,1) (87,72,6,1) (9,82,15,1) (99,97,9,1) (76,37,18,1) (36,94,4,1) (76,90,11,1) (51,36,7,1) (96,9,2,1) (96,41,17,1) 
(87,92,12,1) (14,53,5,1) (7,16,11,1) (59,98,2,1) (82,0,7,1) (80,19,10,1) (62,10,2,1) (38,94,11,1) (50,36,12,1) (84,98,11,1) (92,8,11,1) (92,35,14,1) (6,51,5,1) (21,62,8,1) (99,61,20,1) (65,69,9,1) (16,84,21,1) (13,30,8,1) (37,90,18,1) (28,74,7,1) 
(67,99,6,1) (90,38,14,1) (58,73,13,1) (0,75,8,1) (14,58,12,1) (45,38,4,1) (71,5,9,1) (38,72,17,1) (52,39,5,1) (98,70,5,1) (75,77,21,1) (47,86,8,1) (97,30,14,1) (31,54,13,1) (87,64,8,1) (94,27,9,1) (59,97,12,1) (2,77,2,1) (54,99,11,1) (88,21,15,1) 
(72,1,1,1) (12,38,14,1) (75,49,9,1) (27,0,13,1) (14,47,3,1) (85,60,17,1) (45,74,12,1) (99,32,14,1) (82,55,1,1) (53,86,8,1) (74,17,5,1) (19,46,10,1) (77,0,1,1) (27,4,11,1) (55,93,7,1) (84,19,11,1) (89,14,8,1) (38,91,22,1) (2,40,15,1) (89,54,10,1) 
(82,65,12,1) (6,3,12,1) (33,2,11,1) (57,25,16,1) (58,95,9,1) (63,10,9,1) (9,51,8,1) (0,56,9,1) (49,64,2,1) (73,47,12,1) (12,27,7,1) (43,75,8,1) (84,17,15,1) (52,81,6,1) (33,15,5,1) (17,10,2,1) (45,10,12,1) (81,80,13,1) (70,49,12,1) (43,44,6,1) 
(55,3,14,1) (74,2,7,1) (22,19,8,1) (29,53,13,1) (62,44,16,1) (66,15,8,1) (11,93,4,1) (38,43,3,1) (33,94,17,1) (44,1,3,1) (68,3,13,1) (2,14,4,1) (68,57,12,1) (17,39,8,1) (10,72,4,1) (36,60,12,1) (43,70,7,1) (45,15,16,1) (12,73,6,1) (96,95,15,1) 
(81,92,9,1) (41,78,13,1) (59,10,9,1) (43,8,7,1) (43,6,2,1) (73,71,11,1) (82,58,14,1) (88,87,10,1) (94,90,21,1) (24,19,6,1) (23,42,6,1) (5,68,14,1) (87,5,10,1) (66,72,14,1) (84,49,5,1) (65,1,12,1) (8,94,5,1) (47,16,8,1) (8,51,16,1) (88,15,15,1) 
(95,72,4,1) (23,43,9,1) (10,93,9,1) (37,90,8,1) (48,47,12,1) (84,57,10,1) (90,98,1,1) (1,23,21,1) (83,50,17,1) (6,4,14,1) (67,47,10,1) (27,37,10,1) (67,77,7,1) (43,42,10,1) (57,34,5,1) (90,79,5,1) (10,20,2,1) (1,2,10,1) (84,77,11,1) (37,86,15,1) 
(8,85,4,1) (7,69,4,1) (54,78,6,1) (18,53,5,1) (57,78,2,1) (17,99,14,1) (71,57,13,1) (90,58,8,1) (73,89,11,1) (73,80,11,1) (89,30,7,1) (11,78,8,1) (42,36,7,1) (16,36,14,1) (41,51,15,1) (5,87,9,1) (91,34,13,1) (70,78,16,1) (83,17,7,1) (10,99,16,1) 
(39,96,9,1) (41,2,7,1) (57,24,14,1) (18,55,10,1) (65,58,7,1) (0,52,7,1) (0,8,4,1) (2,50,7,1) (44,51,16,1) (19,84,8,1) (53,79,15,1) (42,73,19,1) (39,28,15,1) (61,72,16,1) (15,1,2,1) (52,76,6,1) (59,44,10,1) (53,42,17,1) (63,45,4,1) (90,8,3,1) 
(94,5,13,1) (87,20,2,1) (34,38,14,1) (98,25,13,1) (51,40,12,1) (63,62,8,1) (79,51,12,1) (7,97,18,1) (24,18,12,1) (3,5,9,1) (90,35,12,1) (34,79,15,1) (37,69,11,1) (31,44,11,1) (54,2,2,1) (67,68,4,1) (65,8,7,1) (61,57,8,1) (19,9,14,1) (43,40,18,1) 
(96,38,10,1) (54,91,8,1) (42,62,13,1) (79,33,10,1) (38,78,15,1) (76,3,13,1) (92,28,6,1) (90,88,9,1) (44,32,10,1) (8,80,8,1) (43,22,15,1) (27,24,9,1) (65,96,5,1) (80,11,8,1) (93,62,6,1) (90,54,14,1) (7,14,7,1) (47,92,18,1) (0,57,14,1) (48,76,6,1) 
(48,55,17,1) (74,82,3,1) (51,95,5,1) (27,68,6,1) (58,50,15,1) (29,87,8,1) (51,80,7,1) (24,70,12,1) (83,31,11,1) (65,80,16,1) (9,60,10,1) (44,21,14,1) (71,29,10,1) (43,75,11,1) (77,94,9,1) (3,38,7,1) (91,8,7,1) (4,35,6,1) (17,30,6,1) (89,75,10,1) 
(55,76,12,1) (96,92,8,1) (43,46,5,1) (93,74,16,1) (11,45,9,1) (58,75,15,1) (77,55,17,1) (50,37,4,1) (69,67,13,1) (85,7,9,1) (53,74,13,1) (61,99,14,1) (14,15,10,1) (17,54,11,1) (63,79,8,1) (65,16,5,1) (99,24,11,1) (18,38,13,1) (24,75,17,1) (57,40,6,1) 
(1,58,8,1) (83,30,3,1) (74,15,17,1) (39,2,11,1) (19,13,12,1) (17,20,9,1) (53,20,8,1) (29,48,4,1) (57,78,16,1) (95,15,16,1) (83,97,10,1) (93,48,4,1) (22,33,13,1) (47,38,13,1) (46,55,17,1) (42,36,6,1) (20,88,4,1) (2,77,12,1) (75,10,18,1) (87,72,13,1) 
(7,13,10,1) (49,23,7,1) (71,72,12,1) (57,34,3,1) (53,79,8,1) (96,78,4,1) (17,49,6,1) (76,56,12,1) (78,19,11,1) (10,83,19,1) (22,87,11,1) (49,20,4,1) (8,12,6,1) (89,5,17,1) (86,10,3,1) (40,64,13,1) (3,1,9,1) (30,23,6,1) (46,43,15,1) (22,96,10,1) 