(16,11,13,1) (39,23,6,1) (37,30,12,1) (39,4,8,1) (21,30,7,1) (44,24,5,1) (34,45,9,1) (13,37,5,1) (34,6,2,1) (10,37,11,1) (46,1,4,1) (19,40,7,1) (34,38,1,1) (28,7,11,1) (22,32,11,1) (47,12,6,1) (33,21,5,1) (15,12,14,1) (42,40,19,1) (25,14,4,1) 
(31,19,14,1) (18,25,6,1) (20,32,9,1) (6,23,14,1) (6,36,16,1) (7,12,12,1) (40,44,16,1) (4,40,6,1) (23,1,9,1) (44,30,11,1) (35,3,21,1) (43,14,8,1) (4,44,19,1) (20,43,9,1) (13,40,7,1) (41,17,15,1) (8,21,21,1) (48,21,5,1) (30,10,15,1) (29,41,16,1) 
(42,37,4,1) (21,28,12,1) (4,24,8,1) (6,27,6,1) (42,41,14,1) (23,38,16,1) (14,31,9,1) (2,3,9,1) (43,5,11,1) (36,3,9,1) (4,34,9,1) (27,33,15,1) (46,19,13,1) (10,34,19,1) (43,41,18,1) (11,38,17,1) (6,23,7,1) (9,23,6,1) (33,48,7,1) (22,1,14,1) 
(6,39,9,1) (34,4,10,1) (28,18,5,1) (11,28,6,1) (18,7,15,1) (10,22,2,1) (37,39,6,1) (23,19,1,1) (36,9,8,1) (33,14,15,1) (49,16,14,1) (3,11,9,1) (17,10,10,1) (45,37,14,1) (48,42,9,1) (33,32,12,1) (20,29,11,1) (18,47,16,1) (41,23,9,1) (25,29,7,1) 
(38,44,25,1) (26,44,8,1) (33,43,5,1) (3,11,14,1) (13,49,6,1) (21,30,9,1) (4,1,7,1) (27,35,14,1) (5,41,17,1) (42,21,10,1) (6,9,10,1) (15,28,5,1) (7,25,7,1) (1,14,9,1) (37,21,9,1) (2,4,11,1) (37,42,15,1) (47,39,12,1) (27,17,5,1) (49,47,13,1) 
(6,8,18,1) (15,2,12,1) (15,43,10,1) (2,6,6,1) (49,9,4,1) (43,27,12,1) (11,15,7,1) (15,12,8,1) (28,29,4,1) (1,43,6,1) (29,38,19,1) (30,15,14,1) (13,6,16,1) (13,20,5,1) (38,3,11,1) (8,31,6,1) (1,12,11,1) (41,29,9,1) (3,11,15,1) (43,2,11,1) 
(49,3,5,1) (5,29,10,1) (29,40,15,1) (42,49,14,1) (25,41,15,1) (17,31,12,1) (21,7,17,1) (9,48,10,1) (23,42,6,1) (44,23,7,1) (46,6,4,1) (7,14,17,1) (4,38,9,1) (25,8,6,1) (11,9,21,1) (16,33,17,1) (9,8,7,1) (42,19,4,1) (16,48,14,1) (47,48,12,1) 
(17,20,13,1) (8,25,4,1) (11,40,13,1) (48,11,11,1) (11,16,11,1) (37,31,10,1) (22,27,20,1) (10,20,9,1) (28,16,11,1) (22,49,7,1) (20,27,17,1) (37,42,13,1) (20,37,13,1) (0,49,7,1) (45,0,21,1) (23,5,6,1) (27,41,2,1) (45,13,14,1) (0,33,5,1) (17,11,11,1) 
(18,3,16,1) (4,43,16,1) (18,7,5,1) (11,27,16,1) (18,39,10,1) (26,28,13,1) (0,26,10,1) (39,15,9,1) (28,3,14,1) (29,35,11,1) (4,25,16,1) (23,12,4,1) (33,7,12,1) (18,32,13,1) (2,18,6,1) (8,5,13,1) (4,8,7,1) (4,12,13,1) (14,28,20,1) (37,8,9,1) 
(4,39,7,1) (14,16,8,1) (29,45,8,1) (48,19,12,1) (39,10,15,1) (45,1,14,1) (3,41,7,1) (36,22,8,1) (0,3,12,1) (11,31,3,1) (36,15,14,1) (23,48,10,1) (2,14,16,1) (34,27,21,1) (36,43,12,1) (7,16,13,1) (14,36,9,1) (38,30,7,1) (49,6,5,1) (25,5,11,1) 
(34,20,4,1) (8,48,18,1) (33,19,21,1) (4,8,15,1) (7,46,13,1) (7,2,9,1) (19,10,3,1) (13,33,9,1) (12,2,14,1) (48,36,15,1) (16,45,12,1) (12,38,19,1) (32,24,6,1) (27,20,2,1) (36,8,9,1) (47,5,14,1) (34,42,17,1) (38,19,23,1) (13,38,17,1) (45,44,18,1) 
(39,41,7,1) (2,8,15,1) (21,0,8,1) (48,31,17,1) (21,35,8,1) (38,5,17,1) (36,9,1,1) (40,45,9,1) (23,29,8,1) (2,39,19,1) (20,10,21,1) (42,39,12,1) (36,29,4,1) (37,25,8,1) (28,17,10,1) (2,42,7,1) (33,34,6,1) (37,49,9,1) (36,21,7,1) (44,20,7,1) 
(39,30,8,1) (4,11,8,1) (46,14,11,1) (39,17,6,1) (27,37,8,1) (12,27,12,1) (14,34,15,1) (47,12,14,1) (8,29,10,1) (35,18,5,1) (1,29,6,1) (48,1,5,1) (28,42,11,1) (15,0,10,1) (3,24,13,1) (39,13,16,1) (5,30,10,1) (2,7,19,1) (21,9,9,1) (47,26,18,1) 
(1,23,22,1) (26,39,14,1) (6,33,8,1) (1,32,9,1) (40,46,16,1) (14,18,11,1) (4,15,12,1) (31,12,8,1) (32,35,21,1) (27,29,10,1) (26,13,13,1) (25,13,17,1) (47,23,6,1) (43,32,19,1) (22,1,10,1) (27,7,8,1) (8,25,5,1) (12,16,5,1) (4,36,14,1) (34,10,11,1) 
(3,44,5,1) (34,39,11,1) (40,31,13,1) (44,17,11,1) (45,6,6,1) (36,19,6,1) (3,41,17,1) (11,10,15,1) (36,37,8,1) (21,34,12,1) (49,8,1,1) (32,28,6,1) (27,43,13,1) (38,24,5,1) (25,42,19,1) (43,49,7,1) (0,36,22,1) (24,34,11,1) (29,3,18,1) (22,44,12,1) 
(1,4,18,1) (9,40,12,1) (23,25,9,1) (17,5,10,1) (7,17,1,1) (48,22,9,1) (17,43,13,1) (13,17,12,1) (4,43,15,1) (13,44,7,1) (15,4,15,1) (33,31,15,1) (43,19,17,1) (17,48,7,1) (4,10,9,1) (11,39,4,1) (22,44,10,1) (30,40,1,1) (45,24,4,1) (43,26,8,1) 
(1,41,9,1) (47,24,5,1) (32,24,10,1) (44,12,9,1) (26,16,14,1) (38,8,8,1) (19,41,9,1) (13,21,18,1) (47,44,9,1) (20,35,7,1) (16,15,16,1) (1,33,10,1) (7,10,9,1) (30,4,13,1) (3,38,11,1) (40,27,14,1) (24,29,10,1) (9,8,18,1) (11,28,16,1) (4,41,19,1) 
(8,5,10,1) (39,16,2,1) (45,16,14,1) (21,7,15,1) (46,8,19,1) (10,37,10,1) (47,38,13,1) (16,5,6,1) (17,5,1,1) (18,28,8,1) (45,9,15,1) (49,24,9,1) (26,10,2,1) (19,23,19,1) (42,40,14,1) (8,1,11,1) (16,27,6,1) (5,23,15,1) (2,49,8,1) (49,16,2,1) 
(21,36,6,1) (36,11,5,1) (15,39,5,1) (22,34,11,1) (8,24,3,1) (11,23,8,1) (5,49,16,1) (0,46,15,1) (32,0,15,1) (30,19,3,1) (27,14,14,1) (8,31,5,1) (23,32,13,1) (48,8,15,1) (35,27,16,1) (40,41,11,1) (36,24,12,1) (40,4,5,1) (9,28,14,1) (17,3,11,1) 
(27,38,3,1) (16,10,18,1) (6,12,9,1) (9,24,6,1) (28,18,5,1) (2,25,15,1) (29,45,16,1) (18,4,20,1) (16,17,9,1) (2,34,14,1) (26,24,7,1) (23,6,13,1) (3,39,6,1) (15,6,10,1) (7,10,12,1) (10,25,4,1) (18,3,10,1) (14,15,15,1) (45,31,18,1) (37,45,24,1) 
(36,46,9,1) (40,26,3,1) (43,3,2,1) (46,7,14,1) (5,13,11,1) (7,31,11,1) (25,47,7,1) (5,16,14,1) (32,29,18,1) (8,16,16,1) (12,30,8,1) (36,5,10,1) (8,48,9,1) (0,4,12,1) (39,17,8,1) (4,33,9,1) (44,11,11,1) (8,30,14,1) (28,11,26,1) (19,24,9,1) 
(19,46,16,1) (14,38,16,1) (34,5,14,1) (41,37,7,1) (18,31,6,1) (47,45,11,1) (44,17,16,1) (34,37,17,1) (31,35,9,1) (3,48,7,1) (6,30,11,1) (27,46,7,1) (28,17,7,1) (39,37,14,1) (35,44,14,1) (32,7,12,1) (35,22,2,1) (42,20,16,1) (22,13,1,1) (11,20,7,1) 
(32,20,13,1) (31,37,18,1) (9,46,9,1) (47,7,9,1) (36,25,13,1) (16,0,9,1) (39,47,8,1) (19,1,12,1) (45,42,11,1) (26,12,16,1) (11,15,2,1) (22,4,5,1) (31,41,1,1) (9,27,2,1) (22,49,11,1) (41,37,10,1) (46,49,14,1) (29,23,13,1) (27,8,17,1) (47,40,8,1) 
(36,49,9,1) (33,14,11,1) (48,24,9,1) (7,11,11,1) (43,3,4,1) (3,46,7,1) (38,43,6,1) (40,36,5,1) (49,35,1,1) (20,26,9,1) (47,25,6,1) (44,30,16,1) (22,19,15,1) (48,3,6,1) (48,16,8,1) (47,40,17,1) (5,40,12,1) (39,28,7,1) (37,47,11,1) (26,15,18,1) 
(19,11,7,1) (36,47,8,1) (16,12,13,1) (16,35,1,1) (29,20,7,1) (12,44,14,1) (39,35,22,1) (6,11,13,1) (4,24,12,1) (48,35,9,1) (36,28,9,1) (43,16,13,1) (28,44,3,1) (38,20,5,1) (35,41,17,1) (37,26,12,1) (8,45,1,1) (22,9,7,1) (49,20,14,1) (5,46,17,1) 
(40,26,19,1) (25,46,8,1) (39,1,19,1) (28,33,10,1) (10,14,16,1) (6,45,12,1) (32,13,7,1) (17,11,14,1) (46,0,7,1) (17,27,6,1) (33,40,11,1) (9,28,19,1) (26,25,7,1) (44,0,17,1) (9,18,8,1) (32,34,8,1) (38,13,5,1) (35,37,7,1) (46,10,8,1) (20,18,10,1) 
(29,49,27,1) (24,46,10,1) (13,49,12,1) (23,15,11,1) (35,44,14,1) (16,25,9,1) (10,26,9,1) (36,26,10,1) (31,25,5,1) (15,3,8,1) (4,44,7,1) (13,36,14,1) (43,41,10,1) (20,7,12,1) (19,33,10,1) (18,34,17,1) (6,33,16,1) (36,9,15,1) (30,0,9,1) (46,39,16,1) 
(27,21,13,1) (41,15,12,1) (47,16,5,1) (34,30,9,1) (7,40,9,1) (3,28,15,1) (11,43,4,1) (30,4,3,1) (24,23,10,1) (28,19,10,1) (22,31,13,1) (38,34,15,1) (32,20,12,1) (8,20,5,1) (38,10,5,1) (8,4,8,1) (7,41,15,1) (31,0,11,1) (35,13,11,1) (45,48,7,1) 
(44,39,1,1) (38,6,6,1) (9,40,13,1) (13,47,14,1) (32,27,5,1) (49,28,7,1) (13,3,7,1) (34,18,15,1) (15,35,6,1) (28,23,5,1) (29,25,8,1) (49,3,10,1) (29,13,11,1) (43,48,13,1) (1,47,22,1) (1,7,13,1) (20,2,13,1) (8,2,6,1) (21,34,11,1) (1,30,9,1) 
(19,32,9,1) (5,40,13,1) (39,16,12,1) (6,30,7,1) (41,7,8,1) (23,2,17,1) (43,18,10,1) (25,6,3,1) (39,43,10,1) (3,9,7,1) (33,21,17,1) (36,20,13,1) (28,17,16,1) (35,5,10,1) (42,0,15,1) (11,8,9,1) (3,2,18,1) (38,23,8,1) (34,40,12,1) (21,28,6,1) 
(43,45,11,1) (12,27,9,1) (8,36,12,1) (27,28,12,1) (34,16,14,1) (20,32,8,1) (15,18,8,1) (20,47,6,1) (3,46,16,1) (34,14,3,1) (33,24,16,1) (5,3,5,1) (39,8,11,1) (47,11,16,1) (11,13,10,1) (19,5,3,1) (43,6,12,1) (18,30,17,1) (22,12,12,1) (48,5,7,1) 
(29,26,9,1) (21,38,10,1) (44,37,11,1) (47,34,2,1) (14,42,13,1) (34,7,8,1) (15,27,12,1) (31,33,10,1) (0,5,8,1) (46,2,2,1) (36,7,10,1) (41,31,6,1) (14,46,14,1) (1,47,9,1) (13,12,17,1) (35,31,8,1) (39,46,8,1) (15,23,4,1) (30,36,9,1) (23,30,4,1) 
(20,5,9,1) (0,2,14,1) (42,40,5,1) (7,48,11,1) (16,41,6,1) (32,19,2,1) (40,36,14,1) (33,49,7,1) (3,44,15,1) (42,37,15,1) (9,0,12,1) (41,46,3,1) (5,25,5,1) (14,29,9,1) (6,44,7,1) (49,37,12,1) (40,47,11,1) (28,44,17,1) (37,38,10,1) (5,13,14,1) 
(9,41,6,1) (45,42,11,1) (45,40,8,1) (46,2,14,1) (40,38,7,1) (6,38,5,1) (42,47,7,1) (25,37,6,1) (15,20,21,1) (31,40,15,1) (5,22,13,1) (8,4,17,1) (45,36,7,1) (37,46,9,1) (46,17,10,1) (10,42,1,1) (27,30,13,1) (13,8,8,1) (16,4,6,1) (49,24,16,1) 
(8,23,15,1) (45,0,14,1) (5,16,5,1) (5,24,10,1) (37,9,12,1) (28,15,15,1) (21,42,12,1) (14,4,11,1) (23,49,20,1) (48,32,12,1) (38,2,11,1) (32,12,19,1) (29,0,4,1) (25,44,8,1) (38,15,1,1) (45,4,6,1) (38,18,19,1) (48,2,18,1) (5,2,15,1) (29,23,16,1) 
(28,46,9,1) (43,5,7,1) (7,35,2,1) (16,34,14,1) (14,5,19,1) (44,43,9,1) (37,41,5,1) (33,9,1,1) (28,31,12,1) (7,28,10,1) (4,36,10,1) (37,7,11,1) (7,6,6,1) (11,17,9,1) (48,3,15,1) (21,19,8,1) (38,28,8,1) (30,9,11,1) (14,29,14,1) (7,41,6,1) 
(8,41,18,1) (49,22,19,1) (10,18,8,1) (29,45,9,1) (39,10,10,1) (1,44,16,1) (14,17,9,1) (4,23,5,1) (3,39,12,1) (41,2,14,1) (0,13,3,1) (44,48,7,1) (25,35,12,1) (32,45,11,1) (28,38,13,1) (3,25,10,1) (26,12,8,1) (47,25,7,1) (30,17,16,1) (20,44,7,1) 
(11,10,16,1) (43,48,15,1) (7,34,10,1) (4,48,4,1) (28,15,17,1) (3,41,16,1) (14,31,10,1) (2,9,7,1) (1,3,15,1) (35,4,7,1) (10,0,11,1) (30,48,9,1) (48,15,16,1) (27,1,5,1) (44,43,4,1) (26,29,20,1) (14,12,13,1) (24,37,7,1) (21,14,5,1) (8,35,17,1) 
(47,43,9,1) (5,34,17,1) (29,18,7,1) (14,29,8,1) (37,39,10,1) (28,31,8,1) (24,33,19,1) (32,20,4,1) (1,23,1,1) (13,28,10,1) (49,24,5,1) (7,30,15,1) (21,8,8,1) (13,21,6,1) (6,37,8,1) (28,21,10,1) (12,2,12,1) (41,40,12,1) (43,11,5,1) (29,25,8,1) 
(31,8,13,1) (10,29,12,1) (28,21,14,1) (1,3,12,1) (1,27,11,1) (14,0,10,1) (8,16,11,1) (7,36,7,1) (31,5,4,1) (30,31,13,1) (28,17,25,1) (37,25,6,1) (41,33,13,1) (14,6,8,1) (22,24,7,1) (48,11,9,1) (29,49,13,1) (47,0,12,1) (31,37,19,1) (20,30,10,1) 
(32,16,7,1) (44,35,12,1) (4,9,17,1) (8,36,13,1) (4,41,13,1) (30,37,2,1) (2,5,3,1) (43,9,11,1) (28,44,19,1) (40,33,14,1) (29,20,17,1) (6,23,5,1) (21,17,7,1) (2,30,14,1) (13,18,16,1) (7,29,19,1) (21,42,15,1) (15,28,7,1) (29,45,9,1) (5,3,17,1) 
(15,22,14,1) (3,1,5,1) (29,32,19,1) (8,16,6,1) (18,6,3,1) (18,30,15,1) (43,17,19,1) (4,12,4,1) (28,3,6,1) (38,35,9,1) (23,30,12,1) (41,26,13,1) (20,44,13,1) (1,0,10,1) (1,18,11,1) (10,16,4,1) (22,24,16,1) (49,5,18,1) (39,25,14,1) (30,47,13,1) 
(28,44,10,1) (3,46,15,1) (23,18,3,1) (36,38,9,1) (29,45,9,1) (6,48,13,1) (23,48,11,1) (44,10,11,1) (13,4,18,1) (47,11,11,1) (19,33,13,1) (32,11,11,1) (22,27,10,1) (47,16,8,1) (25,15,17,1) (29,20,1,1) (14,2,8,1) (28,35,8,1) (31,46,10,1) (39,12,13,1) 
(12,41,11,1) (28,38,11,1) (23,27,14,1) (31,15,18,1) (24,11,9,1) (16,47,15,1) (29,22,10,1) (27,39,16,1) (41,10,10,1) (21,43,2,1) (9,7,9,1) (23,29,10,1) (2,10,10,1) (48,11,9,1) (45,9,8,1) (39,18,17,1) (9,19,5,1) (27,19,7,1) (5,43,10,1) (30,48,2,1) 
(13,8,12,1) (34,23,12,1) (47,26,8,1) (21,12,10,1) (17,28,18,1) (18,12,4,1) (3,10,14,1) (28,26,9,1) (6,2,6,1) (3,38,9,1) (9,12,13,1) (48,9,9,1) (30,8,10,1) (2,36,4,1) (7,36,8,1) (41,33,16,1) (19,24,19,1) (9,49,15,1) (26,35,8,1) (8,42,9,1) 
(17,13,5,1) (19,10,16,1) (21,42,7,1) (0,6,13,1) (3,0,15,1) (22,44,12,1) (41,12,13,1) (3,9,16,1) (46,4,2,1) (25,8,11,1) (9,23,1,1) (14,43,9,1) (28,3,6,1) (19,48,15,1) (35,34,6,1) (17,40,13,1) (44,40,11,1) (33,8,7,1) (49,25,9,1) (1,29,14,1) 
(9,15,17,1) (30,37,15,1) (18,46,12,1) (6,45,14,1) (46,25,7,1) (28,32,14,1) (25,32,18,1) (11,4,4,1) (6,46,3,1) (15,38,12,1) (43,18,8,1) (10,37,14,1) (19,31,4,1) (31,7,12,1) (13,49,3,1) (47,5,9,1) (24,46,15,1) (32,22,15,1) (12,39,11,1) (15,47,6,1) 
(24,15,7,1) (16,46,14,1) (40,28,11,1) (0,10,6,1) (20,29,9,1) (46,8,9,1) (47,7,14,1) (38,32,8,1) (30,49,9,1) (9,45,15,1) (38,1,17,1) (24,42,7,1) (32,2,2,1) (10,9,7,1) (35,14,3,1) (6,28,7,1) (44,43,8,1) (29,6,6,1) (4,21,11,1) (1,9,7,1) 
(8,48,9,1) (11,30,11,1) (31,45,11,1) (5,9,7,1) (32,17,3,1) (13,38,10,1) (6,19,14,1) (4,7,11,1) (41,1,12,1) (15,7,9,1) (38,8,7,1) (48,29,14,1) (39,24,3,1) (31,3,12,1) (32,11,14,1) (2,41,14,1) (33,16,16,1) (38,34,11,1) (34,24,18,1) (47,7,13,1) 
(7,28,5,1) (38,6,11,1) (15,9,1,1) (36,14,20,1) (22,2,6,1) (20,39,3,1) (35,34,6,1) (26,0,3,1) (18,41,11,1) (24,43,9,1) (14,16,3,1) (34,5,9,1) (13,28,10,1) (10,24,10,1) (43,45,9,1) (32,15,10,1) (10,44,11,1) (24,40,18,1) (47,18,11,1) (23,16,4,1) 
(28,27,5,1) (6,39,15,1) (47,9,9,1) (49,22,8,1) (36,44,6,1) (31,21,12,1) (39,37,10,1) (31,38,7,1) (8,38,10,1) (43,33,6,1) (36,46,23,1) (0,15,5,1) (4,2,10,1) (19,49,15,1) (17,38,6,1) (1,11,10,1) (11,40,10,1) (19,31,10,1) (13,29,2,1) (26,38,19,1) 
(12,0,8,1) (14,44,4,1) (6,5,19,1) (17,5,13,1) (38,27,23,1) (10,14,22,1) (49,2,11,1) (46,8,13,1) (1,43,14,1) (8,48,7,1) (44,19,11,1) (36,29,15,1) (12,43,12,1) (12,10,7,1) (4,0,18,1) (0,48,8,1) (36,23,6,1) (18,28,12,1) (24,23,7,1) (40,3,13,1) 
(29,12,11,1) (19,7,10,1) (26,32,15,1) (11,38,5,1) (45,32,14,1) (44,49,9,1) (4,48,12,1) (1,35,9,1) (48,7,13,1) (36,40,10,1) (38,13,13,1) (12,43,2,1) (33,12,14,1) (12,37,17,1) (5,49,5,1) (30,34,15,1) (46,38,9,1) (18,28,5,1) (20,19,6,1) (23,10,16,1) 
(18,45,8,1) (14,12,4,1) (47,16,11,1) (45,8,13,1) (48,8,16,1) (32,9,10,1) (18,15,11,1) (20,39,14,1) (32,5,5,1) (13,39,13,1) (36,26,18,1) (0,33,8,1) (5,37,4,1) (17,16,10,1) (47,29,4,1) (5,16,17,1) (16,6,9,1) (39,33,10,1) (24,44,8,1) (17,7,9,1) 
(37,30,13,1) (49,38,9,1) (28,37,8,1) (32,37,7,1) (24,20,5,1) (39,11,12,1) (45,30,16,1) (16,19,12,1) (40,39,11,1) (14,11,10,1) (23,16,16,1) (7,11,8,1) (6,13,8,1) (19,43,2,1) (27,39,10,1) (25,16,16,1) (47,11,11,1) (20,38,4,1) (14,7,13,1) (7,42,2,1) 
(20,11,10,1) (27,11,7,1) (5,10,11,1) (36,35,12,1) (33,43,4,1) (15,21,13,1) (25,45,10,1) (7,24,2,1) (24,23,11,1) (43,34,20,1) (49,41,15,1) (3,29,12,1) (27,30,10,1) (2,36,12,1) (36,16,6,1) (25,19,26,1) (9,32,19,1) (45,8,6,1) (24,4,16,1) (11,14,19,1) 
(39,47,11,1) (12,39,10,1) (26,44,8,1) (3,21,19,1) (39,35,16,1) (11,7,1,1) (49,36,5,1) (23,15,14,1) (44,23,10,1) (35,41,7,1) (24,15,6,1) (40,21,14,1) (48,10,12,1) (10,1,13,1) (12,47,9,1) (27,2,9,1) (24,5,16,1) (45,48,15,1) (18,23,12,1) (23,21,17,1) 
(32,20,15,1) (19,16,7,1) (24,25,10,1) (35,49,5,1) (44,45,1,1) (10,21,14,1) (20,31,19,1) (44,32,15,1) (11,41,13,1) (11,43,15,1) (46,44,7,1) (21,7,12,1) (2,35,10,1) (15,29,12,1) (18,23,15,1) (28,8,10,1) (13,28,18,1) (9,24,13,1) (8,25,12,1) (17,18,8,1) 
(13,9,10,1) (3,37,15,1) (9,38,8,1) (39,22,11,1) (13,19,17,1) (49,37,16,1) (25,39,18,1) (22,21,16,1) (45,7,17,1) (28,15,15,1) (15,37,4,1) (20,5,15,1) (38,39,15,1) (44,33,12,1) (21,8,14,1) (5,10,7,1) (0,31,6,1) (33,40,6,1) (15,44,11,1) (18,37,2,1) 
(40,10,11,1) (31,43,4,1) (25,30,13,1) (37,24,13,1) (2,18,11,1) (15,16,11,1) (0,40,10,1) (46,15,6,1) (16,18,14,1) (38,39,8,1) (2,49,10,1) (10,18,4,1) (47,3,11,1) (47,6,17,1) (8,31,7,1) (37,42,10,1) (2,40,7,1) (37,40,7,1) (27,15,6,1) (44,33,7,1) 
(38,14,7,1) (9,38,8,1) (5,16,10,1) (26,41,11,1) (33,22,23,1) (28,46,6,1) (41,0,10,1) (41,42,16,1) (8,28,8,1) (41,39,8,1) (24,12,15,1) (46,3,7,1) (13,43,10,1) (7,26,10,1) (6,49,12,1) (22,31,9,1) (49,25,9,1) (40,0,3,1) (12,7,12,1) (11,5,13,1) 
(14,26,10,1) (39,6,9,1) (3,4,11,1) (2,38,23,1) (13,19,14,1) (18,33,7,1) (30,6,12,1) (41,23,15,1) (35,37,11,1) (46,49,3,1) (2,40,10,1) (1,39,15,1) (48,25,4,1) (10,48,8,1) (24,3,16,1) (2,43,18,1) (7,35,12,1) (24,49,7,1) (32,10,13,1) (18,3,1,1) 
(46,31,9,1) (7,37,10,1) (3,10,13,1) (27,2,16,1) (20,14,6,1) (28,37,12,1) (0,27,15,1) (9,4,13,1) (2,11,3,1) (36,17,17,1) (13,21,6,1) (38,46,19,1) (8,34,6,1) (0,23,8,1) (3,21,2,1) (12,9,7,1) (11,28,11,1) (40,48,11,1) (49,39,14,1) (13,32,9,1) 
(9,34,15,1) (43,31,11,1) (21,2,4,1) (40,6,10,1) (32,5,7,1) (43,29,5,1) (11,3,10,1) (24,19,8,1) (15,5,10,1) (42,25,14,1) (33,40,9,1) (41,46,11,1) (6,8,4,1) (44,23,7,1) (46,48,17,1) (29,1,12,1) (21,32,7,1) (0,43,16,1) (44,9,1,1) (10,1,11,1) 
(26,23,16,1) (35,24,12,1) (46,41,11,1) (16,4,1,1) (44,34,2,1) (43,36,8,1) (41,30,10,1) (48,47,12,1) (28,9,6,1) (20,36,13,1) (37,36,14,1) (38,46,11,1) (8,16,18,1) (48,33,7,1) (8,28,8,1) (46,31,8,1) (35,3,4,1) (44,4,13,1) (49,32,12,1) (3,29,10,1) 
(26,17,9,1) (27,36,12,1) (5,26,10,1) (30,42,5,1) (38,6,4,1) (24,46,6,1) (0,9,17,1) (33,16,13,1) (40,30,7,1) (24,20,15,1) (11,47,7,1) (21,2,7,1) (12,47,6,1) (21,19,8,1) (28,31,12,1) (10,22,4,1) (13,4,12,1) (25,23,13,1) (6,41,8,1) (27,10,18,1) 
(22,36,10,1) (10,7,5,1) (26,25,9,1) (25,21,20,1) (46,28,13,1) (12,34,17,1) (35,12,13,1) (1,35,12,1) (40,11,6,1) (20,39,12,1) (42,49,7,1) (45,30,11,1) (5,31,25,1) (23,32,15,1) (14,1,5,1) (12,44,9,1) (5,34,11,1) (17,1,16,1) (23,39,15,1) (20,44,17,1) 
(0,40,11,1) (20,37,3,1) (16,10,2,1) (40,30,7,1) (38,4,5,1) (2,21,11,1) (13,48,10,1) (41,27,8,1) (48,2,5,1) (13,1,7,1) (49,11,5,1) (44,10,1,1) (32,35,10,1) (2,6,9,1) (37,42,10,1) (2,8,5,1) (2,20,14,1) (12,24,9,1) (2,28,13,1) (7,39,17,1) 
(24,16,4,1) (2,23,9,1) (22,38,12,1) (19,29,9,1) (25,43,9,1) (39,30,5,1) (23,5,15,1) (26,14,3,1) (23,22,14,1) (45,1,12,1) (31,29,13,1) (8,47,10,1) (8,11,13,1) (15,39,14,1) (28,46,4,1) (35,17,5,1) (41,31,3,1) (26,24,14,1) (25,17,16,1) (39,22,8,1) 
(47,18,8,1) (48,22,12,1) (20,43,14,1) (14,21,16,1) (9,49,10,1) (39,0,13,1) (13,49,8,1) (5,48,8,1) (26,1,7,1) (35,4,19,1) (0,18,12,1) (18,6,15,1) (16,33,17,1) (26,24,16,1) (37,30,7,1) (27,31,12,1) (19,32,16,1) (12,30,14,1) (16,8,11,1) (1,24,11,1) 
(13,2,14,1) (21,13,19,1) (18,26,13,1) (7,31,21,1) (2,23,17,1) (34,47,9,1) (0,25,9,1) (30,12,16,1) (37,23,14,1) (35,34,8,1) (16,42,2,1) (33,43,2,1) (4,48,9,1) (38,37,7,1) (21,49,26,1) (37,46,11,1) (37,32,15,1) (0,43,14,1) (5,47,1,1) (43,42,7,1) 
(40,21,14,1) (14,28,10,1) (34,6,12,1) (36,16,14,1) (4,45,10,1) (16,12,5,1) (22,20,11,1) (36,28,9,1) (23,31,19,1) (0,24,9,1) (45,0,20,1) (26,24,14,1) (27,21,1,1) (27,10,6,1) (18,32,5,1) (10,19,10,1) (22,7,18,1) (17,40,13,1) (27,9,1,1) (17,21,8,1) 
(22,48,9,1) (22,44,16,1) (7,38,14,1) (25,1,8,1) (4,41,18,1) (29,10,12,1) (25,12,11,1) (16,39,7,1) (21,27,2,1) (35,13,16,1) (7,3,12,1) (18,38,10,1) (42,10,11,1) (8,17,22,1) (8,33,5,1) (16,25,10,1) (40,28,13,1) (18,37,3,1) (2,36,17,1) (4,9,6,1) 
(39,13,7,1) (17,4,14,1) (3,19,4,1) (47,34,10,1) (9,41,11,1) (44,31,24,1) (0,45,7,1) (18,29,5,1) (4,10,7,1) (23,16,12,1) (46,35,9,1) (12,29,18,1) (3,43,17,1) (8,14,19,1) (37,44,3,1) (13,42,8,1) (11,4,4,1) (18,45,5,1) (11,43,12,1) (0,25,12,1) 
(27,6,4,1) (45,47,8,1) (49,38,8,1) (24,29,16,1) (3,4,4,1) (32,21,16,1) (26,7,5,1) (2,6,11,1) (6,40,9,1) (47,23,18,1) (13,42,19,1) (21,40,11,1) (9,41,14,1) (5,7,4,1) (26,12,10,1) (17,20,11,1) (9,0,10,1) (6,21,12,1) (39,34,15,1) (7,41,9,1) 
(42,24,8,1) (25,49,4,1) (22,8,6,1) (14,17,6,1) (3,25,14,1) (2,42,12,1) (13,26,14,1) (2,46,15,1) (45,15,6,1) (26,30,17,1) (30,31,12,1) (37,34,20,1) (49,29,6,1) (20,33,10,1) (40,13,11,1) (39,45,11,1) (13,6,8,1) (32,4,17,1) (47,43,13,1) (0,20,11,1) 
(9,26,8,1) (13,16,10,1) (24,12,11,1) (17,6,12,1) (38,7,10,1) (27,13,10,1) (15,24,6,1) (32,13,12,1) (24,13,17,1) (45,23,9,1) (46,41,16,1) (13,48,17,1) (1,15,14,1) (32,19,15,1) (33,40,8,1) (46,22,2,1) (2,3,11,1) (14,10,8,1) (20,27,7,1) (12,47,6,1) 
(44,25,2,1) (23,27,10,1) (26,41,12,1) (29,2,9,1) (33,3,15,1) (35,39,3,1) (49,42,19,1) (13,12,8,1) (43,26,2,1) (9,25,11,1) (31,35,10,1) (26,40,16,1) (25,38,11,1) (22,2,10,1) (42,29,9,1) (28,20,7,1) (49,1,1,1) (38,22,14,1) (17,26,13,1) (38,10,3,1) 
(21,14,17,1) (15,18,10,1) (34,13,5,1) (42,49,12,1) (5,4,9,1) (29,31,14,1) (22,12,8,1) (8,31,4,1) (29,32,7,1) (18,20,15,1) (46,23,12,1) (5,28,11,1) (31,44,11,1) (4,45,5,1) (20,19,14,1) (10,25,7,1) (30,0,13,1) (3,47,23,1) (4,9,13,1) (16,25,1,1) 
(29,25,6,1) (43,24,12,1) (2,15,3,1) (19,44,22,1) (30,7,17,1) (3,35,7,1) (4,37,12,1) (47,18,8,1) (14,9,6,1) (24,7,15,1) (19,8,11,1) (0,20,4,1) (43,31,12,1) (29,47,6,1) (44,45,5,1) (28,27,5,1) (40,5,10,1) (19,45,6,1) (3,15,10,1) (20,36,14,1) 
(49,23,14,1) (6,4,5,1) (8,1,17,1) (14,30,12,1) (48,22,9,1) (13,17,1,1) (30,45,17,1) (17,39,5,1) (47,34,8,1) (31,21,8,1) (46,41,6,1) (16,27,5,1) (15,1,15,1) (24,15,5,1) (6,16,9,1) (15,7,3,1) (4,39,5,1) (5,48,6,1) (46,43,8,1) (41,49,13,1) 
(2,12,8,1) (10,44,18,1) (13,49,11,1) (32,41,13,1) (18,41,3,1) (25,28,9,1) (10,39,4,1) (8,20,13,1) (3,27,16,1) (29,31,8,1) (35,27,5,1) (40,1,8,1) (47,48,10,1) (23,33,17,1) (20,3,6,1) (1,2,7,1) (38,14,8,1) (32,4,11,1) (18,43,12,1) (19,10,11,1) 
(49,45,5,1) (15,42,12,1) (5,0,12,1) (43,21,4,1) (24,47,11,1) (41,42,1,1) (1,20,5,1) (37,8,12,1) (12,33,7,1) (42,25,10,1) (3,16,7,1) (18,38,7,1) (46,30,16,1) (30,35,5,1) (38,3,11,1) (22,14,12,1) (17,37,16,1) (12,14,7,1) (42,24,3,1) (33,30,12,1) 
(41,11,10,1) (19,48,11,1) (41,47,8,1) (33,25,4,1) (4,41,3,1) (24,37,2,1) (44,25,12,1) (4,3,12,1) (31,41,18,1) (49,23,7,1) (35,10,11,1) (0,46,2,1) (37,9,10,1) (45,38,13,1) (32,3,13,1) (17,29,16,1) (37,36,11,1) (42,27,11,1) (32,4,12,1) (48,47,6,1) 
(28,23,12,1) (38,32,17,1) (30,15,14,1) (33,15,7,1) (40,5,3,1) (46,43,7,1) (6,11,12,1) (29,49,8,1) (2,40,7,1) (16,17,6,1) (2,16,10,1) (1,31,4,1) (30,4,3,1) (42,17,7,1) (27,46,6,1) (49,21,15,1) (47,14,3,1) (6,21,11,1) (2,33,17,1) (36,3,15,1) 
(3,1,13,1) (31,11,13,1) (44,19,14,1) (37,15,1,1) (12,0,13,1) (25,34,9,1) (19,24,9,1) (39,48,1,1) (14,49,15,1) (6,8,19,1) (49,46,8,1) (20,31,12,1) (24,25,3,1) (32,7,7,1) (15,22,7,1) (37,21,13,1) (23,28,10,1) (3,13,8,1) (38,16,3,1) (45,49,7,1) 
(48,17,10,1) (30,14,14,1) (31,2,6,1) (10,41,10,1) (29,4,8,1) (49,24,6,1) (48,4,16,1) (39,3,11,1) (1,15,9,1) (41,13,2,1) (47,31,13,1) (16,5,11,1) (1,14,12,1) (42,30,8,1) (22,38,13,1) (8,35,3,1) (14,28,4,1) (48,16,2,1) (36,45,11,1) (11,17,15,1) 
(16,23,17,1) (19,3,11,1) (1,44,8,1) (2,9,7,1) (47,40,6,1) (34,41,14,1) (26,7,5,1) (15,36,5,1) (14,13,4,1) (3,35,8,1) (14,19,8,1) (21,36,13,1) (8,5,15,1) (32,6,4,1) (21,26,4,1) (31,47,1,1) (39,35,11,1) (19,49,14,1) (26,20,7,1) (9,42,10,1) 
(11,22,16,1) (34,16,6,1) (45,28,2,1) (17,42,16,1) (11,49,1,1) (37,40,4,1) (39,46,16,1) (22,4,7,1) (6,41,15,1) (10,9,17,1) (25,41,9,1) (14,1,2,1) (11,23,7,1) (49,45,3,1) (46,25,10,1) (10,27,16,1) (13,2,13,1) (32,41,7,1) (28,27,12,1) (19,30,9,1) 
(21,23,4,1) (43,15,5,1) (31,37,13,1) (14,3,11,1) (2,37,12,1) (23,49,13,1) (38,28,16,1) (15,27,9,1) (14,38,14,1) (3,48,11,1) (44,28,15,1) (33,21,10,1) (10,26,6,1) (39,18,11,1) (21,36,14,1) (2,39,19,1) (5,11,7,1) (3,31,5,1) (7,13,11,1) (1,45,10,1) 
(18,40,12,1) (46,23,16,1) (30,48,3,1) (45,19,17,1) (4,11,13,1) (17,1,8,1) (8,34,6,1) (46,41,18,1) (13,36,14,1) (47,27,3,1) (0,13,12,1) (32,31,15,1) (46,7,15,1) (12,27,8,1) (22,0,18,1) (12,46,6,1) (42,13,7,1) (2,21,13,1) (15,25,16,1) (0,42,11,1) 
(28,8,8,1) (38,6,17,1) (9,44,2,1) (42,2,10,1) (21,7,8,1) (3,0,11,1) (45,37,16,1) (10,43,16,1) (36,22,8,1) (44,27,8,1) (26,23,16,1) (4,13,10,1) (3,37,16,1) (31,47,9,1) (32,36,14,1) (13,6,2,1) (29,10,11,1) (9,1,19,1) (25,34,4,1) (4,27,8,1) 
(39,45,12,1) (0,39,17,1) (10,44,15,1) (33,12,11,1) (2,19,9,1) (17,13,8,1) (6,48,8,1) (23,14,18,1) (41,1,6,1) (21,19,14,1) (11,49,12,1) (20,6,13,1) (38,30,7,1) (27,0,12,1) (32,40,7,1) (18,8,12,1) (0,9,8,1) (40,6,13,1) (20,28,18,1) (4,12,6,1) 
(7,15,8,1) (3,29,9,1) (21,44,1,1) (11,40,9,1) (27,35,6,1) (49,22,15,1) (2,39,4,1) (15,27,17,1) (22,29,10,1) (10,2,12,1) (19,10,8,1) (8,27,14,1) (19,26,16,1) (25,15,9,1) (41,7,7,1) (29,5,3,1) (6,1,11,1) (7,0,11,1) (2,16,8,1) (36,21,11,1) 
(32,16,15,1) (35,23,5,1) (30,25,9,1) (2,34,10,1) (35,0,10,1) (39,43,18,1) (46,4,17,1) (49,16,9,1) (44,27,14,1) (3,43,5,1) (15,5,16,1) (45,3,16,1) (43,4,9,1) (35,39,7,1) (33,4,14,1) (32,37,5,1) (2,18,5,1) (20,12,13,1) (34,38,5,1) (16,5,18,1) 
(23,9,11,1) (33,44,12,1) (13,33,20,1) (29,44,11,1) (45,38,10,1) (20,3,10,1) (46,24,13,1) (4,37,2,1) (47,17,17,1) (35,34,5,1) (43,38,11,1) (31,13,11,1) (33,41,9,1) (31,9,15,1) (0,32,11,1) (34,20,14,1) (3,43,8,1) (9,40,15,1) (39,15,17,1) (8,20,2,1) 
(18,46,9,1) (23,16,11,1) (17,41,10,1) (33,47,10,1) (4,32,4,1) (23,38,8,1) (2,34,3,1) (6,17,6,1) (11,43,15,1) (31,38,2,1) (24,26,6,1) (31,48,10,1) (4,21,10,1) (40,12,13,1) (22,5,18,1) (16,13,2,1) (46,7,3,1) (47,44,6,1) (32,35,7,1) (31,43,6,1) 
(31,9,16,1) (18,20,9,1) (35,40,8,1) (36,20,2,1) (39,30,6,1) (33,20,15,1) (9,33,22,1) (4,34,7,1) (4,42,16,1) (2,34,17,1) (2,44,6,1) (19,48,17,1) (35,8,8,1) (9,21,21,1) (28,7,11,1) (49,43,11,1) (31,24,3,1) (3,19,11,1) (13,16,24,1) (9,12,11,1) 
(48,3,4,1) (24,38,17,1) (9,44,3,1) (2,22,9,1) (26,24,7,1) (27,36,3,1) (39,16,4,1) (0,45,3,1) (36,44,17,1) (38,43,8,1) (46,16,10,1) (18,22,20,1) (35,39,8,1) (12,16,13,1) (15,39,8,1) (13,5,13,1) (47,14,8,1) (49,35,3,1) (1,42,13,1) (7,33,10,1) 
(16,9,7,1) (28,5,5,1) (0,49,12,1) (33,29,7,1) (3,22,6,1) (28,3,13,1) (30,2,7,1) (8,23,11,1) (33,36,15,1) (28,35,6,1) (4,44,8,1) (1,12,12,1) (3,48,5,1) (37,43,10,1) (22,27,9,1) (16,32,12,1) (28,38,10,1) (41,49,9,1) (42,4,13,1) (6,2,12,1) 