9.5
7.3333333
11.5
14.333333
14.333333
11.25
12.0
9.0
13.0
11.0
11.5
14.0
16.0
11.0
12.5
12.5
10.0
7.6666667
13.0
10.0
13.0
10.5
7.5
10.0
11.5
13.5
13.5
10.0
10.5
11.0
14.0
9.5
11.0
10.0
10.0
11.0
11.333333
11.5
9.5
11.0
12.333333
12.0
11.0
11.0
13.0
12.0
11.0
8.3333333
14.333333
9.6666667
13.0
11.0
11.0
10.5
13.5
13.5
19.0
10.5
8.5
14.0
12.0
11.5
10.0
7.6666667
11.0
12.5
14.333333
11.666667
9.5
12.0
10.5
11.5
7.6666667
12.333333
14.0
14.333333
13.5
9.5
12.666667
12.0
11.5
16.666667
8.0
10.5
9.0
10.5
12.0
11.0
11.0
14.25
10.666667
8.5
10.0
12.0
11.0
10.0
11.5
12.666667
9.0
9.6666667
