13.5
12.0
13.5
12.5
17.0
15.0
11.0
14.0
15.5
17.0
15.0
9.0
12.0
12.5
14.5
9.5
13.0
12.0
12.25
16.5
12.0
10.5
15.0
10.0
11.25
11.0
10.5
15.0
14.5
13.0
13.0
13.333333
12.666667
13.666667
15.0
16.0
12.5
12.0
13.0
10.333333
10.5
11.5
15.5
11.0
15.0
13.5
14.333333
14.5
13.5
15.0
12.0
12.333333
14.666667
13.5
12.0
17.0
10.5
13.0
13.333333
13.0
9.0
12.0
13.0
13.5
10.666667
13.5
12.0
17.5
16.0
13.666667
13.333333
12.0
18.0
10.5
13.0
9.5
13.5
14.0
9.0
12.5
14.333333
13.5
12.0
12.333333
13.0
9.5
10.75
13.0
16.0
13.5
14.5
11.0
16.333333
11.0
10.0
14.0
17.0
13.0
10.5
14.0
