369.52937019999996
327.98209360000004
328.84273079999997
335.744978
349.7388361
367.5293351
349.9983575
343.877618
338.81934129999996
355.47049000000004
348.6636182
395.85572399999995
301.5
343.4272738
357.31327999999996
357.96642820000005
367.150468
324.4401881
326.49535299999997
353.9029483
327.5445595
320.07777780000004
346.737839
340.152953
358.19689939999995
338.143679
356.87386296
356.0
343.3676055000001
360.84084029999997
336.3615274
336.2800178
366.45557902
354.6091086
360.39702470000003
339.0
350.7546511
390.331071
324.686555
330.31522299999995
333.2789709999999
332.76782110000005
322.083333099983
337.80332219999997
347.87638759999993
338.5758674
346.0433452
329.8157557
351.1053944000001
350.5306543
371.46777699999996
325.71087
365.3557595
351.4413307
342.2238333
319.52485566999997
339.2884179999999
357.0040166
334.29101700000007
325.9999997
327.6350318
358.0188857
330.0961658999999
346.48819649999996
344.2738583
366.0
353.6269744
315.84684139999996
366.29125919999996
351.51178630000004
366.53101499999997
343.72107719999997
346.98345509999996
347.90339259999996
342.118343
354.538136
338.55253558
329.688279283
314.96386640000003
349.9146108
365.6029408999999
352.6749368
343.1525162
388.32238120000005
329.9755125
388.7963206
363.3357815
353.10205030000003
328.8512941299999
359.9343378000001
362.81904070002105
348.1974604999999
328.25
383.009301
297.8076922
345.8261818
337.97065699999996
358.2737
329.66313020000007
314.98990827
