0.9566262231476036
0.9135246803973794
0.9475359896405893
0.9038068896561802
0.9419310342975993
0.9306136310576182
0.9270219223454466
0.950173820925943
0.8987438184641788
0.9404165243063912
0.8836080035783659
0.9263404558500569
0.8407776695536054
0.8815924162251474
0.9628304015521336
0.9719495834151041
0.9191110033379415
0.9415261473224124
0.9755034589279884
0.9166161822487442
0.8825008712719427
0.9213732326996453
0.902288426018829
0.9608085010278425
0.9271059965558449
0.9365404946686324
0.8707617334684348
0.9377389454762245
0.978294831253354
0.893760011173799
0.9549250249009084
0.8730957895403569
0.888690331442522
0.9123788373846666
0.8927495163868133
0.9317633350688074
0.9033125125063243
0.9847662057700385
0.8936906215362488
0.8899725698465423
0.9504082917547169
0.9285605565255103
0.8045595522448586
0.9582818107856406
0.901380692390298
0.9254971071461947
0.915690548419247
0.9711421815061512
0.9079820950704311
0.9169300864051774
0.9183292462228195
0.9075281265737871
0.91087322885262
0.8659179174986282
0.885563760376404
0.8874401485524576
0.9587046324787442
0.8758642493676371
0.896171314323078
0.8764279512515204
0.8888855045131756
0.9181268489825134
0.9023077314396274
0.8881540321399755
0.9330177212167522
0.864141511247837
0.8695206105669618
0.9359895046743715
0.9072633168597589
0.959168355249015
0.9415090499652209
0.9000447657628626
0.8916820586873805
0.8993332917459693
0.8932572428108745
0.9391616709631248
0.9268838942943154
0.9241227169179375
0.9631926776743122
0.9835562641160638
0.9219660269978538
0.9509148685907433
0.875853240934397
0.8709905219409622
0.9359537740040411
0.8989226280107909
0.9090638726711877
0.8928675922676909
0.9212322143335235
0.9349441096719295
0.9262620645431465
0.8681584415973129
0.9186867295919168
0.9159505724010242
0.9267333367065331
0.9215932919469496
0.9106187864136646
0.880911467503368
0.908293486501961
0.8868164918801461
