0.9705315268368943
0.9612227324913892
0.9188075082811925
0.929217803960072
0.9780033840947546
0.9511302475780409
0.9297431828019045
0.9664948453608248
0.9473123863931446
0.9603564223268326
0.9646262028127313
0.9482612158216087
0.8969796215429403
0.9484295612009238
0.9799131378935939
0.9565025166643994
0.942147929786949
0.95048
0.9611561866125761
0.9420304070622855
0.9250885698303188
0.9667618503712164
0.9397304236200257
0.981474617244158
0.9666212142959667
0.9694201821222821
0.9660697543596475
0.9557874321179208
0.9438275636838668
0.9358661663539712
0.9792651551696414
0.935506059613495
0.955717038702425
0.9408768062698996
0.9446064139941691
0.9477890909090909
0.9550847457627119
0.9734072810011376
0.9527349510658265
0.9394978783592645
0.976125981727841
0.9438326585695007
0.8944802578565673
0.9642764015645372
0.9495743956418113
0.9649136769927759
0.9636563876651982
0.9796246827834914
0.9516258030680477
0.9319841752891053
0.9573011897307452
0.93843704066634
0.9556257032129016
0.9325647594648449
0.9327272727272727
0.947120253164557
0.9718545066341314
0.9687898089171975
0.930835898266645
0.9286234931314831
0.9412067056776846
0.9424389043792029
0.8969177635866024
0.9638632451885464
0.9799302292467607
0.9051805337519623
0.9273039496279336
0.9572553135659931
0.9453931691818904
0.9467532467532468
0.9601173243943318
0.9296557120500782
0.9251856082238721
0.9062402006898714
0.9425389755011135
0.9555533145085384
0.9578947368421052
0.9532398858485815
0.9680656663200119
0.9794625719769674
0.9416591523895401
0.9376688561159995
0.9587460635556828
0.9244352462466676
0.9642007292266359
0.926669664942658
0.9555920071577692
0.9492511912865895
0.9344166529537601
0.9557890855457227
0.9539664999418401
0.8962997628853113
0.9496490612388139
0.9443906885429814
0.9510869565217391
0.9414718019257221
0.9430738329408506
0.9068521417390066
0.9323133737800052
0.9412953060011884
