540.754719
487.9061186
481.4999977999999
492.7425609
522.820927
476.0
507.22631590000003
503.50000000000006
425.0000000000001
511.99999940000004
527.9972049999999
554.5
409.5
502.0
511.333334
542.955882
534.817004
428.25
468.00000000000006
519.166668
474.0
386.0
516.3080246999999
498.342765
532.2117989999999
505.696282
473.0000002
488.24999999999994
523.863032
514.879379
491.5940155
436.5
547.7564093
493.24999929999996
530.473673
488.625
524.2169377
590.712267
440.99999999999994
456.5
482.00000049999994
481.28846300000004
500.1249998
517.1116549999999
517.043104
497.7728943
475.99999999999994
461.9999996
527.1269834
536.5141716
542.76457
435.000001
529.016841
487.0
502.11363809999995
424.9999988999999
513.8982489999999
489.49999999999994
441.8333318999999
448.00000029999995
444.0
533.737803
494.528437
508.219354
520.3242286
529.000001
531.35056
468.6333337
562.9142069999999
519.305556
540.0951333
530.56698
514.561109000003
529.2425705999999
496.49999899999995
502.08505199999996
447.625
475.00000000000006
482.52083339999996
517.9405841
537.1726550000001
509.0000001
465.0
512.0000003
491.291595
559.6045479000001
535.9779374
497.9999992
478.66666713
508.9999977
517.760399
526.3480320000001
461.5
561.647352
428.0
461.3
439.99999999999994
525.029426
486.75000029999995
401.5
