479.06536600000004
431.66392460000003
424.68895060000006
439.8810909
455.2197019
457.28136600000005
450.6141597
452.87919200000005
411.4999998
464.24047119999994
459.98016199999995
500.23366699999997
376.50000000000006
445.241853
467.164804
466.54608640000004
461.71392000000014
396.4999986
418.30522920000004
465.19409559999997
420.49999969999993
383.0
449.3843147
439.589523
466.2393379999999
440.6823969999999
441.999999
447.2500003
459.67546899999996
464.1975005000001
437.21680899999996
416.5
479.6303522999999
451.32781280000006
465.142243
437.749999
460.5641029000001
520.789851
417.4926980000001
411.9999996
432.775861
427.7569940000001
428.0
450.95090200000004
452.43581100000006
440.14907889999995
453.3318585
422.9962178
465.3118677
464.83226010000004
485.12395300000003
413.0
468.706628
445.99999999999994
445.88955360000006
406.28147160000003
445.22988499999985
447.4858853
413.4999989
407.9999997
402.499999
465.5415597000001
433.983685
446.052899
455.041029
468.0
467.2717827
411.7351388
478.183872
458.37579759999994
473.78645430000006
456.83057600000006
447.43110419999994
459.94410880000004
442.831237
450.100867
426.17545459999997
434.859115
423.4803651000001
456.4977594
476.3000005
453.320769
441.0
475.0000005
430.28627700000004
494.322614
473.28105630000005
448.42673220000006
409.83333443
469.0572323
459.2676105600001
454.5498899
409.875
496.96359340000004
390.8090273
431.50000079999995
415.5
463.0251837999999
435.0663084
374.5
