20.428571
13.0
18.25
17.9
20.5
14.5
20.0
22.2
11.0
20.0
20.333333
19.0
18.0
12.0
24.0
16.0
25.0
13.0
21.0
12.5
18.0
13.0
10.0
20.8
14.0
18.0
9.0
16.5
22.857143
11.0
21.0
9.0
16.6
12.0
18.666667
23.0
14.0
25.0
15.0
14.0
16.0
22.0
11.166667
21.0
17.0
19.0
15.0
18.0
20.666667
16.0
22.5
17.0
18.0
20.0
16.0
13.0
20.4
12.5
17.0
19.25
13.5
16.0
20.333333
11.0
21.0
13.0
15.0
20.0
18.333333
19.0
15.0
19.25
13.0
16.75
15.4
25.0
19.5
19.0
24.666667
22.666667
16.4
20.0
18.0
10.666667
19.0
15.0
17.0
12.0
13.333333
10.0
15.0
14.75
18.25
19.0
18.0
14.0
16.0
15.8
20.714286
14.0
