17.571429
13.0
13.25
13.5
15.5
14.5
16.125
16.0
11.0
15.5
14.0
15.333333
12.333333
12.0
14.0
16.0
15.0
13.0
17.333333
12.5
11.5
13.0
10.0
16.0
14.0
13.0
9.0
15.0
17.142857
11.0
14.5
9.0
11.666667
12.0
12.0
18.0
13.0
19.0
12.5
13.0
16.0
15.333333
7.4
15.5
12.0
15.0
12.0
18.0
13.2
14.0
12.5
12.2
15.142857
14.0
12.5
13.0
16.4
12.5
13.5
12.5
13.5
14.0
13.0
11.0
16.0
13.0
10.0
17.25
11.666667
16.4
15.0
12.666667
13.0
11.75
11.4
17.5
15.0
13.666667
18.0
18.5
12.4
17.0
14.0
10.666667
15.0
15.0
15.5
12.0
12.666667
10.0
15.0
9.75
15.0
14.5
14.0
14.0
14.666667
11.8
15.0
14.0
