21.0
13.0
20.333333
19.333333
21.0
14.5
20.0
23.0
11.0
20.0
20.75
19.0
19.0
12.0
25.0
16.0
32.0
13.0
21.0
12.5
18.0
13.0
10.0
23.0
14.0
18.0
9.0
16.5
23.5
11.0
21.0
9.0
19.0
12.0
24.0
23.0
14.0
25.0
15.0
14.0
16.0
28.0
12.5
21.0
19.0
19.0
15.0
18.0
23.0
16.0
24.0
17.0
21.0
20.0
16.0
13.0
26.4
12.5
19.333333
20.0
13.5
16.0
23.25
11.0
21.0
13.0
15.5
20.0
24.5
19.0
15.0
24.0
13.0
22.5
16.5
25.5
19.5
19.0
24.666667
22.666667
17.5
20.0
18.0
10.666667
19.0
15.0
17.0
12.0
13.333333
10.0
15.0
20.5
22.0
19.0
18.5
14.0
16.0
17.0
25.5
14.0
