0.8867888083287542
0.7874715165868664
0.8659270367460749
0.8724724328940426
0.8152358028931961
0.8455658979391454
0.8684900925702436
0.9138942885280125
0.83359398886636
0.8467002496761528
0.8460278600979266
0.8927107910747142
0.8159934838629114
0.8181629491582515
0.9055899727932639
0.8732585787025107
0.9208479985819182
0.8688688990731508
0.882515422723835
0.8458395521627502
0.8143257738987604
0.7676812396236856
0.8412610816251431
0.9279777924329914
0.8222484571394613
0.8941048126179034
0.869305707717478
0.821534075993354
0.8723684936433163
0.8179584581811045
0.836548433673863
0.7659847697733915
0.874832000979437
0.7849974709801358
0.9009144465336391
0.8654551407624552
0.757503019053853
0.872416830322748
0.8468893377180405
0.8125834178498607
0.8331705695902428
0.9631216226108331
0.7491060711048964
0.8764101624490368
0.8391974907021067
0.8491618304845124
0.7774274735294445
0.8689469757324192
0.8941400318946668
0.8157312605034033
0.8690454262279015
0.8315963228389949
0.8894747370832685
0.8182650765929551
0.7512338163586515
0.7522479767867957
0.9350776987379371
0.7976688291330185
0.8335341861425821
0.8556675883133821
0.817276722483945
0.8691943844041987
0.828413574659912
0.8673454864943825
0.8606756300727543
0.834575166916059
0.848393908364695
0.8813547902006309
0.8490529238732426
0.8980849457231516
0.8482552924195791
0.9150123306060329
0.7997014474147138
0.8531012149937255
0.8577105208129784
0.9019584213211657
0.8291489150137925
0.8476597444888692
0.8537367733467051
0.8711382859230467
0.8373698167397808
0.8235631308251414
0.8114843426679542
0.7582820452261027
0.7878116507330057
0.7940811850083929
0.8435573105934111
0.8363275011881556
0.7605241787628934
0.7952078475526736
0.8382326152346514
0.8551657583666116
0.8985924899036168
0.8905015353513464
0.862225822266749
0.7860807958366126
0.8350314709819208
0.8164643039061161
0.8970366493047419
0.8244686055665407
