0.9242148680592407
0.8615634545959455
0.9462962962962963
0.8932434197635687
0.8873482132531514
0.843328335832084
0.8706529338998548
0.9130154147829402
0.85565040435541
0.8830060041524045
0.8731484575119723
0.8976647688893178
0.855794816823255
0.8186353557750453
0.9605684416857236
0.903779115829504
0.9478749511963858
0.8782004389173372
0.9110033487079042
0.8756997942485286
0.8721342406433653
0.8461250126633573
0.8367431938236489
0.9306460066828277
0.846860599078341
0.9183552675087626
0.8612465771287
0.8343894668724178
0.93304328705158
0.8249134322187193
0.9148915427735803
0.8202948732268514
0.8745265299733918
0.8160344086021505
0.9287998005208622
0.9274514476349339
0.7871985971065322
0.9143558030213135
0.882016142592904
0.8662653674012804
0.8781193960779776
0.9449632284778444
0.7762628892823664
0.9271749537243889
0.9096972343522561
0.8978380465206062
0.8173093310609288
0.9041108876759552
0.9316300974573964
0.8756229431123649
0.917114404817045
0.841995841995842
0.8690652620301759
0.8870642293477176
0.8444150859431496
0.7952533089913282
0.9382503702016175
0.8252851277372263
0.8817682041352604
0.8745179931704754
0.8374731237841712
0.871199716172698
0.8972869606788574
0.8859795941763154
0.8783649264005083
0.8651620525166065
0.8403156895323998
0.8879960642833716
0.8913152446333225
0.91643850042123
0.8706390328151986
0.8747300215982722
0.8407295233078746
0.8813806057760037
0.8685500488016484
0.930028129395218
0.8928915946120817
0.8937664928879449
0.9074405954766677
0.9279399382542801
0.8965910336512112
0.859516129032258
0.8119873274718797
0.7660196924149348
0.8643915343915344
0.8305155548091859
0.8695575221238938
0.8615561165939867
0.820458063406524
0.8525800711743772
0.8771231740472789
0.861570599819043
0.8599124626827911
0.8864692384913236
0.8695588054565565
0.8777824487651077
0.8315598548972188
0.8481157331136738
0.8898013208885978
0.7963433214829863
