0.9275828349029369
0.8573425089682211
0.9493457675617091
0.8929796454728915
0.8885527685512753
0.8404819032230687
0.8848555257054377
0.9182365213560469
0.8547404836493404
0.893650761817875
0.8717158141674399
0.8991198445288207
0.8532390785922063
0.8259429105108791
0.9641637395199827
0.9109993543582835
0.9631616349624461
0.8604860550258371
0.908833376981778
0.8704387201410005
0.8774737843054778
0.8477615952299496
0.8517094790194051
0.9376502898328608
0.8493059480581125
0.9239046688505586
0.8641278878339927
0.8419975911516299
0.9352874207959043
0.8406842607639249
0.9105379067426291
0.8278046821232357
0.8820603052105407
0.816193072550674
0.9263157084050202
0.9268778788283478
0.7971197300389384
0.9310207153486251
0.8827035055554703
0.860441577395832
0.8847166285593531
0.9509693430558538
0.7832321100672118
0.9289792790294067
0.9126637551418265
0.8907436901289602
0.8226268535861045
0.8975777425004866
0.9319636716985542
0.8735839982843132
0.9268153701451863
0.848059242931981
0.8796279148597219
0.8812036997537198
0.8347875780885644
0.7930695392859809
0.9404045119929967
0.8200223502852904
0.8697298568313926
0.8751308631838243
0.842987938818959
0.8712990415954783
0.8881577296003936
0.8862135708185657
0.8810894903505794
0.8646026589487402
0.8527051097104984
0.8885059193557594
0.893284236392411
0.9226538996708233
0.8738420027760118
0.8782038626528744
0.8422943720726986
0.8995137790202524
0.8823640732241282
0.9384919157617575
0.8759120030510325
0.8995248622305774
0.9103647880355568
0.9275147891846581
0.9001332037073978
0.8555894045933041
0.8158135930839338
0.7762515752368988
0.8637552835484272
0.8316239798280468
0.8758647497831935
0.8622375465234973
0.8153560718187162
0.8673068848041047
0.8806971868322695
0.862722546994633
0.8647833499941043
0.8915809561792492
0.8715786884913643
0.8807567732591144
0.836759901091191
0.8506832777279715
0.8971577247024135
0.7916406970186217
