19.0
13.0
15.75
15.9
18.0
14.5
19.666667
20.2
11.0
20.0
17.333333
18.4
15.5
12.0
19.0
16.0
20.0
13.0
20.666667
12.5
16.0
13.0
10.0
18.8
14.0
18.0
9.0
16.5
20.0
11.0
19.5
9.0
14.6
12.0
15.333333
21.421053
14.0
23.8
15.0
14.0
16.0
18.666667
9.4
20.5
14.5
17.5
14.75
18.0
17.2
16.0
17.5
16.0
16.571429
17.833333
16.0
13.0
18.4
12.5
15.333333
16.75
13.5
16.0
17.0
11.0
19.333333
13.0
12.5
20.0
15.0
18.4
15.0
16.0
13.0
14.25
13.4
22.5
18.714286
17.0
21.9
22.666667
14.4
19.5
16.5
10.666667
19.0
15.0
17.0
12.0
13.333333
10.0
15.0
12.25
17.0
18.5
16.571429
14.0
16.0
13.8
17.857143
14.0
