0.956986684201874
0.952720119386786
0.9372857142857143
0.9487072680264292
0.9346251053074979
0.9239616982002768
0.9254483611626468
0.9736609191634432
0.8997771660768121
0.9708804938997501
0.9338025092066663
0.9407770873069587
0.9257073715562174
0.9056246466930469
0.9873375503162737
0.9377552318554799
0.9711743230909644
0.9466629683366049
0.9606234338218543
0.9442915582000744
0.9518712337456391
0.9452230443215286
0.9397189561227416
0.973799802900183
0.9309254185692541
0.9489098044916054
0.9388888888888889
0.9591221046611381
0.9375623771359444
0.9451776649746193
0.9781256603507783
0.9041295884315906
0.9582311608231161
0.9137240041229613
0.9641581801349028
0.9496518155332907
0.8826279563593762
0.9590346042388772
0.9361681209290893
0.9182480687946364
0.944017094017094
0.9670783645655877
0.9020697167755991
0.9583828818909198
0.95372460496614
0.9501304915180513
0.9415800344234079
0.9889576883384933
0.9512210602671824
0.9571937372170111
0.9546529456861473
0.9570779460657555
0.933786003723579
0.9541884816753927
0.9298399644365415
0.9382774188526504
0.9456066805285398
0.9304916482823826
0.896114613586456
0.922466138847085
0.9367115222876367
0.9476582827406765
0.9220675105485232
0.9596369539551358
0.9682560765041838
0.9081318611587029
0.9236416184971098
0.9399142391381388
0.9714733169455237
0.9615505168389463
0.9383926801876198
0.9498822143698469
0.8855908513341805
0.9102946384304837
0.9564481500035783
0.9803484718651814
0.946579435400783
0.9779562769128851
0.9477291270057112
0.957249719117734
0.9460484720758693
0.9498811088167198
0.909401410688187
0.8593531559728743
0.9739300937766411
0.886615161757605
0.961991491624568
0.9462183374955405
0.9430933517051326
0.9498137802607076
0.9105799210143422
0.920418489260299
0.9260002793101041
0.9275067750677507
0.9439286539795053
0.9442739859458708
0.9222989439480097
0.9396456956101908
0.951432720232333
0.8932919020715631
