0.9259506924351179
0.8372819287578697
0.9301989594616935
0.8915022119039842
0.8625110063780623
0.8293704637798482
0.8828711416588708
0.909757161229083
0.8371854078341934
0.8675517259720971
0.8768919709034876
0.8891873850123577
0.8409327080110051
0.8160858457234889
0.9521500165776559
0.9048626929032866
0.9678945798593243
0.8540554481583804
0.901547145359739
0.8753272096760442
0.8350992981124227
0.7890749329815753
0.838745478609289
0.9308659109342892
0.8415960086003675
0.9262557155014086
0.8666092307804397
0.8550166421256687
0.9062807465889736
0.8253037851328396
0.8793528532132707
0.7958889887060047
0.8796678655440715
0.7917879186910344
0.908370668465131
0.9074860976096664
0.7822113340570483
0.9020137813709369
0.8568128496238011
0.8492204703961254
0.8685101901728405
0.969073454269708
0.7739142639631584
0.9136385636670856
0.8833780804784295
0.87527508559928
0.7910618399094392
0.8930382269149756
0.9302461081667558
0.8621433270111504
0.9089499198090469
0.8360455637076696
0.8909331280324554
0.858235805775449
0.8128602567786165
0.7607805998119784
0.9358347062826126
0.7961596568405106
0.864398171632889
0.8699726880619771
0.8260367264943658
0.8622038667967057
0.8788053775409419
0.8671391072668095
0.8628165477255543
0.8478006028804287
0.8581202172639824
0.8859994977619892
0.9040669186326002
0.9135771752650645
0.8471413455040966
0.8886801861730935
0.8279189304038426
0.8920200037540489
0.8711550125013942
0.9238529037511567
0.8497892518690071
0.8667789853892575
0.8890815634573307
0.907338921011134
0.8777733745979288
0.8280784051784883
0.8065051858328226
0.7478894738073413
0.8310687197100294
0.8285909121515856
0.8525301601143069
0.8527644925816255
0.8033329787918083
0.8200257916903944
0.8668865553155946
0.8543639516427985
0.886152170012146
0.89422352291341
0.856262015550038
0.8296566636060233
0.8429227544421154
0.8374670208815774
0.8846048196056292
0.7781500005412837
