0.9229173057539769
0.8343297907205394
0.9316125
0.8969783028513006
0.8613048763383048
0.8318933513331084
0.8725899348503446
0.9093941065600147
0.8339916574444539
0.8529395477618827
0.8742040892540379
0.8953878190590079
0.8376304745507371
0.8166405876472378
0.9515247410817032
0.899519658423768
0.9550294192888207
0.8550553007823037
0.8973538198890312
0.867841590666338
0.8361889184215907
0.7884651480249125
0.8330221601814692
0.9246926229508197
0.831979200519987
0.9282452480296708
0.8654424040066778
0.8481376344086021
0.8944906979134546
0.8107377713719485
0.8875362097880775
0.798127035830619
0.8778418600443298
0.7904215335863517
0.9065349985477781
0.9053810835629017
0.7770657672849915
0.8964819498735341
0.856898029134533
0.849548074706018
0.8624470912491387
0.9682489211900976
0.7737732693746424
0.9156232988568318
0.8738357934496297
0.8759251627791972
0.7876303487953973
0.8937466425745959
0.9245468764375747
0.8594737771499206
0.904709314890858
0.8356747561805398
0.879860244069435
0.8630596369922212
0.8148966450468946
0.7725660228616477
0.9388669903379321
0.7747628486478834
0.8633197866395733
0.8722720962517353
0.8190650370238202
0.8554357756257994
0.8858134532655456
0.8654058177880593
0.8505188181498418
0.8464872160155957
0.8526150756240521
0.8792704543334267
0.8917580331292421
0.9057783567507212
0.8431796480698404
0.8826125330979699
0.8331537404106248
0.8826259946949602
0.8564985451018429
0.9177683504340963
0.8621924817949222
0.8650652185210206
0.8830751355538342
0.9056678320003831
0.8759761269730226
0.8266909512376852
0.7991299694795672
0.7393567416722597
0.8350797444023066
0.8354848474057192
0.8434639074755174
0.8578117299162149
0.7994754669050195
0.8083640458640459
0.877014506887724
0.856637168141593
0.88128
0.8853204172876304
0.8576589519878794
0.8298670098670099
0.842098161578681
0.8463223787167449
0.8709823491359394
0.7770628492225061
