0.9476287841445096
0.8995066060453565
0.9532713327881341
0.902933571749625
0.926300420677096
0.8974848604526903
0.9175485834791146
0.939271827829222
0.8871506037948579
0.9437567411257723
0.8885806145487204
0.9331908019042723
0.8534624534613572
0.8418645694678561
0.9758255257572154
0.9515424777027026
0.9422115179100629
0.9221868459062714
0.9757970278642683
0.900651999199537
0.9034834643978205
0.8834865762205769
0.8791392190162539
0.9572445595223754
0.8799188857924242
0.9428203964334783
0.8547148527116512
0.9020971388307999
0.95420051531325
0.8816886146162455
0.960065902051141
0.8585237006757873
0.9063233087197077
0.862771570865101
0.9029364243049285
0.953489827086949
0.8696115061479956
0.9916816852741634
0.8881099421173998
0.8899763187754417
0.9371312040137681
0.9301239737695778
0.7821925713478677
0.9764795880682379
0.8929714105765985
0.920139988440557
0.8996809236990158
0.9490360384894165
0.9133918682810015
0.9194962534857317
0.9359331297598482
0.9131361018570489
0.8790994075800562
0.8815274106715351
0.916998292736479
0.8532776023789777
0.9447016065578998
0.8586327097055154
0.8912955384844958
0.8668285472463824
0.869323496513123
0.9157820762396652
0.9025213520104911
0.8848279434178922
0.9322865116031507
0.8530651353611717
0.8734930733055656
0.927348629044745
0.9089722281880811
0.9461461653621753
0.935559022192802
0.885548195345317
0.8624691636963568
0.8994587903578773
0.8823199527277243
0.9664382126531788
0.9214794758326466
0.9373071425846927
0.9744808107466327
0.9853842715157475
0.9111384114931744
0.9304917837845449
0.8611311484785643
0.8314678999884443
0.9449089020362953
0.8622710270862456
0.8986761885630618
0.8933666210522351
0.8712669194012382
0.9051395353066628
0.9178791606996698
0.8542223555283797
0.8860076263809852
0.9131709795603103
0.9138295295493449
0.88775912123783
0.8960852102596125
0.8738227695600231
0.9068095570538763
0.8489202477669022
