0.8831289640591966
0.7995129684097941
0.8680452183682067
0.8763418013856813
0.8157063468850541
0.8421425751103773
0.859459663992735
0.9133997150106002
0.8349500685333856
0.8464610511257196
0.8478274955215916
0.8870655983975964
0.8166074923756202
0.814104970338841
0.9071016328828829
0.8756698964249916
0.9063834388393033
0.8701396057611955
0.8725961538461539
0.8464557676036476
0.8163978936975481
0.7689578713968958
0.8414676258992806
0.9254013464526152
0.8187961827761026
0.9001970796380901
0.8684336450239255
0.8203058806634594
0.8692811119666086
0.8092896276694868
0.8379019720153834
0.7672534142640364
0.8763348052990767
0.789026635389138
0.8985081356596746
0.8595438725041217
0.7493998085278739
0.8517139586722091
0.8447398491658414
0.811523954738785
0.8303736588975212
0.9587442697399426
0.740490317532764
0.8804124769136056
0.8349038024541736
0.8534549911023067
0.782340905884013
0.866081838773161
0.8933356492485465
0.8130176400068505
0.8554868761290779
0.8307698587639807
0.8769482612383376
0.8161965916646254
0.740921431645863
0.7536192769212846
0.934059515352435
0.7973825503355705
0.8302997028807647
0.8570829044263204
0.8158791063395456
0.8745067735165045
0.8364191329881772
0.8626734022933205
0.8506630111457549
0.8356926874421475
0.8528265107212476
0.8850777122731797
0.8441727661680988
0.8962072871436663
0.8448769103365203
0.9062507593245049
0.7906501547987617
0.8472821334887788
0.8506291148500366
0.8977813121272366
0.8288540956657712
0.8441492049916417
0.8452200051635747
0.8751627906976744
0.8361779236233817
0.824851498145778
0.8131235837545756
0.7538283353158455
0.7823252898777813
0.7985227928447779
0.8362239841427156
0.8410937790157846
0.7608693175344651
0.795227062094532
0.8447848237029092
0.8523911865631209
0.897991593639716
0.8830449887093973
0.860887205842575
0.7898188527339819
0.8372535461693469
0.8207957984689336
0.8916948271380296
0.8248093543467209
