0.9401011914476906
0.8981296758104739
0.9449476503530557
0.8929199549041713
0.9136398430772175
0.89271583445438
0.9030957523398128
0.9238400277008311
0.8880033624209431
0.9338200934579439
0.8890410343898716
0.9206728501807891
0.8282228696285506
0.8296315516346653
0.9704058022603897
0.9422014993600293
0.9233553446141147
0.9357387685151182
0.9795989537925022
0.8985959438377535
0.9016305513838232
0.8839241887101172
0.8730229591836735
0.9507195745124623
0.8611269051567559
0.9459652251448952
0.8503144654088051
0.9025763521583348
0.9480559455664759
0.8660061112608969
0.9567948459834911
0.8403458213256484
0.8824939293101898
0.8645487770593197
0.8871981935035609
0.9465135007105637
0.8653774173424829
0.9853518085297822
0.880032885965692
0.8855089276707354
0.9332453957192633
0.9379976637788378
0.7722564102564102
0.9772338990671012
0.8883608370978151
0.9203348921405944
0.8981771588821197
0.9475047636330641
0.9146982869931997
0.9058674851056148
0.9212041018855441
0.9098312851489273
0.8627628361858191
0.8643583118001723
0.9143025038323965
0.861146404851285
0.9392393320964749
0.8469102899990966
0.9000208029956314
0.8567322421994679
0.8500091516427198
0.9033221351250467
0.9032991202346041
0.875121437081844
0.9206074230803138
0.8525439531166755
0.865894465894466
0.9213723432170035
0.9049701440112399
0.9391235480464625
0.9218676585747847
0.8961417477636882
0.8521187854521188
0.8881949882537197
0.8813543761475912
0.9463681048607319
0.9289930879880441
0.9321817420435511
0.9750123092072871
0.982041915016343
0.907487922705314
0.9202756074525629
0.8525862779013261
0.8235367419379201
0.9336546048923459
0.8646677625339825
0.8788503803888419
0.8965100924353896
0.8626302212521083
0.9087044534412956
0.921256540749767
0.8479455948030856
0.8798916723087339
0.9078551802165832
0.912841163310962
0.8780180586907449
0.8905360688285904
0.8666652588901089
0.9068112133158125
0.8461883599692334
