0.937239108993341
0.874748490965397
0.9460237821103341
0.901382039936385
0.9055652424175283
0.8660271733936677
0.8879366829824898
0.9295319609834827
0.865954167363326
0.9192609410668934
0.8937363322564131
0.9181154260367249
0.8637023095949175
0.8443485401632495
0.9800095027460647
0.9304839468922791
0.9611791842624943
0.8735008338735926
0.9350166221674925
0.8769212604158899
0.9090193884380955
0.8759547344446482
0.8606541634887945
0.938485903695405
0.8564965949873206
0.9172846350484711
0.8513326496776715
0.8653929075622819
0.9500737045855865
0.8729510472503627
0.943001466735967
0.8475372437587402
0.8943922641062968
0.8349054235644899
0.9161173647242239
0.9574688
0.8340864429076352
0.9539461032451588
0.8894777087768856
0.8829000365355395
0.9023384717110337
0.9394430291056077
0.753256451305916
0.9509043059812302
0.9012837273952282
0.9123749065987061
0.8545060550417397
0.917336451757566
0.9304180888546622
0.8858780282471803
0.9333651722931188
0.8947071132547643
0.8870367329406903
0.8851409208551888
0.8844096999850807
0.8036422558590304
0.9404663434341056
0.8621183067466275
0.8980587666424991
0.8646315812066145
0.8499148705423443
0.8901714757813879
0.8940715000084073
0.8905947541632565
0.9061162666673932
0.8558132818413662
0.8707235067573855
0.8994190416318129
0.9009795399149657
0.9314317555755736
0.9053368218421852
0.8950763289420902
0.8450086377982199
0.8937560002229716
0.8784414219066567
0.9638197690969108
0.9148827490700618
0.9268500420287296
0.9598776068090589
0.9462816825556726
0.9052649621555585
0.9001766295046434
0.8396539240136002
0.7971073210873072
0.8900468299661408
0.8577676961889145
0.8804851842429284
0.8702945596593807
0.8242228112432223
0.8850598137609667
0.8981600790290288
0.8537641659841126
0.8667616346621428
0.9032744891758366
0.8975247501305901
0.8731830267380589
0.8561442662419888
0.866868370962089
0.89790191960807
0.824647211469473
