0.9618887313961729
0.9682688125271858
0.9185031185031185
0.9320461265523359
0.9664683255198943
0.9339920762192246
0.9154840344652813
0.9768021999607149
0.9119002555124444
0.9547858942065491
0.9467851974364275
0.9522876751501287
0.931504122831959
0.9119155652002368
0.9865425680066846
0.9440628980111688
0.9606335500145532
0.9523060517195414
0.962466307277628
0.9371887732005433
0.9249458391742067
0.9703512506652475
0.9294278069362972
0.9737316608802777
0.9472181264130541
0.9638191905182196
0.9675221238938053
0.9382881002087683
0.9466678441069116
0.9355112431056428
0.963879433402877
0.9202387501375289
0.9525262208187663
0.9228034998177178
0.96800109229929
0.9403249097472924
0.9365763546798029
0.9512168344007319
0.9466597897632381
0.9347709399575583
0.957091802546348
0.9445410393394852
0.8973110358037425
0.9676991150442478
0.9623868508813721
0.9485004016781219
0.9681953000228154
0.9720710059171598
0.9648088416658761
0.9457544016046356
0.9539500852859323
0.9580033698399326
0.9538874490929286
0.95630441623833
0.9226700838769805
0.948316737790422
0.9644733936851402
0.9663227266675543
0.9229250891795482
0.9210109622411693
0.9218713989398479
0.9185281385281385
0.9213188479029814
0.9548593901519233
0.9757355988396187
0.9184383071726604
0.9398716724997349
0.9384773250575633
0.9552387575336115
0.949290573372206
0.9452188006482982
0.9272234540527223
0.9125785192050252
0.9143332593743067
0.9436056838365897
0.9586549484142147
0.9507567459922334
0.970346046981561
0.970590800087203
0.9722452830188679
0.9537336244541484
0.9469281352747769
0.9473604904915307
0.904071630537229
0.9710141070002661
0.9123727010183919
0.9561433087460485
0.9396811337466785
0.9429553264604811
0.9629020005064574
0.9439586645468998
0.8956721070970108
0.9501499250374813
0.9274995165345195
0.9387015945330296
0.9495484543244183
0.9312059203337638
0.918947883799369
0.9392304580847406
0.9239472030169704
