515.2251759999999
464.80834890000006
459.1174643
468.3333326
493.1154593999999
476.00000019999993
482.24705940000007
488.0296486
422.0
494.50000040000003
498.265024
534.5129650000001
399.5
477.4183738
498.8736643
507.96699450000006
504.42982399999994
417.7499998
448.500001
498.99999959999997
451.0
386.0
486.3861296
473.155741
505.30508000000003
477.06543899999997
459.50000109999996
469.75
496.60178700000006
494.53395340000003
469.47893799999997
428.49999967
519.9053567000001
480.1533458
502.567709
466.25
497.07755299999997
561.467493
436.000001
441.3333319
466.1421057
458.736621
469.25
488.501266
487.99090989999996
473.11758599999996
473.0000006
448.63797619999997
504.0868033
504.66910110000003
518.112069
430.99999899999995
503.94983099999996
472.0
479.6187324
419.5
484.94039299999986
475.16637869999994
435.6666649
428.0
426.9999998
502.81000499999993
471.67785200000003
479.842538
491.66874599999994
499.0
503.597558
445.7227040000001
524.353014
493.88119520000004
511.03281230000005
496.56651999999997
485.4533439
499.916667
476.350539
478.84141999999997
438.5
462.24999970000005
458.3389104
492.7214971
511.54707390000004
487.71494079999997
460.0
495.00000050000006
463.91231700000003
531.562665
509.8910671000001
480.3990587999999
447.3333333299999
494.00000129999995
493.3832895
496.22040999999996
435.5
533.5379419999999
410.4999998
448.88888920000005
433.5
496.8770136
469.270281
389.5
