0.9077781341886203
0.8092334580717534
0.8940234775485982
0.8899422918164357
0.827098303770631
0.8302948205489595
0.8733736636112086
0.9049851411721505
0.8238561533299152
0.8468416253710245
0.860383880795504
0.8813750976898833
0.834002915924186
0.8176334049730477
0.9233496896847295
0.9074777108727757
0.9495596005669199
0.8462231228992607
0.9005955910050345
0.8630057773830824
0.8236850653449314
0.7712538352243478
0.8530463404264182
0.9320375082602488
0.8249529522470244
0.916353214974579
0.8771499105205873
0.842111470754162
0.8859186740676174
0.8017523235803767
0.8558684246254452
0.7801786450404042
0.8906822056976887
0.7837982493385266
0.9105336802998661
0.8966208799535742
0.773339672048045
0.8954143056999527
0.8536669302203675
0.8305071579525243
0.8563054050439277
0.9568418721075047
0.7563085983744636
0.9015003385375563
0.8615493952161859
0.8678992439210687
0.7835299817492978
0.8860292575178491
0.9174895125790841
0.8430018313432277
0.8791161642553438
0.829021081136184
0.8914068761232418
0.832580538151391
0.7758046369467477
0.7495398404294709
0.9282438529080974
0.7966735070188153
0.8320275087321465
0.866763655601111
0.8253333454605274
0.8619411085343738
0.8532661278304344
0.8614896790890998
0.8755598217862256
0.8443854456352626
0.8620100109450948
0.8813822713428056
0.8766131207348298
0.9064205138170646
0.8398255891952111
0.9104965930188572
0.8100502039022667
0.871132508600693
0.8625075705279454
0.9137129255134893
0.8333713507198278
0.8547806565614541
0.8761334401637887
0.8951377414604189
0.8643506740927784
0.8291799866473502
0.8130832923521621
0.7559143120511491
0.8035646831368732
0.8084814720449831
0.8501312128486214
0.8382409202338273
0.7898659835123132
0.7875765865913781
0.842659072321531
0.8624439795498514
0.8925148234017837
0.8954528660787718
0.8544173645635217
0.7856732591446706
0.8444771077625847
0.8161652745199104
0.8763531690455295
0.8124123836337916
