21.0
13.0
20.333333
19.333333
21.0
14.5
20.0
23.0
11.0
20.0
20.75
19.0
19.0
12.0
25.0
16.0
28.333333
13.0
21.0
12.5
18.0
13.0
10.0
22.8
14.0
18.0
9.0
16.5
23.5
11.0
21.0
9.0
18.6
12.0
22.0
23.0
14.0
25.0
15.0
14.0
16.0
25.333333
12.5
21.0
19.0
19.0
15.0
18.0
23.0
16.0
24.0
17.0
19.428571
20.0
16.0
13.0
22.4
12.5
18.666667
20.0
13.5
16.0
23.2
11.0
21.0
13.0
15.5
20.0
21.666667
19.0
15.0
21.5
13.0
19.25
16.5
25.5
19.5
19.0
24.666667
22.666667
17.5
20.0
18.0
10.666667
19.0
15.0
17.0
12.0
13.333333
10.0
15.0
17.25
19.5
19.0
18.5
14.0
16.0
17.0
23.571429
14.0
