432.518818
385.16823380000005
381.2157836
394.0596688
408.03943410000005
419.0371868
407.3138551999999
403.433059
389.587157
416.26609260000004
410.644109
455.05577099999994
343.75
400.5099153
417.69367740000007
417.3849218
424.79681059999996
368.90674340000004
378.72625000000005
415.61215350000003
380.461116
363.0
403.4537288
394.263994
417.8625007
394.51387300000005
408.07942240000006
411.2500003
408.56515399999995
419.6987738000001
392.6888483000001
389.4603498
429.16534870000004
409.2849698
418.14992
399.9721285
411.2146234
467.20099500000003
377.05766719999997
382.0
388.30497
386.6398852
376.25
398.657868
404.81357799999995
395.90619820000006
407.92021810000006
383.54809439999997
411.8047940000001
413.4307621
435.40317699999997
384.6819555
423.8502902
410.0
399.7462533
370.29688430000004
395.12622899999985
407.724703
381.9338737
372.0
370.5000009
417.2160307
384.3738679999999
401.1147004000001
406.745264
420.99999999999994
416.75359599999996
369.10467930000004
427.0690652
412.17808219999995
425.63271999999995
405.703661
401.66869100000196
408.8718738
396.872133
409.76426200000003
390.1615489
388.0759738
376.7796006
408.82778410000003
428.02821420000004
408.8895778
398.842851
446.80544740000005
386.8632533
447.79680569999994
424.76136399999996
405.959322
371.0000014299999
419.93081830000006
417.24944300000004
406.8485501
381.2499996
446.6293552
348.5245903
399.00000000000006
387.500001
416.53110499999997
386.6080691000001
351.0000009
