0.9117892814115269
0.8073351008275086
0.8926953506014956
0.8932587169740486
0.8280376084860174
0.8296677693593711
0.8663545945945946
0.8987947644404699
0.8239133836704354
0.840763907372904
0.8606279586108667
0.8740912095175148
0.8307855467385337
0.8191147701336812
0.925414364640884
0.9066921567842415
0.9377269139700078
0.849106271508552
0.9014441076840791
0.8569605017799627
0.8167648502700049
0.7699695748704877
0.8539210155148096
0.9212099644128113
0.8207375567280375
0.9213162962577421
0.8814046706169397
0.8393492976483938
0.8781642012499438
0.793117804071551
0.8598719482475963
0.7837913092963701
0.8810252786936725
0.7874798116903199
0.9098389155406892
0.8940152696822921
0.763752052545156
0.8731426131511528
0.8544553644553644
0.8325392012475094
0.8580647342559617
0.9511993403628004
0.7537131785862082
0.9019998128830051
0.8629029443838604
0.8791849387569938
0.7788849167110368
0.8812781217980131
0.9132705689725747
0.8332739524436527
0.8729490930368636
0.8287079049244475
0.882972972972973
0.8311016354708901
0.7701191264063534
0.7505647894142327
0.9356755337766889
0.7818855390904446
0.821749944970284
0.8669753086419754
0.824499126264884
0.8620842572062084
0.865906224174677
0.8514400945985895
0.8606567387621636
0.8435486054698077
0.8572995151063036
0.8806946012629114
0.8717457033736473
0.9026842212696469
0.8319345261975447
0.9053033975234653
0.8051577317592413
0.8623693379790941
0.8557769854408082
0.9037154708322301
0.8337641123195898
0.8555504122029713
0.8726167994088184
0.89848752205697
0.8646828566863716
0.8286022109799512
0.8151456885076173
0.7495808857501155
0.8100272611352943
0.8152673079955843
0.8317707087618592
0.8388104974610165
0.7987721105959128
0.7875486457801014
0.8474056260020405
0.865571259343981
0.8919821059876119
0.8891562685680333
0.8483980537960157
0.7899308852010785
0.8460507700392094
0.8306057053536537
0.8686270116113262
0.8080378824672171
