208.15172459999997
187.38208229999998
184.354606500002
190.51507809999998
202.48848869999998
207.568302
198.1463361
199.30324439999998
197.48481159999997
199.0351956
204.557142499996
229.4491676
182.43559802999997
193.7070192
200.67592280000002
203.85611419999998
215.2102973
194.96222110000002
182.43683332999996
198.4579613
187.669981
184.91687670000002
198.81085523000002
197.1591952
202.3696765
192.67857180000001
204.9978073
198.99999970000002
193.79135169999995
200.47749403000003
191.70704140000004
191.39522280000003
208.82898343
205.20327125
206.9190405
191.093985
196.3702817
210.71900190000002
181.4222479
178.9999994
190.7594435
187.400309699999
183.18869070000002
192.71718779999898
193.1461233
191.60068270000002
190.5411105
186.7232856
204.95412629999998
192.03680079999998
217.2347632
183.50982589999998
207.2293901
202.6480861
195.8530599
178.0925363
193.236644
207.4438165
195.30846499999998
194.0
183.5198077
204.0764917
188.56748371000003
201.90973160000001
193.4066429
217.0
199.94364610000002
177.37607699999998
208.03709169999905
193.93658290000005
208.99854589999998
191.06790160000003
197.3670567
193.9284151
197.65760710000004
208.4385993
193.6217858
187.46603790000003
177.3973577
202.7743393
198.4728979
197.12404940000002
198.9736675
224.01594399993658
185.8081307
225.96392930000002
207.8275002
207.87981624
190.517664600002
202.6829935
215.8241979
199.5336693
173.0
219.15148570000002
171.3536584
194.7371482
198.75972520000002
205.6456466
185.15587946
177.76068950000598
