296.777894
261.55707949999993
260.6614371
269.0443373
283.32619860000005
295.1711433
276.39905269999997
277.74876149999994
275.4413944
279.1873058
285.0074672
321.3173222
251.94769
275.0933683
285.3183112
286.21743310000005
298.839807
268.0140561
257.2428334
281.9119828
264.22523450000006
259.83823609999996
281.27867544
273.50892330000005
287.5757731
269.0897572
289.808117
288.0
275.9375984
287.0037352599999
269.5804723
270.274986500001
294.37025780000005
286.4875214
291.2122834
267.7894755
278.5824437
298.83944510000003
257.17346899999995
263.7406639999999
267.2226017
265.7872504
262.159652864
267.10759540000004
277.5191486
270.9129357
273.84996820000003
263.9963245
284.657896
276.44327250000003
299.59754639999994
256.359788200001
291.7074866
282.4202993
269.818553
255.505445
272.2009393000001
290.5330439
272.72981749999997
262.0
262.32411709999997
286.1957031
264.10362981000003
280.71813260000005
273.4924184999999
302.0
282.47678770000005
251.7553947
292.75166278
278.2911439
294.253024
272.83468739999995
279.18490230000106
276.375789
274.4476302
287.24314400000003
270.7760015
264.805527700007
252.71841250000006
278.8274245
287.246325
280.2132186999935
275.8711657
313.17288957800804
259.4966054
316.8945585
292.5362487
287.47207835
269.11665152999996
287.8629941
295.926713200002
278.0542565
253.66666600000002
307.96603419999997
238.35150889999997
276.4851833
274.684326
287.513703
262.64226780000007
254.9999998
