0.9505760921747479
0.9064022809745982
0.9323413762287757
0.8902862312880407
0.9368315699170717
0.919199952869094
0.9190275952693824
0.93996003996004
0.8884345794392523
0.9251810308107341
0.8877514053716428
0.924037466957821
0.8145433047590895
0.8772530274059911
0.9518334985133796
0.9725673153825647
0.9007331716891814
0.9403804256745433
0.9678405931417979
0.9163802978235968
0.8714669926650367
0.9149611995265027
0.9
0.9598508811568007
0.9004396678065462
0.9262371305214214
0.8589166159464394
0.9375381485249237
0.9704723071695549
0.8861509331890722
0.9448835151872604
0.8600945129955369
0.8709952200024513
0.9023507868949817
0.8777421695489176
0.9070548712206047
0.9071013997951519
0.980753027909426
0.8883611042029346
0.8890031948881789
0.9370297029702971
0.9210172228202368
0.7997286012526096
0.9524521436481569
0.8916632074166321
0.9220736655915097
0.9031604765241766
0.9648505686326369
0.9178146831719574
0.8936566679651993
0.91296079578701
0.8915025323579066
0.8958732612055641
0.8412986859239967
0.867125162033703
0.899792945880337
0.9570749440715883
0.8727557708748931
0.8838054474708171
0.8798755669263868
0.870871589292642
0.9071564755549503
0.9005665722379603
0.8789162814586543
0.9279092702169626
0.8666255306545563
0.858485401459854
0.9279770802192326
0.8884314237243899
0.9475492220845381
0.9358752166377816
0.8931363772008356
0.8845871110022053
0.8797759264579144
0.8898148148148148
0.9226372963186482
0.9292088080911535
0.9142846419456538
0.9583379501385042
0.9785751430057202
0.9140201991864216
0.9443461160275319
0.8709141921907879
0.8640002283887176
0.9160904255319149
0.8915727116376839
0.8830015313935682
0.8766222282682629
0.9175045984058859
0.9354752711895569
0.9281082156355679
0.8638645512668719
0.9136305813509732
0.9140137996669045
0.9139326536916899
0.9140176600441501
0.8826601671309192
0.8828326180257511
0.9104317444472174
0.8874479363877319
