0.963625304136253
0.9665557334232033
0.918608446246662
0.9570570983411236
0.9424440619621343
0.9283980582524272
0.9217900732302685
0.9757385268029309
0.9139417781274587
0.9672765500581552
0.9365869254494847
0.9511020531400967
0.9284434428932615
0.9080263653483992
0.989300582847627
0.9420784434836319
0.9697543651968038
0.9516487607701308
0.9569504168494954
0.9409949763814951
0.9300308850497057
0.9598613120054454
0.947903356429407
0.975426912568306
0.9297937212978996
0.9414728004198006
0.9503071312026106
0.9419469098607606
0.9467895362663495
0.9361756229869469
0.9633037315344548
0.9181600278915715
0.952068376068376
0.9141530991145387
0.9655329271346298
0.955305313926449
0.9033112286047137
0.9663286935632022
0.9437471229093141
0.9144722324383965
0.9581792063207039
0.9516624040920716
0.8950126749696903
0.963534394489435
0.9574914767629643
0.9412484917311378
0.9531213191990577
0.9775403454707647
0.9558283110392474
0.9582339327042906
0.9587847939061721
0.969270534175761
0.9357142857142857
0.9517514871116987
0.9235385159635624
0.934260106091092
0.9526517335090176
0.9319969742813918
0.9087503263423549
0.9152011516613493
0.9311201029979769
0.9334003686944864
0.9205281358063502
0.9514846147466203
0.9656538188697091
0.9091941835807331
0.9422772437192019
0.946492994378723
0.9582866844085528
0.9586580766813325
0.944872417982989
0.9413408841797588
0.8921416906446846
0.9099612827203097
0.9430862969410594
0.9724318828792192
0.951034565722993
0.9745051930237115
0.9602452498535197
0.9670568074090279
0.9521600268952766
0.9479623824451411
0.9267900241351569
0.876881353619431
0.9779753485552637
0.898234479575352
0.9565737051792829
0.9493096983125959
0.9439583123552512
0.9628862022644407
0.9347214992191567
0.9094696969696969
0.948388909704009
0.9231905465288035
0.9394530537830447
0.9463026733121885
0.924196406992669
0.9448828828828829
0.9416422287390029
0.9021331498365732
