0.9460822928014749
0.9248775010208248
0.9017799699764101
0.9256840993132593
0.9376953332624641
0.9048334364230803
0.9412606782293554
0.9596482459898139
0.8804679754114614
0.9620418848167539
0.9216263135965927
0.9298848932609495
0.9323278370514064
0.8841270200534154
0.9841862087002005
0.9446548821548821
0.980888083371092
0.9208205128205128
0.9370379497289305
0.9276997222676033
0.9286111942532176
0.9099308694496144
0.9228952280668167
0.9700137806752531
0.9402260993412854
0.9518816212512518
0.9365239294710328
0.9458052473296692
0.9422029901934516
0.9354059860358381
0.937511622216785
0.9131672292465244
0.9621293800539084
0.8771731434045567
0.951570974378156
0.9402363367799114
0.8829791732741304
0.955332364970758
0.9217308966953887
0.8771329032258065
0.9412902041030484
0.9840262133934057
0.9016625283385512
0.9579116835326587
0.9458246656760773
0.9553486319505737
0.9207396120543704
0.9743691024797015
0.9565774804905239
0.9337626669192158
0.9521082548570459
0.9414230127848805
0.9543348281016443
0.958866052088056
0.9173489686943775
0.8722804858472899
0.9619460315936045
0.9141507317893792
0.8433535470208875
0.9514556797504549
0.9472723148463196
0.936221082179847
0.9037050968591311
0.9527057989198625
0.9503242176487172
0.9110117689991789
0.9084002430450068
0.9484675561270964
0.9331871636436118
0.951720188636874
0.9170668953687822
0.9704143309773337
0.8791287203079523
0.9108271537351317
0.9387983412093741
0.9736461626159507
0.9423659025150234
0.9694362017804155
0.9227365479306214
0.9196126806689664
0.8908239858311546
0.9311767388825541
0.9108558873464496
0.8470094112156802
0.9535916412712233
0.8630662568544585
0.9167767414877951
0.9348233377456471
0.9320603474550442
0.9451301832208293
0.9124430862627672
0.9245865596023325
0.9490185387131952
0.9705983937414173
0.9535556073676847
0.9398443983402489
0.9162150885976538
0.9306603532121832
0.9693790402491389
0.8803318052826894
