0.9356416464891041
0.8803650934995547
0.949227342968821
0.9049658520529911
0.8869916354196712
0.861291538595372
0.8823002938819129
0.9308510638297872
0.873555612115042
0.9089210471782828
0.8973859686458112
0.9163592550722913
0.8579824295667979
0.8386997696442283
0.9766881028938906
0.9305029370998614
0.9499272582991668
0.8767908797005275
0.9334341967239571
0.8712544969246838
0.91355247039608
0.8781455178882487
0.8584877126654065
0.9274472861380582
0.8442677849514271
0.9128995246680872
0.8555383423702556
0.8641753361318976
0.9525568667692834
0.863891297099033
0.9429805189683729
0.8463100880162492
0.8812408272181455
0.8339345637583893
0.9031750339213026
0.9510427952329361
0.8389163996504515
0.9388131638730276
0.8897623463149942
0.8819835020622422
0.9029236941823315
0.9359469417833456
0.7544797870992269
0.9494843347136495
0.8940302811824081
0.9189448513832557
0.8472278704080249
0.9215561224489796
0.9267771227214203
0.8699390481130852
0.9215744892874937
0.8920822989543369
0.8725227174383384
0.8803868887694788
0.8797835372475205
0.8107631889900605
0.9395537308104248
0.8555292808457365
0.9076227180527383
0.8592856234905301
0.8358518467569984
0.8885269319211205
0.899811508642151
0.8848437277008706
0.89957087300523
0.8588408231835364
0.8637364958657734
0.8945193929173693
0.8884688669615516
0.9301345912779574
0.8975514746800223
0.8913721413721414
0.8384801667586291
0.8818878288522695
0.8675817680283725
0.9558728881737731
0.9172288313505949
0.9296833561038335
0.9545390907081276
0.9438963558265208
0.8972657286965755
0.894915892543309
0.8391602860216415
0.7937719000791229
0.888497282822714
0.8679153094462541
0.8732074540293718
0.8748064238600516
0.835039005174944
0.8780218475421515
0.9031339357200046
0.8486513947903196
0.8589580686149937
0.894187708432587
0.8912897757916635
0.8658432256780954
0.8420510304219824
0.8700238080320782
0.8927128912823965
0.8221027757438594
