0.9571598218703612
0.9294307444111547
0.9344854070660522
0.9358763400648218
0.9255893074119077
0.921028669545762
0.929394444113973
0.9695790421520626
0.8859402654867257
0.9658837920489297
0.9272775705913692
0.9337774613506916
0.9219681748774411
0.9129817385794112
0.9871775038674585
0.9439648038837094
0.974875328435841
0.9358528453436387
0.9518679294922389
0.9475458813486982
0.9449515661457966
0.9334800227949092
0.9306742640075973
0.9740072314693597
0.939484370825541
0.9550195058517555
0.9383710012742271
0.9559474149917836
0.9353519299383717
0.9461654135338345
0.9642823694685085
0.9091720065334841
0.964950728492836
0.9068932955618508
0.9665677434082868
0.9499016715830875
0.8639264419387213
0.9584304805231731
0.936761787265998
0.9048333640213588
0.9413592937477325
0.9762829530858157
0.9105248896802663
0.9391808439789308
0.9632267441860465
0.9445430533544639
0.9339283617146212
0.984828753743977
0.9561924469736162
0.9585928214879962
0.9555340856392024
0.9483947830448959
0.9412855495772483
0.9732651300382102
0.9191614518147685
0.9202838063439065
0.9602198841470623
0.9044539955428208
0.8800999697061497
0.9302882111233289
0.945860449513586
0.9443626630980261
0.9049442783365045
0.9628347245409015
0.9690597132859239
0.907185825221481
0.9196811771919068
0.946520193040386
0.9702347013193662
0.9668356533195853
0.9229663335380492
0.9546112694074548
0.8765051075853075
0.9098851722416376
0.9527120315581854
0.979721572009363
0.9507794820216243
0.9819950987458556
0.9444457547169811
0.9279912925987089
0.9308457030180205
0.9512503427474637
0.8996598639455783
0.8543596114750396
0.9815774070822358
0.8848267622461171
0.9492370632463512
0.9393854064642507
0.9382701511813416
0.948391231893347
0.9092269154754792
0.9197779319916725
0.9328552528714895
0.9552029520295203
0.9455135458962923
0.938600916101351
0.9106781744036646
0.9508672798948752
0.9560207535652849
0.8971646382238866
