0.9550180831826401
0.9264567644074133
0.9240565188696226
0.9308035216761396
0.9305957590037025
0.9126344593319494
0.9371078025916736
0.9659932573938805
0.8820404808383848
0.9647781661737026
0.9250981546917942
0.9298702741125772
0.9266839378238342
0.9028946697271104
0.9864554722778269
0.9440444274224435
0.9750610291963675
0.9204125083167
0.9457010346057795
0.9451875145585837
0.9366206718679476
0.920188059363317
0.9253986571548468
0.9724626189397372
0.9295848072984547
0.9487913879363652
0.9430727023319616
0.9578335940668636
0.9425040612671154
0.943048523206751
0.9520496280497321
0.9145952479217028
0.9608985833375953
0.8948596384698024
0.9611013534456039
0.9467691562112972
0.8707461128509423
0.9715854990172527
0.9294579100874988
0.8874537624910286
0.9425685588534025
0.985277856135402
0.910582701855239
0.9535687689751962
0.9580645161290322
0.9394479320531758
0.9222310166981565
0.979501514092709
0.9594158339738662
0.9536281907208219
0.9502670408255635
0.9415908829285139
0.9490518584464723
0.9698521705554636
0.9169955156950672
0.8943645790372945
0.9547469494928693
0.9181404810338638
0.8563232830820771
0.9374705756473357
0.9473175447075882
0.944386149003148
0.9031968801232053
0.9601048040225358
0.9669023569023569
0.8987260527083536
0.9180479031009516
0.9487481918326471
0.961033024797166
0.9598330896071807
0.9189629370978202
0.9666560678325384
0.8793941698352344
0.9072850579741851
0.9503122774338465
0.976930848675348
0.9441674008810572
0.978643908549953
0.9327684748821818
0.9240975966371197
0.9090773253642137
0.9450757200831437
0.8968679698045293
0.8534781154634004
0.9682128028753796
0.862674620554255
0.9304089165169249
0.9349425097650877
0.9333288355147753
0.9497909893172317
0.9115176151761517
0.9159373091797273
0.9410400182159732
0.9647739245957213
0.9532105230347235
0.9432363155283612
0.9153136149749211
0.9458371877890842
0.9624130631992742
0.8849442379182156
