(0,21,13,1) (58,61,16,1) (38,73,3,1) (89,67,11,1) (69,10,12,1) (14,10,13,1) (44,82,7,1) (99,54,13,1) (30,74,15,1) (88,84,15,1) (22,28,5,1) (21,18,10,1) (66,26,10,1) (10,59,10,1) (48,79,7,1) (92,15,16,1) (86,63,12,1) (56,86,11,1) (45,5,15,1) (51,33,10,1) 
(36,8,9,1) (93,50,5,1) (65,74,22,1) (64,54,3,1) (74,35,10,1) (83,88,8,1) (25,56,14,1) (16,70,16,1) (87,7,13,1) (93,74,10,1) (40,71,17,1) (62,25,14,1) (44,92,15,1) (1,3,9,1) (21,38,8,1) (46,55,6,1) (58,10,10,1) (37,38,5,1) (15,76,11,1) (91,42,17,1) 
(49,21,6,1) (99,12,3,1) (18,91,12,1) (47,90,19,1) (94,84,7,1) (5,47,3,1) (14,44,9,1) (95,20,7,1) (5,39,18,1) (59,81,4,1) (30,74,1,1) (13,12,8,1) (89,71,21,1) (64,75,2,1) (49,85,4,1) (32,27,5,1) (90,73,9,1) (99,86,10,1) (75,33,13,1) (94,23,12,1) 
(2,65,10,1) (22,13,1,1) (59,91,10,1) (40,64,12,1) (16,12,9,1) (92,84,4,1) (74,65,6,1) (37,93,14,1) (66,40,3,1) (90,85,10,1) (5,29,7,1) (43,76,15,1) (41,9,13,1) (96,67,10,1) (26,93,5,1) (86,79,12,1) (34,73,17,1) (69,14,10,1) (32,54,4,1) (93,96,6,1) 
(30,25,11,1) (55,87,7,1) (66,8,3,1) (68,39,10,1) (78,55,14,1) (90,41,14,1) (86,49,17,1) (77,99,20,1) (38,9,5,1) (45,85,6,1) (28,98,9,1) (67,63,6,1) (49,65,8,1) (93,38,9,1) (79,80,9,1) (20,22,8,1) (31,54,6,1) (26,60,15,1) (54,82,7,1) (2,94,8,1) 
(52,86,5,1) (79,51,12,1) (75,79,9,1) (99,48,8,1) (12,29,18,1) (58,82,15,1) (61,27,7,1) (70,10,9,1) (3,98,12,1) (73,10,6,1) (8,84,10,1) (18,8,14,1) (20,50,14,1) (35,84,17,1) (66,6,8,1) (2,86,17,1) (84,42,13,1) (43,81,12,1) (32,66,8,1) (42,52,7,1) 
(83,71,15,1) (57,33,15,1) (7,94,16,1) (17,19,8,1) (85,11,6,1) (61,86,18,1) (88,80,4,1) (61,90,8,1) (40,16,6,1) (5,21,11,1) (38,47,20,1) (82,75,4,1) (78,25,12,1) (83,27,9,1) (63,62,12,1) (7,93,9,1) (60,73,8,1) (98,69,8,1) (83,5,10,1) (27,35,11,1) 
(88,95,12,1) (95,57,10,1) (45,83,8,1) (32,44,12,1) (6,12,12,1) (6,79,3,1) (28,83,16,1) (69,40,8,1) (43,48,25,1) (34,98,5,1) (62,27,15,1) (47,31,13,1) (2,4,20,1) (38,30,5,1) (11,55,6,1) (2,8,9,1) (15,84,17,1) (72,99,9,1) (32,39,6,1) (2,11,15,1) 
(9,96,19,1) (23,26,10,1) (95,22,17,1) (5,71,11,1) (84,62,10,1) (23,7,16,1) (59,41,5,1) (29,8,20,1) (57,30,6,1) (36,81,14,1) (7,54,12,1) (39,98,11,1) (50,52,3,1) (98,62,11,1) (3,38,12,1) (94,6,9,1) (77,92,15,1) (61,45,7,1) (98,29,13,1) (32,22,7,1) 
(79,12,5,1) (91,20,14,1) (58,12,6,1) (98,32,20,1) (60,42,13,1) (49,36,9,1) (54,10,10,1) (54,53,6,1) (28,40,15,1) (18,68,4,1) (58,94,11,1) (7,93,3,1) (57,51,2,1) (27,0,7,1) (90,7,11,1) (11,99,8,1) (55,33,16,1) (43,50,12,1) (54,38,14,1) (17,6,10,1) 
(99,8,12,1) (17,1,20,1) (1,84,19,1) (50,15,14,1) (88,23,9,1) (63,72,6,1) (11,22,9,1) (70,69,13,1) (31,67,6,1) (59,3,16,1) (99,87,7,1) (57,78,13,1) (73,92,5,1) (43,35,9,1) (75,8,9,1) (88,98,2,1) (99,20,3,1) (74,3,14,1) (25,32,10,1) (11,21,5,1) 
(38,43,12,1) (77,27,12,1) (80,48,11,1) (69,34,10,1) (2,49,4,1) (46,11,10,1) (60,51,11,1) (79,97,1,1) (54,57,12,1) (68,83,15,1) (88,13,5,1) (1,82,18,1) (15,88,10,1) (50,54,12,1) (27,43,9,1) (93,27,9,1) (81,2,16,1) (66,30,2,1) (88,57,11,1) (81,71,12,1) 
(65,25,15,1) (35,55,10,1) (9,88,14,1) (42,87,12,1) (56,97,20,1) (1,65,3,1) (60,76,7,1) (71,2,2,1) (79,36,2,1) (26,69,5,1) (51,74,5,1) (69,11,7,1) (17,86,8,1) (85,81,19,1) (48,31,11,1) (16,26,7,1) (93,49,8,1) (27,72,19,1) (17,93,12,1) (25,84,4,1) 
(71,93,5,1) (67,52,12,1) (6,97,5,1) (99,18,14,1) (17,99,14,1) (27,17,11,1) (73,53,11,1) (89,34,17,1) (30,41,10,1) (24,12,11,1) (54,41,14,1) (12,2,9,1) (73,25,12,1) (54,86,13,1) (6,25,8,1) (95,4,12,1) (28,8,20,1) (74,85,1,1) (98,37,4,1) (50,66,4,1) 
(58,45,16,1) (24,92,18,1) (96,68,9,1) (61,48,13,1) (59,38,12,1) (59,67,15,1) (86,80,13,1) (47,73,7,1) (2,37,9,1) (76,51,6,1) (54,35,13,1) (46,64,16,1) (55,93,4,1) (79,60,11,1) (17,12,14,1) (27,26,7,1) (99,18,13,1) (98,63,2,1) (24,70,16,1) (61,57,11,1) 
(27,42,10,1) (7,30,3,1) (55,72,13,1) (64,20,12,1) (3,88,7,1) (51,38,12,1) (94,18,8,1) (53,98,6,1) (1,79,11,1) (87,66,14,1) (14,20,10,1) (19,39,3,1) (0,42,13,1) (73,68,15,1) (53,5,17,1) (28,27,9,1) (89,13,14,1) (44,99,15,1) (71,52,4,1) (96,77,16,1) 
(35,9,2,1) (56,25,2,1) (96,49,11,1) (59,91,20,1) (11,75,11,1) (35,79,8,1) (19,13,13,1) (28,51,19,1) (28,82,9,1) (66,80,13,1) (88,58,19,1) (73,44,9,1) (22,28,7,1) (5,21,8,1) (12,87,12,1) (92,73,13,1) (2,68,13,1) (84,94,10,1) (66,29,1,1) (26,65,12,1) 
(1,29,13,1) (93,3,9,1) (97,54,10,1) (22,40,8,1) (41,55,7,1) (83,19,5,1) (92,41,6,1) (20,80,5,1) (93,76,15,1) (82,17,9,1) (97,74,9,1) (6,90,7,1) (37,15,6,1) (48,56,6,1) (67,48,13,1) (72,79,12,1) (79,46,12,1) (43,26,5,1) (33,74,8,1) (71,39,7,1) 
(63,71,13,1) (37,26,10,1) (82,18,13,1) (84,41,17,1) (24,68,10,1) (36,29,10,1) (6,28,1,1) (63,11,2,1) (18,77,15,1) (22,35,11,1) (75,46,16,1) (32,59,2,1) (94,70,9,1) (9,72,11,1) (2,95,9,1) (85,93,7,1) (12,68,13,1) (95,14,10,1) (63,91,17,1) (44,5,11,1) 
(20,61,16,1) (55,88,14,1) (0,49,12,1) (12,86,9,1) (58,84,14,1) (42,91,9,1) (69,3,5,1) (56,30,10,1) (69,49,14,1) (98,49,14,1) (37,19,11,1) (42,72,7,1) (33,0,10,1) (67,27,19,1) (48,30,5,1) (53,70,16,1) (27,32,13,1) (26,24,19,1) (70,5,10,1) (78,56,9,1) 
(79,52,13,1) (98,71,2,1) (19,45,11,1) (57,51,11,1) (98,85,1,1) (53,52,17,1) (19,58,11,1) (24,25,2,1) (88,96,4,1) (61,63,15,1) (8,89,4,1) (60,41,15,1) (27,98,15,1) (0,37,15,1) (13,24,10,1) (89,47,8,1) (58,54,3,1) (64,56,6,1) (41,87,13,1) (60,61,3,1) 
(41,99,21,1) (44,37,15,1) (25,87,7,1) (74,82,14,1) (77,90,11,1) (17,80,15,1) (73,54,13,1) (27,25,9,1) (65,96,15,1) (50,61,12,1) (49,80,17,1) (93,45,10,1) (61,64,16,1) (50,62,6,1) (13,82,9,1) (94,24,7,1) (42,68,15,1) (96,0,1,1) (7,77,3,1) (44,31,10,1) 
(45,60,13,1) (26,92,3,1) (83,73,4,1) (89,47,13,1) (22,3,8,1) (14,77,12,1) (93,79,18,1) (29,8,5,1) (78,53,17,1) (66,95,9,1) (45,30,11,1) (54,16,16,1) (57,63,18,1) (9,12,6,1) (2,54,12,1) (70,17,11,1) (67,42,1,1) (41,91,13,1) (35,91,18,1) (90,53,11,1) 
(94,34,16,1) (6,40,17,1) (21,90,16,1) (2,30,6,1) (32,20,10,1) (53,45,8,1) (91,95,10,1) (2,57,13,1) (24,83,8,1) (88,26,3,1) (11,37,8,1) (5,77,12,1) (76,22,13,1) (71,75,9,1) (15,14,2,1) (88,52,9,1) (72,10,9,1) (9,65,9,1) (46,58,3,1) (38,49,9,1) 
(80,5,16,1) (84,0,6,1) (64,61,10,1) (35,23,19,1) (23,21,15,1) (33,53,10,1) (13,52,8,1) (74,14,9,1) (60,30,16,1) (51,52,21,1) (88,31,7,1) (97,67,11,1) (97,66,2,1) (80,62,6,1) (73,21,12,1) (15,25,8,1) (24,81,7,1) (3,54,5,1) (34,20,13,1) (14,29,14,1) 
(53,5,10,1) (1,34,11,1) (20,66,9,1) (78,59,4,1) (85,14,21,1) (50,83,16,1) (4,74,11,1) (63,75,7,1) (45,73,3,1) (67,48,1,1) (55,48,7,1) (50,33,12,1) (91,41,13,1) (54,69,1,1) (32,31,7,1) (31,43,12,1) (59,43,15,1) (95,4,4,1) (1,72,12,1) (78,36,2,1) 
(86,72,4,1) (65,43,3,1) (93,81,15,1) (96,12,3,1) (97,58,13,1) (30,75,6,1) (48,18,10,1) (0,38,18,1) (49,80,2,1) (63,81,10,1) (25,4,15,1) (25,88,8,1) (26,56,1,1) (54,62,1,1) (32,11,3,1) (28,25,11,1) (81,91,8,1) (28,60,9,1) (19,95,10,1) (58,77,6,1) 
(89,40,8,1) (59,3,4,1) (30,99,3,1) (88,42,10,1) (37,55,5,1) (74,80,10,1) (15,45,10,1) (2,71,12,1) (42,8,14,1) (6,83,11,1) (26,14,8,1) (72,32,5,1) (32,98,10,1) (85,86,2,1) (14,43,19,1) (76,92,11,1) (13,80,8,1) (30,57,16,1) (59,31,19,1) (14,98,12,1) 
(92,74,17,1) (32,3,6,1) (37,49,10,1) (15,82,10,1) (34,10,5,1) (6,14,12,1) (89,38,9,1) (45,69,7,1) (4,0,5,1) (1,51,8,1) (83,6,4,1) (52,86,9,1) (21,49,7,1) (89,92,12,1) (42,67,18,1) (34,64,11,1) (48,81,5,1) (12,30,12,1) (74,56,6,1) (25,72,10,1) 
(1,56,17,1) (64,10,1,1) (27,61,10,1) (48,0,11,1) (68,32,11,1) (5,23,19,1) (96,25,14,1) (77,35,8,1) (73,23,12,1) (66,94,5,1) (95,55,10,1) (26,34,5,1) (80,66,10,1) (96,71,9,1) (63,50,3,1) (64,63,8,1) (2,69,5,1) (81,56,12,1) (98,74,15,1) (63,89,6,1) 
(47,25,13,1) (38,23,11,1) (85,32,19,1) (71,53,7,1) (32,36,17,1) (15,22,7,1) (25,95,7,1) (27,96,5,1) (32,9,10,1) (83,95,6,1) (2,44,10,1) (74,52,10,1) (83,64,3,1) (21,17,13,1) (1,9,11,1) (77,66,9,1) (22,60,13,1) (12,31,11,1) (9,3,14,1) (44,75,9,1) 
(81,30,12,1) (88,81,16,1) (1,58,13,1) (32,24,11,1) (65,86,1,1) (81,20,8,1) (86,38,14,1) (66,81,23,1) (81,37,7,1) (44,84,13,1) (99,72,8,1) (96,38,11,1) (8,62,1,1) (53,63,9,1) (67,94,9,1) (38,88,2,1) (18,12,18,1) (23,49,8,1) (61,58,9,1) (74,67,10,1) 
(46,87,8,1) (73,41,6,1) (66,54,12,1) (66,56,7,1) (13,73,2,1) (48,9,14,1) (97,6,5,1) (6,10,13,1) (78,96,16,1) (65,71,12,1) (93,85,9,1) (92,44,10,1) (91,99,6,1) (4,17,5,1) (23,61,22,1) (55,61,5,1) (92,11,10,1) (54,94,6,1) (1,43,10,1) (30,87,16,1) 
(50,67,4,1) (83,85,11,1) (65,17,16,1) (23,79,8,1) (31,51,17,1) (53,73,9,1) (65,89,12,1) (7,62,14,1) (47,45,23,1) (95,40,7,1) (28,19,10,1) (37,50,14,1) (74,91,21,1) (66,82,16,1) (45,23,15,1) (5,18,12,1) (74,18,7,1) (30,4,8,1) (23,25,8,1) (42,87,16,1) 
(64,52,7,1) (57,72,8,1) (28,88,9,1) (46,94,6,1) (75,32,17,1) (51,11,13,1) (47,78,3,1) (69,76,13,1) (24,84,11,1) (5,24,14,1) (81,58,4,1) (58,98,14,1) (89,10,16,1) (85,65,4,1) (38,53,14,1) (10,88,5,1) (36,12,18,1) (93,58,9,1) (5,87,9,1) (93,60,6,1) 
(70,71,13,1) (29,5,15,1) (21,79,5,1) (62,77,15,1) (56,45,14,1) (78,64,11,1) (74,6,4,1) (43,52,5,1) (88,67,20,1) (58,46,7,1) (98,24,11,1) (38,98,11,1) (49,16,1,1) (98,39,15,1) (97,9,6,1) (45,83,5,1) (82,10,24,1) (59,20,9,1) (94,10,8,1) (46,20,9,1) 
(50,80,7,1) (60,11,10,1) (97,27,12,1) (60,75,6,1) (34,71,8,1) (59,83,7,1) (97,68,13,1) (51,90,9,1) (98,55,6,1) (62,1,6,1) (94,33,13,1) (22,28,4,1) (84,25,11,1) (81,12,8,1) (30,31,5,1) (95,77,7,1) (82,9,10,1) (77,86,12,1) (7,98,2,1) (75,80,7,1) 
(56,37,5,1) (28,25,4,1) (95,37,13,1) (46,16,9,1) (17,77,7,1) (81,66,16,1) (27,89,10,1) (75,78,16,1) (4,11,8,1) (46,23,14,1) (98,64,3,1) (35,58,8,1) (43,15,10,1) (24,59,9,1) (73,42,16,1) (65,87,12,1) (54,24,12,1) (28,96,16,1) (33,5,5,1) (39,99,16,1) 
(56,64,13,1) (49,37,8,1) (60,2,14,1) (3,91,24,1) (53,90,8,1) (60,61,7,1) (58,42,6,1) (26,13,4,1) (85,58,11,1) (25,70,21,1) (35,21,11,1) (54,26,13,1) (84,36,7,1) (5,70,17,1) (92,93,15,1) (64,63,9,1) (62,95,12,1) (74,76,9,1) (25,44,8,1) (14,36,11,1) 
(92,48,19,1) (22,25,10,1) (9,85,10,1) (92,95,10,1) (50,27,10,1) (81,97,7,1) (10,88,14,1) (25,81,12,1) (32,46,13,1) (65,56,1,1) (25,82,2,1) (50,91,20,1) (98,27,1,1) (97,47,7,1) (46,85,13,1) (12,42,5,1) (25,88,8,1) (12,8,17,1) (49,36,9,1) (88,70,7,1) 
(25,82,10,1) (48,66,13,1) (9,5,10,1) (30,87,4,1) (52,29,10,1) (62,4,19,1) (30,11,14,1) (51,41,7,1) (88,8,13,1) (94,72,8,1) (2,79,2,1) (64,24,12,1) (43,73,10,1) (35,40,6,1) (24,50,16,1) (33,65,14,1) (35,62,8,1) (65,5,8,1) (26,33,7,1) (24,40,22,1) 
(11,78,21,1) (84,81,10,1) (28,97,5,1) (76,53,6,1) (76,59,15,1) (20,88,7,1) (20,6,12,1) (2,38,9,1) (91,20,7,1) (79,44,11,1) (43,47,12,1) (26,6,16,1) (39,51,10,1) (91,46,8,1) (37,53,11,1) (87,28,12,1) (87,49,8,1) (65,40,11,1) (73,53,16,1) (65,71,11,1) 
(43,45,9,1) (65,63,13,1) (60,96,6,1) (81,37,6,1) (55,29,7,1) (60,73,1,1) (24,57,2,1) (21,65,3,1) (78,17,14,1) (65,73,10,1) (3,46,1,1) (51,8,11,1) (69,57,5,1) (3,83,14,1) (62,19,11,1) (46,82,16,1) (16,11,15,1) (11,43,13,1) (72,1,18,1) (93,97,14,1) 
(56,85,14,1) (59,77,16,1) (91,62,13,1) (78,11,3,1) (56,34,14,1) (70,33,12,1) (41,72,8,1) (30,9,11,1) (45,28,1,1) (64,65,8,1) (34,38,9,1) (19,80,6,1) (24,6,16,1) (37,66,12,1) (54,25,10,1) (68,47,6,1) (53,82,4,1) (95,37,6,1) (74,68,15,1) (80,54,5,1) 
(78,7,9,1) (93,81,3,1) (30,76,11,1) (31,67,12,1) (41,4,10,1) (87,14,10,1) (25,92,12,1) (7,88,10,1) (19,81,15,1) (72,87,5,1) (71,44,10,1) (26,4,13,1) (36,25,7,1) (27,72,1,1) (64,1,10,1) (91,87,5,1) (50,59,17,1) (27,60,15,1) (15,92,1,1) (98,79,20,1) 
(30,96,14,1) (54,60,9,1) (45,81,19,1) (34,68,18,1) (36,81,17,1) (78,85,10,1) (8,95,16,1) (83,45,7,1) (0,35,10,1) (88,14,14,1) (73,84,17,1) (0,6,9,1) (63,94,21,1) (69,6,16,1) (95,37,13,1) (15,41,14,1) (70,7,12,1) (61,60,11,1) (66,11,12,1) (98,78,7,1) 
(83,34,2,1) (93,47,7,1) (15,43,19,1) (43,99,8,1) (61,34,7,1) (86,71,13,1) (14,96,9,1) (59,55,2,1) (96,25,8,1) (86,62,7,1) (66,21,12,1) (25,44,18,1) (15,10,11,1) (83,22,9,1) (95,65,5,1) (76,70,13,1) (69,68,11,1) (73,56,12,1) (48,52,12,1) (39,57,12,1) 
(71,50,10,1) (14,25,11,1) (59,73,12,1) (49,58,14,1) (31,91,13,1) (79,45,13,1) (10,74,11,1) (66,91,12,1) (21,81,8,1) (83,51,6,1) (96,2,8,1) (56,2,8,1) (37,85,17,1) (6,77,15,1) (74,57,11,1) (47,29,15,1) (77,61,15,1) (78,61,8,1) (63,12,15,1) (62,11,11,1) 
(41,32,19,1) (92,11,3,1) (75,31,16,1) (85,56,4,1) (61,9,7,1) (43,28,3,1) (22,4,15,1) (5,17,16,1) (19,96,11,1) (43,87,18,1) (42,58,16,1) (99,71,14,1) (52,25,13,1) (80,23,6,1) (30,76,12,1) (16,59,3,1) (11,45,8,1) (50,25,15,1) (56,95,7,1) (21,36,12,1) 
(1,86,10,1) (19,99,15,1) (59,56,13,1) (30,21,11,1) (11,19,7,1) (67,36,2,1) (46,89,13,1) (44,66,24,1) (36,99,6,1) (79,29,8,1) (13,37,13,1) (66,28,12,1) (78,24,12,1) (21,64,7,1) (66,47,25,1) (64,4,6,1) (53,12,4,1) (48,16,13,1) (75,41,3,1) (15,78,10,1) 
(51,75,13,1) (84,99,6,1) (71,33,14,1) (65,94,15,1) (29,12,12,1) (54,66,3,1) (41,83,16,1) (23,48,9,1) (31,76,17,1) (76,77,17,1) (44,12,12,1) (81,73,7,1) (93,26,12,1) (88,7,10,1) (43,54,2,1) (2,17,9,1) (98,97,6,1) (11,22,8,1) (22,86,16,1) (77,15,8,1) 
(99,38,10,1) (8,59,4,1) (59,21,17,1) (8,54,5,1) (23,17,1,1) (25,40,7,1) (20,65,17,1) (21,35,19,1) (74,62,9,1) (44,21,3,1) (25,72,7,1) (7,72,13,1) (93,70,7,1) (10,78,14,1) (72,3,14,1) (88,12,6,1) (76,88,11,1) (86,36,8,1) (4,92,10,1) (73,11,21,1) 
(94,59,17,1) (51,65,10,1) (93,8,7,1) (83,52,19,1) (87,53,9,1) (4,80,8,1) (55,24,10,1) (36,85,11,1) (11,76,11,1) (2,89,13,1) (24,92,6,1) (67,39,16,1) (17,12,16,1) (11,24,10,1) (40,16,12,1) (11,9,11,1) (0,10,17,1) (89,70,17,1) (72,21,14,1) (3,27,12,1) 
(8,88,7,1) (27,13,24,1) (90,84,7,1) (72,76,14,1) (45,76,19,1) (53,73,9,1) (34,94,6,1) (15,29,9,1) (43,45,9,1) (21,60,4,1) (26,19,5,1) (2,36,7,1) (9,74,6,1) (3,8,9,1) (32,36,16,1) (35,53,6,1) (50,5,19,1) (59,21,11,1) (45,34,3,1) (97,63,16,1) 
(71,19,19,1) (69,80,7,1) (40,69,12,1) (39,22,7,1) (68,1,16,1) (97,79,14,1) (0,90,17,1) (52,7,6,1) (86,35,19,1) (5,80,2,1) (36,90,19,1) (99,13,8,1) (23,14,11,1) (41,46,3,1) (4,11,7,1) (85,57,4,1) (46,24,2,1) (2,57,6,1) (2,78,6,1) (8,86,5,1) 
(14,47,13,1) (48,93,12,1) (88,6,7,1) (28,79,8,1) (96,23,13,1) (36,7,11,1) (4,36,14,1) (61,63,5,1) (25,93,12,1) (11,96,8,1) (58,66,11,1) (65,92,9,1) (50,7,7,1) (62,59,17,1) (95,35,14,1) (66,21,10,1) (45,4,15,1) (62,16,8,1) (42,34,4,1) (61,13,9,1) 
(8,90,9,1) (46,29,15,1) (58,63,9,1) (8,94,12,1) (94,78,8,1) (84,9,14,1) (73,48,10,1) (31,89,18,1) (3,61,5,1) (30,37,14,1) (12,0,14,1) (51,81,5,1) (47,26,16,1) (69,18,11,1) (92,69,13,1) (87,31,8,1) (14,36,5,1) (14,22,11,1) (80,31,17,1) (18,85,6,1) 
(58,41,7,1) (79,28,11,1) (10,96,5,1) (86,34,6,1) (20,13,11,1) (96,69,12,1) (16,80,3,1) (97,71,3,1) (35,53,11,1) (99,19,14,1) (77,0,6,1) (36,71,5,1) (45,32,12,1) (10,9,12,1) (65,34,4,1) (17,79,5,1) (39,11,20,1) (70,13,7,1) (58,93,17,1) (18,78,9,1) 
(68,44,8,1) (95,40,8,1) (82,10,12,1) (49,83,3,1) (96,81,7,1) (31,32,11,1) (2,81,9,1) (33,68,4,1) (81,48,13,1) (10,61,11,1) (95,43,14,1) (28,6,7,1) (10,37,7,1) (12,8,6,1) (81,36,5,1) (66,37,14,1) (63,44,17,1) (87,67,9,1) (83,90,15,1) (75,1,8,1) 
(59,34,10,1) (76,72,6,1) (74,26,17,1) (23,0,13,1) (34,56,7,1) (98,32,2,1) (87,5,17,1) (51,97,16,1) (77,98,15,1) (55,71,7,1) (4,96,17,1) (52,32,3,1) (14,87,12,1) (98,91,6,1) (6,42,11,1) (3,13,14,1) (72,16,20,1) (97,21,7,1) (23,31,8,1) (64,45,4,1) 
(69,21,12,1) (30,71,3,1) (75,79,8,1) (97,2,16,1) (72,40,17,1) (75,27,11,1) (52,29,7,1) (79,92,13,1) (22,20,11,1) (37,45,20,1) (22,81,7,1) (73,41,6,1) (87,57,13,1) (27,90,17,1) (35,52,13,1) (21,14,11,1) (96,15,10,1) (79,86,3,1) (53,85,12,1) (50,27,6,1) 
(8,73,6,1) (22,58,7,1) (82,58,8,1) (7,22,17,1) (26,78,11,1) (39,58,7,1) (28,67,7,1) (5,83,8,1) (32,25,14,1) (42,52,7,1) (18,70,12,1) (56,87,2,1) (15,88,17,1) (9,1,11,1) (74,39,10,1) (32,60,12,1) (68,25,13,1) (51,98,6,1) (20,62,9,1) (0,79,10,1) 
(73,77,23,1) (69,22,13,1) (73,90,9,1) (68,41,15,1) (13,89,8,1) (56,95,10,1) (89,80,11,1) (73,45,7,1) (22,17,8,1) (40,87,14,1) (94,39,10,1) (32,53,6,1) (17,82,7,1) (16,25,9,1) (24,73,6,1) (71,33,23,1) (73,39,21,1) (5,11,4,1) (83,5,2,1) (5,43,15,1) 
(20,95,7,1) (61,47,18,1) (44,90,10,1) (61,56,7,1) (2,56,14,1) (72,50,3,1) (80,99,11,1) (62,32,6,1) (51,45,13,1) (94,22,7,1) (85,22,14,1) (9,29,6,1) (40,65,17,1) (37,65,1,1) (68,64,16,1) (28,3,18,1) (72,89,1,1) (81,39,9,1) (87,39,12,1) (80,21,6,1) 
(97,75,13,1) (3,88,8,1) (94,0,7,1) (97,31,6,1) (89,12,4,1) (56,84,13,1) (32,73,16,1) (70,42,13,1) (6,63,20,1) (87,60,16,1) (50,94,14,1) (9,64,9,1) (41,13,13,1) (84,78,7,1) (1,69,4,1) (4,14,15,1) (12,56,10,1) (17,11,25,1) (80,11,3,1) (56,6,5,1) 
(21,39,14,1) (79,21,13,1) (63,32,13,1) (65,66,11,1) (42,76,4,1) (89,96,11,1) (89,13,9,1) (98,64,1,1) (24,92,7,1) (73,24,11,1) (29,18,2,1) (99,89,1,1) (31,44,16,1) (86,65,18,1) (72,54,12,1) (94,18,5,1) (67,77,20,1) (24,19,10,1) (80,24,15,1) (90,56,14,1) 
(18,24,17,1) (4,18,8,1) (21,48,6,1) (4,58,13,1) (73,32,15,1) (44,58,12,1) (25,55,1,1) (89,77,17,1) (55,76,9,1) (1,83,7,1) (29,98,16,1) (70,4,12,1) (38,29,8,1) (25,20,11,1) (82,6,7,1) (18,34,16,1) (36,22,7,1) (27,98,7,1) (76,9,20,1) (86,38,15,1) 
(93,30,2,1) (16,25,13,1) (16,0,12,1) (19,85,9,1) (43,79,21,1) (52,6,20,1) (1,52,5,1) (64,80,18,1) (56,18,14,1) (40,48,10,1) (14,74,10,1) (83,0,7,1) (84,18,12,1) (22,41,14,1) (56,61,9,1) (41,26,13,1) (60,75,12,1) (1,53,16,1) (21,90,17,1) (63,3,12,1) 
(17,36,10,1) (16,4,11,1) (0,20,13,1) (90,65,11,1) (57,41,13,1) (25,4,5,1) (25,52,5,1) (30,43,9,1) (90,24,19,1) (45,39,10,1) (84,18,5,1) (77,64,12,1) (38,58,8,1) (17,80,18,1) (80,28,8,1) (23,72,6,1) (48,25,5,1) (46,35,4,1) (66,85,5,1) (55,45,15,1) 
(63,64,12,1) (26,69,13,1) (94,81,10,1) (3,96,17,1) (14,76,13,1) (28,59,10,1) (64,81,24,1) (1,8,5,1) (70,37,4,1) (14,70,10,1) (82,97,3,1) (79,93,5,1) (68,66,10,1) (41,27,6,1) (88,92,10,1) (98,86,5,1) (44,45,12,1) (25,6,9,1) (8,57,13,1) (9,15,22,1) 
(85,37,8,1) (30,13,3,1) (64,79,15,1) (63,70,3,1) (10,81,3,1) (40,63,15,1) (27,67,10,1) (61,20,5,1) (35,18,7,1) (69,59,14,1) (29,50,8,1) (34,18,17,1) (39,82,8,1) (32,24,12,1) (83,88,10,1) (49,16,9,1) (41,55,7,1) (69,93,5,1) (40,35,12,1) (39,96,12,1) 
(27,3,9,1) (53,28,6,1) (33,43,14,1) (70,35,4,1) (85,99,18,1) (41,37,11,1) (72,3,3,1) (9,13,9,1) (94,7,13,1) (27,22,14,1) (55,0,3,1) (54,17,8,1) (76,35,20,1) (54,13,3,1) (29,7,10,1) (33,61,16,1) (67,91,11,1) (93,27,14,1) (23,96,3,1) (56,76,3,1) 
(83,48,12,1) (63,69,14,1) (28,0,16,1) (56,25,7,1) (86,63,8,1) (66,85,6,1) (88,12,6,1) (75,64,11,1) (16,66,16,1) (32,50,5,1) (57,53,19,1) (51,25,16,1) (26,68,8,1) (79,78,7,1) (86,65,4,1) (67,56,10,1) (97,91,12,1) (60,41,14,1) (69,15,11,1) (60,43,14,1) 
(15,31,7,1) (26,95,7,1) (63,92,13,1) (10,85,8,1) (31,49,1,1) (56,39,3,1) (46,49,11,1) (35,52,13,1) (65,30,14,1) (19,68,5,1) (2,36,16,1) (55,35,8,1) (57,64,5,1) (44,83,7,1) (24,36,14,1) (23,89,19,1) (31,85,10,1) (31,10,9,1) (81,38,15,1) (9,39,6,1) 
(35,9,17,1) (74,40,12,1) (1,99,14,1) (87,75,8,1) (93,42,8,1) (78,60,11,1) (19,35,7,1) (6,14,11,1) (34,27,11,1) (48,53,13,1) (85,33,15,1) (92,55,11,1) (80,61,4,1) (46,61,15,1) (29,65,7,1) (25,13,8,1) (0,41,10,1) (91,19,14,1) (26,4,14,1) (60,24,4,1) 
(79,21,15,1) (16,63,16,1) (20,63,14,1) (15,36,9,1) (35,99,3,1) (73,59,14,1) (82,69,10,1) (77,26,18,1) (52,91,13,1) (61,87,5,1) (53,71,9,1) (34,85,8,1) (68,49,6,1) (82,47,6,1) (79,28,5,1) (12,21,13,1) (13,76,16,1) (43,99,12,1) (73,78,21,1) (96,38,3,1) 
(29,7,17,1) (44,82,6,1) (57,79,11,1) (57,0,10,1) (51,88,9,1) (74,5,8,1) (13,56,11,1) (58,78,7,1) (86,14,12,1) (79,74,20,1) (59,28,5,1) (51,0,15,1) (60,84,10,1) (46,97,12,1) (41,76,14,1) (34,82,12,1) (90,59,9,1) (41,56,12,1) (58,98,3,1) (33,99,15,1) 
(71,99,2,1) (17,22,18,1) (94,56,4,1) (52,73,10,1) (63,90,15,1) (49,8,7,1) (57,67,3,1) (85,70,11,1) (9,13,13,1) (82,93,7,1) (37,60,9,1) (74,9,15,1) (37,65,3,1) (57,77,12,1) (34,26,8,1) (6,69,11,1) (54,76,4,1) (46,75,12,1) (94,69,7,1) (99,60,21,1) 
(85,87,15,1) (19,85,6,1) (32,9,23,1) (79,68,13,1) (75,28,9,1) (44,16,8,1) (34,13,11,1) (5,93,16,1) (21,91,6,1) (28,69,7,1) (47,3,12,1) (4,55,18,1) (54,89,2,1) (98,88,6,1) (30,55,15,1) (49,48,7,1) (56,4,14,1) (34,30,12,1) (43,18,12,1) (94,62,20,1) 
(44,40,19,1) (10,95,12,1) (51,44,12,1) (44,20,14,1) (28,30,13,1) (61,55,13,1) (77,53,5,1) (19,53,12,1) (33,51,11,1) (59,9,9,1) (80,26,14,1) (18,23,11,1) (22,56,16,1) (6,84,13,1) (21,78,4,1) (28,31,5,1) (99,19,8,1) (39,27,6,1) (41,80,11,1) (29,70,8,1) 
(1,60,14,1) (96,56,16,1) (16,2,8,1) (5,6,5,1) (19,20,10,1) (90,89,2,1) (56,72,14,1) (51,66,14,1) (86,3,10,1) (79,71,13,1) (22,73,12,1) (51,67,14,1) (54,46,4,1) (11,86,3,1) (87,8,12,1) (31,78,5,1) (50,72,14,1) (61,51,6,1) (49,34,9,1) (90,36,10,1) 
(0,90,11,1) (17,8,13,1) (88,90,22,1) (48,3,18,1) (8,10,9,1) (90,73,8,1) (99,59,9,1) (21,29,10,1) (98,55,18,1) (47,95,5,1) (31,76,17,1) (35,15,7,1) (37,86,12,1) (48,41,7,1) (24,14,13,1) (72,30,3,1) (87,24,15,1) (11,66,8,1) (48,73,10,1) (9,84,11,1) 
(71,56,6,1) (77,96,6,1) (14,72,10,1) (65,21,7,1) (22,29,12,1) (41,26,9,1) (28,36,13,1) (76,14,10,1) (22,65,3,1) (10,69,22,1) (5,15,17,1) (61,43,10,1) (60,64,13,1) (31,40,24,1) (41,15,14,1) (51,87,2,1) (34,79,9,1) (55,77,7,1) (2,88,15,1) (48,42,12,1) 
(48,38,8,1) (79,11,11,1) (16,67,8,1) (83,62,5,1) (15,35,7,1) (24,85,1,1) (96,66,8,1) (50,68,8,1) (32,75,2,1) (19,6,12,1) (10,49,16,1) (83,14,16,1) (41,3,2,1) (28,76,14,1) (73,57,3,1) (64,29,14,1) (94,8,15,1) (41,60,7,1) (14,85,14,1) (47,85,17,1) 
(52,79,9,1) (63,22,8,1) (46,61,10,1) (76,23,18,1) (43,70,10,1) (79,14,15,1) (91,10,4,1) (47,67,8,1) (53,90,3,1) (34,68,10,1) (19,82,12,1) (1,2,15,1) (19,43,8,1) (72,3,6,1) (99,55,5,1) (12,71,16,1) (66,43,9,1) (73,84,2,1) (24,42,10,1) (26,12,12,1) 
(50,83,7,1) (60,75,5,1) (3,80,6,1) (81,77,16,1) (78,19,20,1) (80,5,9,1) (36,46,5,1) (54,63,10,1) (66,26,17,1) (37,44,8,1) (89,69,19,1) (95,11,17,1) (91,24,16,1) (90,25,14,1) (50,22,16,1) (87,68,3,1) (43,5,14,1) (86,72,2,1) (76,64,20,1) (52,90,11,1) 
(77,54,12,1) (51,69,8,1) (46,47,2,1) (0,44,5,1) (61,28,3,1) (88,36,12,1) (80,63,1,1) (14,73,14,1) (37,78,12,1) (94,56,5,1) (21,90,12,1) (50,8,13,1) (22,53,22,1) (84,11,8,1) (62,9,9,1) (69,4,17,1) (32,70,10,1) (95,45,11,1) (44,72,19,1) (84,90,4,1) 
(47,16,9,1) (89,9,6,1) (17,54,5,1) (98,58,15,1) (13,52,5,1) (60,2,11,1) (40,28,3,1) (3,7,8,1) (42,27,3,1) (46,80,15,1) (8,53,13,1) (86,43,14,1) (43,4,8,1) (77,83,15,1) (45,49,10,1) (76,62,8,1) (69,28,7,1) (89,35,3,1) (48,70,19,1) (16,32,7,1) 
(28,71,8,1) (99,53,3,1) (29,51,7,1) (14,18,7,1) (41,23,5,1) (61,79,10,1) (32,64,6,1) (66,27,11,1) (64,2,8,1) (27,25,12,1) (80,41,13,1) (81,30,8,1) (13,61,16,1) (30,57,6,1) (5,41,9,1) (60,2,4,1) (56,71,26,1) (39,45,6,1) (93,30,4,1) (93,95,12,1) 
(32,11,2,1) (62,22,2,1) (3,17,10,1) (91,87,1,1) (3,35,7,1) (81,91,16,1) (76,70,5,1) (8,96,10,1) (57,94,6,1) (74,80,5,1) (44,56,17,1) (47,34,6,1) (98,95,9,1) (88,89,10,1) (34,54,11,1) (9,63,8,1) (52,38,3,1) (8,23,14,1) (19,96,7,1) (0,12,5,1) 
(60,65,9,1) (41,36,11,1) (56,94,16,1) (98,70,3,1) (83,51,14,1) (79,35,10,1) (86,6,17,1) (44,20,15,1) (50,62,7,1) (63,9,21,1) (0,42,18,1) (12,21,14,1) (89,42,19,1) (46,22,7,1) (4,45,10,1) (0,80,11,1) (53,61,1,1) (44,68,7,1) (70,90,16,1) (98,68,17,1) 
(17,36,13,1) (47,48,15,1) (82,27,9,1) (72,28,8,1) (14,37,7,1) (11,31,11,1) (5,13,10,1) (28,68,3,1) (35,48,15,1) (88,41,8,1) (55,6,12,1) (20,39,5,1) (67,28,6,1) (55,65,8,1) (84,28,2,1) (61,68,22,1) (8,29,15,1) (59,87,15,1) (93,64,10,1) (74,58,23,1) 
(63,19,20,1) (6,12,14,1) (18,80,8,1) (77,42,14,1) (81,55,10,1) (60,67,11,1) (88,23,17,1) (30,31,15,1) (19,22,5,1) (18,2,10,1) (3,79,2,1) (14,88,9,1) (82,14,6,1) (51,53,14,1) (18,10,9,1) (53,69,13,1) (19,10,11,1) (85,44,12,1) (97,92,5,1) (9,32,7,1) 
(25,99,4,1) (80,94,7,1) (12,67,12,1) (51,79,15,1) (64,40,7,1) (43,28,2,1) (25,96,8,1) (30,44,7,1) (33,28,13,1) (91,30,7,1) (16,64,2,1) (83,87,20,1) (50,68,11,1) (4,19,13,1) (36,69,8,1) (27,89,11,1) (48,56,14,1) (96,64,18,1) (87,46,12,1) (70,76,15,1) 
(69,67,20,1) (71,55,9,1) (13,9,17,1) (56,2,12,1) (6,81,6,1) (14,67,11,1) (32,75,12,1) (29,1,12,1) (44,64,3,1) (72,41,9,1) (28,29,5,1) (7,80,11,1) (62,61,13,1) (61,74,11,1) (67,91,10,1) (60,97,4,1) (41,21,15,1) (18,29,13,1) (30,24,7,1) (79,83,8,1) 
(26,88,7,1) (92,53,9,1) (47,4,10,1) (24,61,14,1) (53,85,8,1) (86,45,9,1) (31,0,8,1) (11,51,13,1) (25,98,5,1) (91,21,13,1) (50,24,6,1) (30,66,20,1) (24,77,19,1) (10,34,9,1) (47,42,6,1) (89,65,6,1) (44,27,7,1) (25,94,11,1) (53,12,15,1) (31,66,8,1) 
(55,21,16,1) (19,60,12,1) (77,13,13,1) (78,60,12,1) (32,27,10,1) (26,50,13,1) (44,50,18,1) (36,20,18,1) (8,54,7,1) (20,75,13,1) (60,65,6,1) (57,0,9,1) (16,10,2,1) (99,23,12,1) (90,46,6,1) (26,30,14,1) (58,69,17,1) (69,11,14,1) (47,70,8,1) (88,49,2,1) 
(83,7,12,1) (90,82,4,1) (68,54,11,1) (30,71,10,1) (79,83,16,1) (82,7,9,1) (29,83,5,1) (69,49,5,1) (49,24,15,1) (75,66,7,1) (1,15,11,1) (73,21,9,1) (90,18,7,1) (4,73,7,1) (16,37,7,1) (43,22,13,1) (82,19,11,1) (12,86,19,1) (58,17,14,1) (9,78,10,1) 
(47,54,13,1) (56,64,2,1) (5,2,17,1) (2,97,20,1) (98,91,3,1) (29,66,11,1) (41,68,24,1) (91,45,12,1) (27,81,21,1) (41,66,14,1) (4,87,8,1) (38,88,8,1) (39,98,10,1) (3,0,9,1) (9,84,12,1) (58,73,8,1) (34,66,8,1) (44,94,4,1) (39,63,13,1) (53,28,17,1) 
(17,87,14,1) (69,77,10,1) (57,75,5,1) (63,95,15,1) (73,42,7,1) (75,29,18,1) (38,53,8,1) (11,18,8,1) (33,72,9,1) (52,66,25,1) (75,79,8,1) (58,34,16,1) (41,14,18,1) (75,50,12,1) (32,16,9,1) (62,40,6,1) (45,92,8,1) (63,99,16,1) (7,63,3,1) (85,84,10,1) 