8.5
15.333333
10.5
11.0
12.5
16.0
16.333333
11.571429
11.5
10.25
12.5
11.5
12.0
15.5
13.0
16.0
16.375
19.0
18.0
17.0
14.666667
11.0
18.0
14.0
17.0
14.5
17.333333
19.0
14.0
15.5
24.0
14.75
13.0
9.0
15.0
17.0
19.5
16.25
14.4
12.0
14.666667
16.0
16.0
17.0
15.5
14.0
16.0
15.0
12.0
14.5
17.0
12.0
16.0
14.0
17.5
11.0
11.0
20.0
10.5
15.0
15.0
14.0
15.5
13.5
13.0
10.5
18.0
14.666667
15.5
17.0
21.0
16.333333
16.5
16.0
13.0
16.0
15.0
17.2
12.0
14.4
18.666667
14.0
13.0
16.0
18.0
24.0
16.0
9.5
14.5
10.0
12.0
15.0
12.5
10.666667
18.0
18.5
16.0
17.5
18.0
14.5
