108.99999999999999
122.4999991
119.3749996
115.6666663
94.0000004
123.33333300000001
104.0
105.5
125.846154
111.4999992
117.5
119.0
102.00000032
87.0
123.33333300000001
113.0869565
106.00000000000001
115.00000000000001
113.000000021
111.5
120.0
110.99999977000002
112.5
110.0
109.00000059999999
104.99999999999999
103.0
116.0000001
110.3333337
120.99999953000001
113.0000003
88.5
124.668834909999
91.5
116.99999955
115.5000001
121.5
107.99999990999999
119.99999989999999
127.00000080000001
102.00000096
111.0
112.00000041
99.0
109.5
99.5
116.0000001
109.00000010000001
114.99999999999999
120.0
114.0
104.0
111.00000030000001
113.4230769
106.99999980000001
73.0
102.5000004
123.00000010000001
114.99999949999301
98.00000010000001
90.0
111.5
97.99999998999999
117.9999993
108.50000010000001
109.9999998
111.0
100.99999979999998
106.0
119.0
121.9999998
109.99999997900001
97.0
121.00000001999999
96.5
117.45406379999997
120.5
104.5
120.00000044420001
110.9999998
101.00000006000002
112.9999999
117.00000010000001
115.00000059999999
117.999999922
127.0
119.0
111.0
106.9999995
103.5
107.00000030000001
113.0
118.9999995
103.00000030000001
110.00000009999998
90.99999999999999
99.0000001
112.49999975
115.49999989
102.0
