350.23401920000003
303.6
327.5
326.4999997
327.45641309999996
364.7569074
331.4999989
260.99999940000004
370.86754890000003
341.7211531
331.50000049
333.90139100000005
332.66519939999995
274.75
345.621514
324.25
317.8065216
353.516258
364.31178
336.1619736
279.8333344
341.17087039999996
357.2593522
332.86289300000004
327.27393929999994
300.5000003299999
308.66666587000003
345.40349899999995
348.5899521
365.26926690000005
356.69723
290.0
340.3258176
310.749999999999
337.660569
348.0310884
361.070066
350.4466926
287.70000000000005
398.0785717
333.44969540000005
299.21428582000004
330.4094548
336.735326
308.50000030000007
277.49999992999994
344.9140815
321.5
335.29522897
348.0104051
351.0356791
267.5
302.50000000000205
333.925
320.0119239
265.75
290.0
328.0
348.14743999999996
309.38349629999993
344.25
379.076782
332.05741009999997
347.00000090000003
312.5
323.125622
312.5
341.66666736999997
346.05579600000004
316.0
332.74987730000004
320.25000033000003
321.3951381
360.58693900000003
292.99999950000006
340.80869399999995
340.863796
366.4375
386.48518549999994
277.20000000000005
322.44801019999994
361.0418389
325.25
365.7553839
358.4999995
355.59127
374.5000002
340.78303900000003
306.457746
281.0
319.018794
343.381892
340.82757130000005
327.0876333
342.49024399999996
298.0
313.7499995
312.6249997
334.34090269999996
344.2330425
