0.8358191622308261
0.8656399473228513
0.8372946577705574
0.8391107554301577
0.8149943390295101
0.8487386008014229
0.8450316520952345
0.784736199809623
0.8955283001104766
0.7738949086863262
0.8261347749688971
0.8325291472962664
0.826886598577602
0.8902396171612634
0.8329444116445407
0.9488400731357468
0.838276687193765
0.9213966235525267
0.8917051824269019
0.8341413406067636
0.8465438433849933
0.818560607862959
0.8679078702357996
0.8595838856016429
0.8834221691948831
0.8551162438157187
0.8610361443788034
0.9171724098571522
0.8880095679665124
0.8695236163902418
0.9310945324461584
0.8640406644884463
0.8727168241760813
0.8501133300810424
0.847259497653427
0.8698988011465743
0.9661652139214038
0.8623620095628286
0.8602444842171024
0.8128386884545278
0.8144483164747955
0.8065038805795092
0.8597486711675845
0.8933056734754081
0.8592101604540473
0.8624347863997248
0.9004066671994682
0.9078003626816792
0.8377701888156488
0.872363624349585
0.8333652759858995
0.8106149652156981
0.8725820153168752
0.8680914982277947
0.894229929809723
0.7336341028451759
0.7569227245959563
0.905737737807361
0.7948999809308447
0.8304889241569686
0.837493620597923
0.8745757798117527
0.86741502876048
0.8297630445318089
0.8336216577350068
0.8361063166847145
0.9202885489964986
0.8298672374019372
0.8704608102802115
0.8771440573902928
0.9086411140812518
0.8958614797944826
0.8902773882648213
0.875838776700047
0.7690673671225351
0.8658001452498254
0.860826004188177
0.830839669369341
0.8418659360773814
0.8329148558226296
0.8969301376500042
0.850280649604777
0.8584697514975851
0.8973954534007609
0.8674934899748097
0.9378269128456044
0.8887250626072765
0.8341596865207576
0.8099036072527476
0.8359676761080728
0.833532480574282
0.8516322951510819
0.8188149991002908
0.8179241518491616
0.899527291699197
0.8968522353245744
0.8514348705131722
0.881908649162678
0.9001651368168258
0.8669215189472613
