341.1507193
301.4
321.25
321.5000004
318.70113189999995
355.267875
322.50000009999997
256.00000070000004
361.80351479999996
333.73119340000005
331.5
324.42283310000005
323.6346262
266.7500007
336.4944851
314.25
311.45543130000004
346.5484956
355.5169239
324.46838759999997
278.3333341
331.74068819999997
347.458194
327.181472
319.4394934
286.0
296.3181829600001
334.11229219999996
341.0238661
354.1496326
346.378011
283.0
331.3426011
302.36434100001105
327.5519936
339.4212957
351.53683409999996
340.59056499999997
278.70000000000005
383.14613299999996
323.35270840000004
292.92857146
319.74893299999997
324.5
302.0
271.8333338
337.03198040000007
316.0
327.465482
339.04119641999995
344.09962360000003
258.5
297.00000000001285
324.3718332
311.85082659999995
257.0
280.0
315.5
338.71024775
301.05
322.5
367.05492749999996
320.955243
338.5000005
306.00000000000006
314.82131899999996
303.4999997
328.66666597000005
337.03763339999995
311.0
324.6388324999999
312.87499963
312.687717
353.25757500000003
277.9999998
331.6771532
334.02410410000005
357.0625
375.733808000001
274.19999999999993
314.58325990000003
351.50696650000003
314.75
356.3593505
344.5
345.43965000000003
365.726923
332.7376172
299.114322
279.0
310.345327
335.649189
332.4608273
317.9999996
333.044346
296.0
305.75000020000004
308.0
324.858224
333.3608727
