0.8485949908368967
0.8772928666371289
0.8494012511170688
0.8470614782870324
0.8414469393459424
0.8784802625581183
0.8928571428571429
0.83100347739692
0.9051291059195503
0.7863644705450541
0.8831385642737897
0.8836941128869108
0.8412401271925326
0.9575501208588085
0.8678288431061807
0.9441183589495341
0.8484032320123124
0.9025416339698317
0.9446062011509061
0.8474704890387859
0.8376780299549756
0.8290589859932925
0.9394185845301956
0.8149556900938844
0.8811292488893481
0.9000777477698666
0.8921220110919175
0.9705758506885171
0.8444464742418707
0.8909933774834438
0.9349642686993807
0.9081681394793408
0.8497824059682935
0.8855984217448487
0.8279640034282449
0.9063130813378191
0.9445906829488919
0.8541389589543683
0.8500091516427198
0.833985368956743
0.853012608953203
0.8147537805350911
0.85199704784232
0.8931398939118043
0.8945939498043707
0.8370338554825669
0.9042929597874653
0.8851093439363817
0.8531607879065506
0.9038349691021447
0.803990651732957
0.9019341126461211
0.9029995833911957
0.8755191066131566
0.9383144692566534
0.8270657472357626
0.7001906412478336
0.9327246165084003
0.866967222411251
0.876662908680947
0.8942638725542607
0.9420691144708423
0.8769650088256671
0.8369359621703936
0.858348207042025
0.8620043833432954
0.9083667481662592
0.8366033560759727
0.8756176853055917
0.9103483113634177
0.9138184245660881
0.9252612422214395
0.9633160051984405
0.906682808716707
0.8606417939300213
0.8495161134230137
0.8342143299607682
0.9066713286713287
0.9039993104637132
0.8390536723163842
0.8778651220521307
0.8182461659457334
0.8628270042194093
0.8598400297619048
0.937752215726947
0.9010839669956318
0.8736399886072344
0.8358270621218828
0.8934762173340853
0.8182590901936093
0.8293862245904875
0.8643372671413245
0.8535300316122234
0.7972326499181827
0.8558371886996752
0.907624023536573
0.8507085020242915
0.8798707337487213
0.8999520511454449
0.9286816854401335
