8.5
13.4
10.5
11.0
12.5
16.0
13.0
10.142857
11.5
10.25
12.5
11.5
12.0
15.5
13.0
16.0
16.0
15.5
18.0
17.0
12.333333
11.0
18.0
9.0
17.0
14.5
16.0
19.0
14.0
15.5
24.0
14.75
13.0
9.0
12.666667
17.0
19.5
14.5
14.0
12.0
14.666667
15.142857
16.0
17.0
11.0
11.0
12.0
15.0
11.0
14.5
15.0
12.0
13.0
14.0
17.5
11.0
11.0
20.0
10.5
10.5
12.5
14.0
15.0
13.5
13.0
10.5
18.0
14.666667
15.5
17.0
19.285714
16.333333
16.5
16.0
8.0
16.0
10.5
16.125
12.0
14.4
16.333333
9.0
8.0
11.0
18.0
22.0
16.0
9.5
14.5
7.5
12.0
12.0
12.0
6.0
17.0
17.0
16.0
17.5
13.0
14.5
