0.8550125128809068
0.8595076400679117
0.8348973167441163
0.8483536384590056
0.8256705611321375
0.8723361737425533
0.8786793953858393
0.7987731121479178
0.903570912245193
0.7856448763250884
0.8595335935894802
0.8666919000757002
0.8565935008145417
0.926404227526422
0.8543267862226017
0.9207605292394707
0.8622119616811944
0.9100917431192661
0.941897728856068
0.7975817490494297
0.8190506735086593
0.8128264583841835
0.9071144989677624
0.8075119689946044
0.8673592612324631
0.8655034324942792
0.8828755790866976
0.9496871927786219
0.8542255584035152
0.8946463386103096
0.9311852704257767
0.8874323607427056
0.8525222551928784
0.8758052292535051
0.8472164482602802
0.8902841319528052
0.9404585856996774
0.8532161623482515
0.8303160681780573
0.8441516292353628
0.8557422437988318
0.8017855747440806
0.867637649435932
0.8967357803306248
0.8880137262817925
0.8509436555199267
0.8808117378048781
0.9061632027583565
0.8640186915887851
0.9089376915219611
0.8133058984910837
0.8794721960414703
0.8501901027743124
0.8593533487297922
0.9122068054179056
0.7793258426966292
0.7365360101975781
0.9363307061539686
0.8489105130831549
0.8473298429319371
0.8871981935035609
0.9360849056603774
0.8809388839681134
0.8174110445954127
0.8542976036734108
0.8465765613083637
0.9218400277609091
0.8154771080622784
0.8383126868859462
0.8823522392808846
0.8860971041636652
0.9060172481379851
0.9443946188340807
0.9126913666550157
0.8472653422343762
0.8577199869152764
0.8015693659761456
0.8815915198566736
0.8728352385515777
0.8331085767126455
0.8873199516773534
0.8463692608270922
0.8600929916080744
0.8616198803497469
0.8993243243243243
0.909864960909737
0.8626091173617847
0.8401111258102923
0.8816689972855145
0.81328140942793
0.8427116734552388
0.8673668541184254
0.8549814053630848
0.8064806443659078
0.8695945425113698
0.8879275313240772
0.8418714395034436
0.8803140389117623
0.8783461058634825
0.9088128720559054
