18.0
10.0
10.0
11.0
13.0
11.0
15.0
11.0
14.0
14.0
14.0
15.5
11.5
12.5
8.0
9.25
11.5
14.0
11.0
11.0
13.5
15.0
17.0
16.0
14.333333
15.0
17.0
15.0
12.0
14.0
17.0
8.5
16.5
9.0
12.0
13.0
15.0
16.0
8.0
7.0
16.0
11.333333
18.0
14.0
4.0
14.5
10.0
11.0
10.333333
4.0
10.0
13.0
18.75
13.0
15.0
14.0
12.0
10.0
13.0
15.0
15.0
17.5
11.0
18.0
15.25
14.0
9.0
12.0
8.5
13.0
21.0
9.0
14.0
14.0
16.0
13.0
12.0
17.0
14.0
16.272727
9.0
18.0
18.0
16.0
13.0
13.0
16.0
15.0
19.0
4.0
10.0
16.0
13.0
11.0
18.0
14.0
12.0
15.0
20.0
14.0
