0.8499703602760309
0.9114593309793119
0.8761097661147192
0.8882879850366437
0.8612758919915643
0.9183426132702097
0.8776793352071367
0.83903397570588
0.9031153852497017
0.8027105742039687
0.8854964542199976
0.8819280947839513
0.8638919630788424
0.9694670846394984
0.9023680232575905
0.9597372549984702
0.8540696793230281
0.8921444946157748
0.952663769502977
0.8600248699675086
0.8628397884807775
0.8220008779868595
0.9437544013780638
0.841748958024383
0.8915509421810732
0.8965921736483591
0.8840741229846564
0.9667316167994587
0.8615232180539918
0.8850287471503603
0.9208855853501037
0.9142049447772808
0.8961362147383035
0.8957090771994781
0.851190110227827
0.9231184636767831
0.9559038795071358
0.8349386860027308
0.8273324643509612
0.8714300974652203
0.886199719856621
0.8355513738791235
0.844815189162496
0.8895304167614426
0.9076196416322263
0.8516220088448502
0.9091220154425301
0.8909855915248809
0.8810650349049517
0.9052837967296496
0.8360249823810646
0.9041700831708802
0.9205691645481869
0.8917230202596148
0.9233737460323128
0.8886312640239342
0.7322264043746893
0.9091462325572925
0.8751464040898129
0.9047901828267779
0.8952211676531363
0.9145655369700822
0.8991000976595579
0.8663640986370126
0.8847591251325927
0.8733079906427331
0.9131272628591393
0.8615169540641355
0.896904220557473
0.9235315985130111
0.9211867102730399
0.9144188897374752
0.9694664706981283
0.935712696685164
0.9060864593207842
0.8871656004970961
0.8699256213786729
0.9136390070228347
0.9176225038048254
0.8651925629380436
0.8660142280935126
0.8448102688491601
0.8753688622990389
0.8866844505285005
0.9232121377754884
0.904933805731783
0.8984673243459049
0.8641489404206153
0.9199213112008494
0.8608931128705651
0.8351807445357359
0.8788587749200357
0.8963853186555805
0.8282094232420556
0.8877807372630777
0.9197975828577065
0.8534599473486273
0.9087684999277728
0.8858303289578913
0.9333168130703763
