15.0
16.0
15.5
17.0
14.0
10.0
10.0
11.5
19.0
14.666667
17.0
11.5
15.0
16.0
18.0
19.5
17.25
15.2
13.0
21.5
12.166667
13.0
19.2
12.0
15.0
16.5
18.333333
16.0
18.0
14.75
13.0
8.0
13.0
12.0
14.0
14.0
20.5
14.333333
13.0
12.0
14.0
15.333333
20.0
20.0
18.0
13.7
15.0
17.0
17.5
10.0
12.0
12.0
17.0
18.5
20.0
15.0
7.0
17.5
11.5
17.0
16.0
17.666667
15.0
18.0
16.0
18.0
18.0
16.333333
15.0
15.5
18.0
17.0
11.666667
22.0
14.0
21.0
16.0
19.625
16.0
17.0
12.666667
13.0
15.0
18.0
21.0
19.5
17.0
12.5
17.333333
11.0
14.0
13.0
15.0
13.0
13.0
20.2
21.166667
12.5
12.5
15.0
