0.8666666666666667
0.9199555445789084
0.9079401371856163
0.939585107677333
0.8977655612697287
0.8935490711680381
0.9689568706118356
0.9096256684491979
0.9128710113790085
0.8760185363969878
0.93147143890094
0.9013439322886881
0.883976534471056
0.9005981511691137
0.9068144499178982
0.9744206773618538
0.9122098022355976
0.9344444444444444
0.9701448692152917
0.9139093993214927
0.8131940932537676
0.8954375798055201
0.9174398698964307
0.9078127984718243
0.8523246650906225
0.9221525935413045
0.8871175440403832
0.9554615304745094
0.936958821973371
0.9191934843067143
0.9707329934962208
0.8805107363823851
0.9004134129536059
0.894772477735757
0.9235685752330226
0.9262760310330748
0.9571704180064309
0.9153813287759026
0.9227848101265823
0.8983133218982275
0.9000329908568196
0.8196287604011094
0.8949355608591886
0.9562913907284768
0.9285857774206508
0.8953565217391304
0.9542461398728429
0.929283950617284
0.918408736349454
0.9247695549117725
0.8943308746048472
0.9006258354599587
0.93937210499228
0.9477262137731806
0.9716816679958984
0.8977312985420357
0.8620487804878049
0.9714335214335215
0.9173561151079137
0.8733232571320612
0.9357175295186194
0.962688381137579
0.8999563223411225
0.9427096461463887
0.9001643835616439
0.8967563128721002
0.9709046454767726
0.9262984336356141
0.9521171941830624
0.9233668341708543
0.906524114250039
0.9423185740557363
0.9597388465723613
0.931590927242233
0.9049419218585005
0.9307692307692308
0.8936864717594049
0.8833625449128034
0.9442347019034135
0.8970670811190213
0.9629372702478359
0.8799894807306111
0.9340208522212149
0.9086443189184183
0.9466975843441036
0.9683499912326845
0.9206063088897992
0.8958509737510584
0.9215800524934383
0.9002080732417811
0.9180538041193779
0.8943299917226156
0.8830595964335992
0.8259563987003459
0.9064710171345243
0.9361104610344021
0.8969277757815307
0.9583559168925022
0.9610536596575894
0.9545668953687821
