264.89860939999994
263.1363164
261.25
263.02292122
242.1249994
284.86022010000005
226.00000050000003
203.25
281.1100410000001
263.040471
276.56169939999995
255.7499995
254.77437570000004
197.75
271.74154550000003
259.7498531
252.111651
277.1961546
276.8613146
249.75000100000003
247.5
265.85209
260.0
264.459999699999
260.01093879999996
225.5000006
236.5
251.0
272.1694306
279.59335010000007
267.025504
227.75
269.7710813
233.37499990000003
259.00000036
275.698438
278.0
268.05125449999997
234.99999960000002
297.5810563
243.4999996
248.8070179
249.000001
245.49999999999997
240.8333335
223.16666680000003
271.4804924
254.16666680000003
265.44106188500007
280.5886423
274.52057019999995
208.0
248.49999979999998
256.1965034
228.16666590000003
178.5
227.0
245.25
274.188697692
230.9999988
227.5
277.9999983
231.5
254.2499997
242.5
255.59016649997167
244.74999979999996
244.3101853
268.7717496
257.9999996
256.46342510000005
246.83333299999998
240.49999960000002
286.84421480000003
210.5
265.1250199
269.3087426
253.625
292.9247399
228.0
254.66666629999997
277.7419959
264.95454537
278.85657850000007
245.0
280.25917329999993
278.03125
261.5
237.9
244.0000004
253.0488316
267.02385807
267.3547196
254.6666675
261.8176307
219.0
236.875
242.42499999999998
259.20772287
247.0
