302.3501904
287.5
288.33333330000005
293.8827765
285.7772088
321.9748839
270.99999959999997
227.50000020000004
318.8509545
298.0615833
310.05981080000004
292.7110988
290.04533
226.75
302.9845117
288.666736
282.758714
311.5968179
316.4320821
289.8052139
272.75
298.3953349000001
310.07777799999997
299.37169057
286.82803
250.5000003
263.83333330000005
292.0000005
310.4292824
315.5561205
303.527518
254.91666683
298.50350799999995
265.75
294.1874994
307.5450998
319.4897114
304.39715709999996
256.5
334.6424269
279.58333350000004
267.0
284.537414
277.5
274.5
249.66666679999997
305.3675594
283.5890142
298.600879
309.113340899998
309.9540103
229.4999995
276.5000002
292.66850880000004
268.2499999
212.75
252.5
279.0
305.590795
268.0
270.0
316.99999999999994
274.6249997
298.5000004
267.5
285.22038080000004
271.0
282.25000172999995
304.19685830000003
285.4999995
291.09968103
275.0
275.3750006
320.2960166
242.5
296.51583300000004
302.68761916
302.75
333.0115824
254.29999999999998
287.9381412
316.7230563
292.99999980002303
319.66059113
288.0
311.9801199
322.21415920000004
298.3500026000015
269.0
271.9999997
282.76339211
302.0999977
303.01399039999995
281.9999997
299.62646
263.0
274.43749990000003
274.9
291.68777730999903
288.08333300000004
