326.6435894
299.2
306.0
311.83723059999994
306.3356341
342.61805289999995
305.5
247.5
345.7264215
321.41593570000003
328.283790599999
312.28132999999997
310.17990729999997
252.25
322.5734189
303.7500001
300.970738
334.16816400000005
339.24228600000004
309.49563279999995
276.66666593
318.4444155
331.83490019999994
317.8139997
306.4753286
270.0
280.2500003
318.72150059999996
329.5404078
338.62390940000006
329.1898585
275.5
317.8160467
288.008108000007
314.2060189
327.36743420000005
338.7599122
325.7259165070001
268.5
362.01178899999996
305.8333332
282.07142807999986
304.758485
302.75
293.5
261.6666667
324.3143431
302.890915
316.6973432
326.5863799999999
331.89102130000003
247.5
288.0
312.13319420000005
298.7499995
240.0
268.0
301.25
325.09002991999995
289.916524799996
296.75
348.14837800000004
303.0616211
324.969449
288.5
303.427067035
289.25
309.66666797
323.53240230000006
304.4999997
313.2022974
300.74999963
299.67498839999996
341.8613206
261.5
316.42651700000005
322.02472470000754
332.75
360.14527530000004
268.70000000000005
303.57451829999997
337.878836
304.2499985
342.2268802
323.49999990000003
331.591827
348.997056
319.436853200002
286.58333293
276.0
298.36921800000005
323.14010720000005
320.46820220000006
303.5000002
320.015722
284.0
293.25
296.5
311.2101145
316.55847900000003
