8.0
12.6
10.5
11.0
12.5
16.0
11.666667
9.5
11.5
10.25
12.5
11.5
12.0
15.5
13.0
16.0
14.0
11.5
18.0
15.5
8.5
11.0
18.0
7.0
15.0
13.5
13.0
18.5
12.0
13.5
20.0
13.5
13.0
9.0
10.0
16.0
19.5
11.333333
13.0
12.0
14.0
12.0
13.0
14.0
9.0
9.6666667
10.0
11.0
9.0
12.0
11.5
12.0
11.0
14.0
17.333333
11.0
10.5
20.0
10.5
8.5
11.0
14.0
11.0
13.5
12.0
10.5
15.0
14.5
15.5
17.0
17.5
13.0
16.5
16.0
6.0
13.0
8.5
15.625
12.0
14.4
12.333333
7.0
6.0
7.0
18.0
16.0
16.0
9.5
14.5
6.5
10.0
10.666667
8.0
4.0
15.0
13.0
12.0
16.2
10.0
14.5
