11.0
13.0
16.0
15.0
16.0
15.333333
13.0
11.75
18.0
7.5
17.5
15.5
10.5
14.0
17.0
12.0
17.0
18.0
20.0
15.0
14.333333
13.0
17.0
14.0
16.666667
22.333333
13.0
21.0
17.5
13.75
12.5
14.0
11.5
19.0
14.333333
19.5
16.5
15.875
14.0
16.5
15.666667
15.5
14.0
17.0
13.5
13.0
13.666667
16.5
13.0
11.75
13.666667
14.5
16.0
18.5
18.5
12.0
13.0
17.0
12.5
14.0
15.0
24.0
17.0
18.0
14.0
12.5
18.0
15.333333
12.5
16.25
23.0
14.666667
18.25
20.0
13.0
18.5
19.0
21.0
16.0
12.0
18.5
14.0
13.0
19.0
16.5
20.5
18.0
23.0
17.333333
10.0
12.75
18.0
18.5
11.0
22.0
17.0
10.5
12.0
21.0
9.0
