0.8382512244560676
0.8697102797390962
0.8134178126154864
0.8419065886124348
0.8118156709097933
0.8549108553460703
0.8668922992249692
0.793481484266632
0.9032687167808655
0.7796270582228911
0.8399513591403739
0.8640484533101382
0.8356388528865278
0.8927784304302661
0.8402075794494428
0.9477541098358707
0.8422741954001816
0.9256394632571576
0.9097334014579782
0.8155349052022859
0.8406196019904096
0.820338252000726
0.8752862460259668
0.8388727762487013
0.8831411717025593
0.8509262528103458
0.8624107667874656
0.9270489812132912
0.8775562033254197
0.8699514055130466
0.9379830456029571
0.8577791588978662
0.8588659235247319
0.8543743678902879
0.8505702046372776
0.88666723339433
0.9560271424254505
0.8709104401110738
0.8622867722940573
0.8239899167798491
0.8152280053935241
0.794471257538561
0.8646354861257605
0.9094859204581249
0.8705402791211828
0.8667805278894997
0.8834150573742654
0.9284721489780083
0.8552047210106313
0.8867384173417994
0.8356329667206365
0.8343881122261538
0.8656166411129698
0.8590642315671134
0.8900104296273219
0.7408360128617363
0.7577534791252485
0.9221791306893019
0.8199739371326842
0.8318697196593676
0.8464172504835047
0.9000070430937019
0.858891877748464
0.8225424360944157
0.8301336706031754
0.8357943621855524
0.9386609661776771
0.8378710857236156
0.8517946361019529
0.8738491206732381
0.889794689624899
0.8980585120516744
0.9057130840649423
0.8972944286786845
0.8110724984681593
0.866450705700331
0.8432719183787378
0.8485835204332162
0.8571822643776157
0.8280179888544744
0.9054576332736063
0.8378711007005982
0.8575309380551528
0.8576626773258323
0.8690070177893809
0.932008027490689
0.8921571218056233
0.8279290873775864
0.8140276052134343
0.8287151830050314
0.8328413432641056
0.8510165518042351
0.831007112890156
0.8191083918802057
0.8894144783151594
0.8955036760425902
0.847762968277185
0.8836770358505917
0.8856699406055473
0.8850293086138259
