0.8622754491017964
0.9211466165413534
0.9075703527546571
0.9122314774221832
0.8980687054880603
0.8913723680899254
0.96881714822155
0.9114338848274978
0.9062154696132597
0.8679620034542315
0.9316396922260547
0.8917585848074921
0.8688007380073801
0.8617012246877652
0.9345923460898502
0.9644991212653778
0.9057638049173721
0.934225950619093
0.953799628942486
0.8793642522146952
0.8320008075913587
0.898446251129178
0.9131110040934265
0.886897183221418
0.8437659153069886
0.9102263890089001
0.858594037541406
0.9408811966631508
0.9456427378964941
0.910670482420278
0.9646216331765712
0.8896886674968867
0.8793020263750402
0.8911366245694604
0.9158340389500423
0.9355669050051073
0.9608986305809902
0.9260869565217391
0.9327914149852204
0.9059635210150674
0.9037934863064396
0.8207461139896373
0.874630333755809
0.9519056571526234
0.9254913522012579
0.87918410041841
0.9541324102120294
0.9315650504080653
0.9004757921154449
0.9216500460906729
0.8823220536756126
0.8743089779301478
0.9379589087234759
0.9522952295229523
0.9691728904247018
0.8973309608540925
0.8405172413793104
0.9643916506454271
0.9199070612114091
0.8731214403821422
0.9291134104280787
0.948445143256464
0.8974709331213356
0.9332109129066107
0.8970144011239901
0.8553590192644484
0.9611973507192383
0.9298933816133574
0.9464215877982011
0.890462806820311
0.9097237692136333
0.9223382045929018
0.947358529964502
0.9356260527793374
0.8940820219360992
0.9552391073326248
0.9025136833569836
0.8622992125984252
0.9267713004484305
0.9034189281198327
0.9345809939696402
0.8644358154408406
0.9303741421297321
0.9005838914648806
0.9400218361340549
0.9630496572479519
0.9087884350619551
0.8786494385479157
0.9122835985189632
0.8889121766690522
0.9173424600271711
0.8971495580010824
0.8624930901050304
0.8064516129032258
0.9091712898751734
0.9068879878357831
0.8828524513253577
0.9557152013673753
0.9754796364860316
0.9333071484681854
