0.8504142602416211
0.8630399606517182
0.8432500280505808
0.8480386586183384
0.8234087669818358
0.8732988671738017
0.8847235511138339
0.8059680710649068
0.9115425206091043
0.7800491905695003
0.8585760001276067
0.8652365100606788
0.8401653664835725
0.927421648876025
0.8546076649379952
0.9305769742127336
0.8395552709995692
0.9069648523168249
0.9395972837138151
0.8069711091192097
0.8218955539600931
0.8145099171844178
0.9044676823732063
0.8008568625806135
0.8702574824971504
0.8692843969384046
0.879764495546297
0.947514440805465
0.8607027427002278
0.8907357426399638
0.946032121397497
0.8773484741945018
0.851547847381965
0.8730658586910919
0.8357944245651999
0.9019899907834528
0.9401906022485338
0.847797567712431
0.8357026839908422
0.8453706171688778
0.8603757703659928
0.797451390856819
0.8616254565163033
0.8967201324264272
0.8839279098013716
0.8547448615522065
0.874976270928286
0.9138434104845207
0.8515412974593309
0.903736141267189
0.8128218923178935
0.8818422296789075
0.8471736441996666
0.8616862251999794
0.9128888846937213
0.778246412320616
0.7340640006221203
0.9381330079316657
0.8489515314092986
0.8427243824449938
0.8809890975417651
0.9352311750822776
0.878280000980438
0.8222253076574585
0.8573164266148272
0.8495935334244582
0.9233372180138184
0.8257997274248854
0.8503045824365408
0.8815444371149398
0.8813038032370678
0.9134213421342134
0.9453720043335542
0.9080750826465628
0.8457463141940437
0.8519428960730433
0.8099980098913099
0.8847226117307877
0.876935853421484
0.8341178828816234
0.8872953834668108
0.8422296336230365
0.8555872629525809
0.8601361227329917
0.9006869243177603
0.9176522616076713
0.8754855470376016
0.8320230976000668
0.8757490922173572
0.8206648755922071
0.846087030623832
0.8566005692242191
0.8589758436425234
0.8016654969192903
0.8659500415692912
0.8937811920533194
0.8455976848255734
0.8867647285116904
0.8776407305201088
0.9133399002682435
