8.5
13.8
10.5
11.0
12.5
16.0
13.666667
10.428571
11.5
10.25
12.5
11.5
12.0
15.5
13.0
16.0
16.375
17.5
18.0
17.0
13.666667
11.0
18.0
10.0
17.0
14.5
16.363636
19.0
14.0
15.5
24.0
14.75
13.0
9.0
13.333333
17.0
19.5
15.25
14.4
12.0
14.666667
15.428571
16.0
17.0
12.0
11.666667
13.0
15.0
12.0
14.5
16.0
12.0
14.0
14.0
17.5
11.0
11.0
20.0
10.5
11.5
13.0
14.0
15.5
13.5
13.0
10.5
18.0
14.666667
15.5
17.0
20.142857
16.333333
16.5
16.0
9.0
16.0
11.5
16.375
12.0
14.4
17.166667
10.0
9.0
13.0
18.0
23.5
16.0
9.5
14.5
8.0
12.0
12.666667
12.5
7.0
18.0
18.5
16.0
17.5
14.0
14.5
