0.8987105742498323
0.9192228512609367
0.9138461538461539
0.9585767392458843
0.9272181740248607
0.9133408172429277
0.9625337589000736
0.9157226045526734
0.9376736432672718
0.8794067434912506
0.9280391789296092
0.9275463258785942
0.9112103617686467
0.9391132288806332
0.9017465475223395
0.9775642836959593
0.9262864339690536
0.9406457399103139
0.9812903225806452
0.9384548711429562
0.8234084019055868
0.8986869970351546
0.9354990942892554
0.9099384157995328
0.8776941277694128
0.9118060836501901
0.9181751646743108
0.9720771369846452
0.9300308850497057
0.9316035968527538
0.9915714743247571
0.9060784871320916
0.9110141835069663
0.9025580168776371
0.9083527393062876
0.9274169346195069
0.9673281795041011
0.9004320145520691
0.9312516823687752
0.9023201135657883
0.9078845533698807
0.8571559185663782
0.9047855153203342
0.9671498614367938
0.9331266355671862
0.9221484321511707
0.9619898283534647
0.924981375713931
0.9451662014717077
0.9387916625700521
0.9034201954397394
0.9245996686913308
0.9373604363760334
0.9341991977301634
0.9766599215884659
0.9204729309271935
0.8535367275553828
0.9688174317749101
0.9237017392376958
0.9029431290108431
0.936661394490576
0.9711322385479689
0.9228289891926256
0.9387284782376216
0.900535926955141
0.898995983935743
0.9747907034861927
0.9252644426362897
0.9475736568457539
0.9419062832800852
0.9185918402478912
0.9343318671318065
0.9666666666666667
0.9566585502903165
0.9168331303288673
0.902537410540013
0.8812188641647293
0.9088451557093425
0.9459661962014289
0.8938564927505556
0.961016511867905
0.8967063129002745
0.9228851083663482
0.9132622105369602
0.9571663148017828
0.9688530056206536
0.933292296869504
0.916412213740458
0.9384907202054394
0.908888412936389
0.9233099004100762
0.8960462347455105
0.896385780118499
0.8488141837439558
0.8982181746188873
0.9561669462004903
0.902947219725183
0.9625564919995114
0.9475586056115632
0.9641965082197018
