0.8427422754923809
0.8716480446927374
0.8151560737119218
0.8376525577772007
0.802253915701006
0.850390717499408
0.8499873777216788
0.7767931880502237
0.8985638954336362
0.7805302810779484
0.828516295025729
0.8529542425588628
0.8288903743315508
0.8812861593235425
0.832789794786467
0.943667418627135
0.849762066621346
0.9259992434749716
0.9070299894285874
0.8205675318961725
0.8355934857500783
0.820877082678403
0.8726586459070536
0.8534191975755979
0.8897377710539587
0.8634964200477327
0.8622117790249509
0.9285354484625216
0.892707544789301
0.8674816914717695
0.9311217078254279
0.8585900068446269
0.8734048620517574
0.8532550813770344
0.8571259588500968
0.8749211356466877
0.9612341772151899
0.8745005875440658
0.8547209337124047
0.8183109707971586
0.8117740295472218
0.8001639568247029
0.8547333651161206
0.8972225666460012
0.8539191671769749
0.8642259414225941
0.8870526315789473
0.9063148662476246
0.8492998569600241
0.8806170334200013
0.8261749263670124
0.8140071053215898
0.8686018169731886
0.8650159005492917
0.8888413098236776
0.744101083032491
0.7608474576271187
0.9272439454272472
0.8085897257413337
0.83528861478761
0.8431759844737995
0.887358975857836
0.8657510729613734
0.8222331963055897
0.8278460278460279
0.8409235010337698
0.9339764551994768
0.830035335689046
0.8527354353727292
0.8776751037900093
0.9118574621306184
0.8993360824742268
0.8974551338629009
0.8775091266498175
0.8060178400764575
0.8642857142857143
0.8491300042438817
0.8245270494523731
0.8443149220257654
0.8313598269802649
0.8984354875369346
0.8388506046027825
0.8601250162781612
0.8726848347211709
0.8607515969195869
0.9292228721499344
0.8963610384872621
0.8329695024077046
0.81030498136225
0.8331950347433044
0.8421947726459005
0.8458458458458459
0.8225640015754234
0.8174863183147163
0.8943284757778653
0.8966691871455577
0.8486956521739131
0.8810119089073055
0.883456825306355
0.8722855108579566
