0.8272408824926009
0.8512656115124839
0.8319220884620587
0.8447339684554868
0.80645717919175
0.875660583594351
0.8760072314795645
0.7940027104197119
0.9073269031534806
0.7797321330502702
0.8323612660165027
0.869036844065358
0.8345797670259588
0.918436399887847
0.8420675512434603
0.947104957685695
0.8444753848066224
0.9223576493718953
0.9206144225527144
0.8050054258149757
0.832189410960098
0.8181716873493868
0.883451141324898
0.8136653860547832
0.8780161813676386
0.8619926966823057
0.8740397474274523
0.915846701370703
0.8607306845964566
0.8677009503381362
0.939618651389658
0.8522993275451141
0.8581576858941864
0.8624316622368141
0.8399344131961488
0.8915044325113269
0.950651361428464
0.8591741876936877
0.8461237387750353
0.8288392948459753
0.8305647927515981
0.7909669858793229
0.8674028838052956
0.910760602822893
0.8852370975617161
0.8614086798466081
0.8767056910624546
0.9226627094336947
0.8549268521566643
0.8952766542936618
0.8294480840587918
0.8593429436958111
0.8637789165296405
0.8687549053897302
0.9004398083741885
0.7442761284093652
0.751977422109993
0.9349230212151045
0.8333480920818017
0.834293569571297
0.8764549323050187
0.9234515330989554
0.8697535080346768
0.8181486575047936
0.847893789089506
0.8393727260112099
0.9361233189446565
0.8405374917617279
0.8478382214550398
0.8726915558556892
0.8771109960534164
0.8962621296268721
0.9223730455366956
0.9088406335640742
0.8192931674614207
0.8623648406645578
0.8257343155377939
0.8716839752859209
0.8603038684119976
0.8247696442673477
0.9054818859511603
0.8356734247646127
0.8499056281974215
0.8524711735393804
0.8878389342199462
0.9313798640012839
0.8931631358251344
0.8236181634937496
0.8382592869455332
0.8224114476571482
0.8520903480489247
0.8497043146731103
0.8340740834749583
0.8134418835340343
0.8824269350087715
0.8885307066636818
0.8470036858879907
0.8988328462835601
0.8852319384912807
0.8910389898578823
