0.8648460197559559
0.9333390235575282
0.9293964726271792
0.9092528797502423
0.8922381777667739
0.8878686433923163
0.966509293310804
0.9120768064679131
0.9063545663852648
0.8517167381974249
0.9264521614606641
0.8748152768448325
0.8624269508422138
0.8732462506047411
0.9379735226094585
0.9586324072970073
0.8965917745620716
0.937037037037037
0.937102119726576
0.8968235294117647
0.8475141598489616
0.8945792462570986
0.9021438981360742
0.9119534459151073
0.848893166506256
0.8857485175858988
0.8354636379047297
0.921141368911633
0.9348301947529374
0.8953649766271126
0.9720165975103734
0.9074912016088487
0.8630465731136872
0.8769396088545025
0.9097662939458043
0.9361630218687873
0.9519269462931435
0.9345479015053335
0.9309922519370157
0.9118069047974892
0.8992007104795737
0.8188331627430911
0.8850505379850017
0.9420304365238286
0.9242522505081793
0.8624086870681145
0.9427901284927596
0.9279469489710955
0.889633401221996
0.9200457133691555
0.8773467477772579
0.8443423319931074
0.9416801086679684
0.9448813244361854
0.9573538721249208
0.8865107684465401
0.8389909214233539
0.9551730257320319
0.9195162635529608
0.8710563692853972
0.92104273174496
0.9494403637635537
0.8629662055682017
0.9300676532769556
0.8965785180733236
0.8679153094462541
0.9573053892215568
0.9178872717159544
0.932043458159963
0.874437636761488
0.936854034451496
0.9084617251000849
0.9356922919018783
0.9472877655554622
0.8798764773838088
0.9466155745293694
0.9030392062421732
0.857629099133057
0.9054356316125826
0.9033613445378151
0.9146220815195885
0.8836954537155377
0.9226668809600342
0.8902813299232737
0.9387168551826441
0.9574135350193019
0.8869011793411956
0.8828939301042306
0.9141131053845383
0.8986011108825345
0.91414467056216
0.8919241509773894
0.8639308855291576
0.818159153353007
0.9185017026106697
0.9072957000203791
0.8842333105491
0.9500999600159936
0.9752579535683576
0.9111290463310356
