0.892060691601976
0.959507722007722
0.9262852767446949
0.9617810760667903
0.9594393342093737
0.9517909860263728
0.9371634718931725
0.8644041041831098
0.9247622282608695
0.9014423076923077
0.9105682378058795
0.9531531531531532
0.9061496149614962
0.946048891415577
0.9573878177785361
0.9709186351706037
0.9400736067297581
0.9428317955997161
0.9548427778711955
0.9034540444794332
0.8945319335083115
0.9218498659517427
0.9700715496140087
0.8951569159240604
0.9486878898687889
0.957397871610024
0.9579297948826391
0.9838558727187646
0.9147000983284169
0.9437416777629827
0.9424060011113169
0.9713202779532533
0.9411091353634141
0.8984479761609139
0.9347960444993819
0.9698524625732263
0.9608816217249952
0.8924052105140731
0.9392795883361921
0.923710668404394
0.9392475247524752
0.9303506521274321
0.9367707477403451
0.9675968992248062
0.9473476545374836
0.9329422806194275
0.9424459494660068
0.9455809334657398
0.9626582278481013
0.950294753389664
0.9271523178807947
0.9642570281124498
0.9551628934290447
0.9188396132044014
0.964389384200705
0.9084700899947062
0.8633513646422425
0.9640720330643574
0.9428571428571428
0.948885285772193
0.9576533333333334
0.9653591890700749
0.957710100231303
0.9449783712619898
0.9545093365117203
0.9386126704089816
0.97
0.9416299559471366
0.9681605611847233
0.9469325153374233
0.9683850731864243
0.9317735413056037
0.984695244474213
0.9731705227077978
0.9260540649586444
0.9250428082191781
0.9242677824267782
0.9250710072099628
0.9631003474351114
0.92575
0.9406163753449862
0.920485945688423
0.9223712678494158
0.942512908777969
0.9573409801876955
0.969184161119645
0.936007640878701
0.9388765471278959
0.9722405611718589
0.9118021730985387
0.9323441182772659
0.9562278978388998
0.9415857605177993
0.8874647164485502
0.9613494539781591
0.9660916767189385
0.9149152958507243
0.9557038312526905
0.929302879411128
0.9551022985602425
