8.5
13.0
10.5
11.0
12.5
16.0
12.333333
9.8571429
11.5
10.25
12.5
11.5
12.0
15.5
13.0
16.0
15.25
13.5
18.0
17.0
10.5
11.0
18.0
8.0
16.8
14.5
15.111111
19.0
14.0
15.5
23.166667
14.333333
13.0
9.0
12.0
17.0
19.5
13.333333
13.5
12.0
14.666667
14.0
15.0
16.0
10.0
10.333333
11.0
13.0
10.0
14.0
13.5
12.0
12.0
14.0
17.5
11.0
11.0
20.0
10.5
9.5
12.0
14.0
13.0
13.5
13.0
10.5
17.0
14.666667
15.5
17.0
18.428571
16.0
16.5
16.0
7.0
15.0
9.5
15.875
12.0
14.4
14.333333
8.0
7.0
9.0
18.0
19.0
16.0
9.5
14.5
7.0
11.0
11.333333
10.0
5.0
16.0
15.0
14.0
17.4
12.0
14.5
