0.8341889117043121
0.9082240625718887
0.8521584286639327
0.9232600732600733
0.8993084902036113
0.9010982915464832
0.868898081985709
0.8183574879227054
0.8854757281553398
0.795807370482464
0.8732673267326733
0.892562874251497
0.8547403132728771
0.9133950120675784
0.9055705996131528
0.9269067152841082
0.8910142691862707
0.8956376956376957
0.9194248730132721
0.839154954017005
0.8414918643403254
0.8835979403561468
0.9406700748584992
0.8313226094727435
0.8892994611239415
0.9182272575808064
0.89436735439109
0.9542596348884381
0.8522990803678528
0.88595178719867
0.9067521367521367
0.8966739071409178
0.8945603576751118
0.8929115128449097
0.8543737998719864
0.9123967774420947
0.9070443533358181
0.8406342494714588
0.8714582098399526
0.8705474644674505
0.903954802259887
0.8738755696453339
0.8837596899224807
0.9003388681802779
0.9045208655332303
0.8941785252263906
0.869600725952813
0.8766333938294011
0.928397212543554
0.882452650007958
0.8705787781350482
0.8872503840245776
0.9408757138971988
0.8655135224821636
0.9048015873015873
0.8872930866601753
0.7916826003824092
0.8985623003194888
0.8885383806519453
0.9351735015772871
0.9170054536440257
0.8888928957807429
0.8983048919226394
0.8983333333333333
0.8887441780231154
0.8877967513536027
0.905079006772009
0.8918177797434763
0.9058913813459268
0.8951929092805005
0.897943670987358
0.9140464987544976
0.962878955521133
0.9352815395580898
0.8983333333333333
0.8435676544911556
0.8578680203045685
0.8866214057507987
0.8929474113330615
0.8774692442882249
0.8816326530612245
0.866817864619679
0.875676801332778
0.8969800041228613
0.9290991330569167
0.8815195753151958
0.8855679287305123
0.8710261428771146
0.921974402409185
0.8542613165312551
0.8858104036955212
0.9451204447189623
0.866410417320364
0.840423654015887
0.9300701344243133
0.9408108108108109
0.8410976837865055
0.8802934179222839
0.8581810961080223
0.9388888888888889
