200.9999991
214.9843935
208.75000039999998
207.36724482
173.99999990000003
221.6162111
171.0
168.5
218.0
208.6666667
214.8000002
195.83333349999998
197.4375003
152.0
216.2936747
201.18470200000002
196.0636465
219.00000058
212.93478237000002
189.0
199.5
201.4999991
196.25000038000002
200.5
202.2500004
178.7500003
186.0
200.5
208.43749960000002
217.81803580000005
206.1499996
166.4999993
216.486489300004
175.99999990000003
198.4999994
213.5000012
216.3749996
207.33333333
203.0
228.9999999
188.0000003
200.66666759999998
189.00000016
185.5
191.49999929999998
179.25
210.4562362
199.99999970000002
211.00227130000005
219.5090356
209.33333299999998
171.0
197.7499993
198.29687399999997
184.0
128.0
177.0
209.625
213.19222789999998
174.00000080000004
166.5
212.5
173.50000089999997
194.9999995
187.250000000001
199.90863549999997
196.49999939999998
183.000000299995
199.6875
209.5
209.12397800000002
198.0000003
179.5
223.399971
167.0
203.50000029999998
209.93410260000002
186.33333279999997
225.09652169999998
186.0000002
186.3333339
212.0000002
207.5
210.5000001
201.0
224.83924290000002
218.0930231
196.0000001
186.875
188.2500001
193.5000003
207.63463882599996
208.2192202
191.25
196.0000003
165.0
179.0
188.25000029999998
203.33492133
185.5
