0.901471464315501
0.9306232461970166
0.9202500679532482
0.9536011904761905
0.9428978081411898
0.929273377010125
0.9513817187974491
0.8974219421369235
0.9523054040654437
0.8966465810846215
0.9370122630992196
0.938809946714032
0.9376938835235586
0.9700644183402805
0.9287212675742021
0.9883720930232558
0.9074855140816601
0.9410184265695686
0.9780557103064067
0.929599121361889
0.8752604862409832
0.9092720510095643
0.9592583249243188
0.9156616415410386
0.9167614405632277
0.9337223219628965
0.9441200943003745
0.9856483653996558
0.9270983948045582
0.9400228943246174
0.9818753973299428
0.9444603083952028
0.9386637866825562
0.9114663817195463
0.9274193548387096
0.9731645569620253
0.9744334020118773
0.9033537474482356
0.9631412849975725
0.9144635581711181
0.9349341122130146
0.8917203377701446
0.9355419956927494
0.9663906637110444
0.9437037037037037
0.9353401416570581
0.9670249653259362
0.9199436985708098
0.9521654184304786
0.9551466931874689
0.9152715108137545
0.9521654184304786
0.9399758337361044
0.9430839547750782
0.9767740011926058
0.9257417102966842
0.8686646433990896
0.978343949044586
0.959105560032232
0.9347321921590281
0.9540014101886127
0.9741535298149417
0.959066487575554
0.9412592400466866
0.9402737562516452
0.9149398220826792
0.968609865470852
0.9234400474284867
0.9702166640114704
0.9634671320535195
0.9471162185602775
0.9434707903780069
0.9693934216146946
0.9698822986383568
0.9041306695464363
0.9177392394483911
0.9165036674816626
0.936205860255447
0.9601351351351352
0.8966090179122915
0.9461579347000759
0.9253492564218117
0.9311537343795409
0.9365457498646453
0.9555157894736842
0.9786911970190965
0.9414905450500556
0.9447302383939774
0.976007326007326
0.9175532601678502
0.9213143355626635
0.9291477342502763
0.9395070677781805
0.8799200250901678
0.9269856160100063
0.9684703010577705
0.9116373155640172
0.9821179454660748
0.9490196078431372
0.9520754716981132
