0.8684829808096372
0.9357643204157722
0.9253270665762187
0.8986786912751678
0.8934393878372936
0.8838422587079945
0.9633307271305708
0.9065222681917742
0.8998264290673456
0.8460030485223134
0.9151213741126982
0.8644942170001836
0.8562505215722274
0.8861538461538462
0.935894324853229
0.9616995953344442
0.8832818602961213
0.9377325289089995
0.933804924500068
0.8758157389635317
0.8568587105624142
0.8812340705418071
0.8989279782575872
0.9314693088448526
0.8405947571173541
0.8788949786410897
0.842318333468956
0.9239486717694733
0.9288824383164006
0.8820311423453218
0.9763337670787248
0.920721806418876
0.864000822368421
0.8667483660130719
0.8836064835659613
0.9392777073788868
0.9549653129628186
0.9146881760887969
0.9205014749262537
0.900096140640022
0.9077914901455149
0.8235018344883815
0.9032256762212354
0.9448969193384025
0.9131289019463826
0.8645363654185454
0.9481573498964804
0.9233160621761658
0.8704994797086368
0.9184888715345568
0.8708007363092499
0.8149898148968204
0.9470931229634711
0.9434860298895387
0.946980976013234
0.8809175207418253
0.8147648784180149
0.9562545191612437
0.9063367439975686
0.8676776725535363
0.9226077011056043
0.9509551927752692
0.863317274604267
0.9282590656377064
0.8943364327979713
0.86797583081571
0.9535532994923858
0.9159971305595409
0.9306167400881057
0.8703240700409444
0.9401230838933776
0.8892988084326306
0.9394640122511485
0.933458764502979
0.8856801155338929
0.9343759008359758
0.9114189121001111
0.8631157449380478
0.8815936999466097
0.9040136960243484
0.9014921882308916
0.8687466948704389
0.9164593654474544
0.8902841319528052
0.933994023028918
0.9525123743812809
0.8946217398347643
0.8891763625229638
0.912577519379845
0.9062421449518224
0.9299766924462337
0.899693771789315
0.8428952937619671
0.818864138069436
0.9087948778380077
0.9130434782608695
0.891810737033667
0.9457783132530121
0.9635820737765564
0.9047791580400276
