0.8500433651344319
0.9114359617494905
0.8787274399356247
0.8994283697953422
0.8515384615384616
0.9182988999195063
0.8734158040898763
0.8355794504181601
0.9050592885375494
0.7977468839884947
0.8930596081700709
0.8783447297122952
0.8594937507890418
0.9682580174927113
0.9039506028327285
0.9425962165688193
0.8893203220963559
0.8914754638269843
0.9398074997218204
0.8559714795008913
0.8618310507538267
0.8307846973155092
0.942780779399931
0.8434063662670525
0.8805107363823851
0.8958412497361199
0.8827741499662238
0.9679225258689308
0.8579307521347526
0.8877633917237877
0.9174997147095744
0.9137942332896462
0.9055836431226766
0.8931175269757947
0.8505257366426213
0.9173268473476952
0.9475736568457539
0.8445013325852153
0.8357415301772493
0.8751551104822031
0.8845643520566121
0.839432336543335
0.8488046910239062
0.8940726884019241
0.9070914758422252
0.8458730158730159
0.8952524922372936
0.8793943870014771
0.8622431795217245
0.8994084362139918
0.8353580713779248
0.9055598257750448
0.9183027687882057
0.8964265804437507
0.9312061538461538
0.88796711509716
0.734445989800649
0.9101585842335096
0.8688358404185742
0.9038507249821726
0.8979075665774271
0.9153625230302374
0.8927318810796
0.8648394846036253
0.886416367854883
0.8775943396226416
0.9061417220268334
0.867015396762732
0.887258471016522
0.9292088080911535
0.9186134641105662
0.9162650602409639
0.9709795116474881
0.9388888888888889
0.9050822489565431
0.8898200640867636
0.8652694610778443
0.9090174531351002
0.9137169215829085
0.871550135501355
0.8649229214051048
0.8411039794608473
0.8807924443947692
0.8889436099482886
0.9248407643312102
0.8758979613849639
0.8878642056690838
0.869331158238173
0.9196117973279556
0.8593599298553266
0.8345463953087271
0.9105623851914653
0.9055364642993509
0.830455764075067
0.881636911662416
0.9193855503038487
0.8523541323883053
0.8966090179122915
0.8820564516129032
0.9281031101148781
