0.8387497850869761
0.9220493388284464
0.869172850253311
0.9265272773394992
0.9057956358678684
0.9336128110336758
0.8789340468024094
0.8242477903760917
0.8843342796706641
0.7940003745009651
0.8799186075853297
0.8973298378483348
0.8648182970291013
0.919320692497939
0.9196259593509892
0.9487340935775445
0.8905735910897732
0.900271123640885
0.9276330922362331
0.8401675632853222
0.8483459736862682
0.8799042743232605
0.9468382958376074
0.8398261297465759
0.8937384860822303
0.9251750342165581
0.8961230632036562
0.9527932945654586
0.8639728915344441
0.8989112834998028
0.9172539309217177
0.9032978369384359
0.9302318262756898
0.8964143311181739
0.8563675917766301
0.9252778815184418
0.9277382856261106
0.856050055292112
0.8672312931936457
0.8814610592047466
0.9074752389857302
0.8671029629297593
0.8716535197303997
0.9103514518631628
0.9069758083605548
0.8996312272958549
0.8821265481207952
0.8940689299638747
0.9181098259700098
0.882452650007958
0.875675926786212
0.8927907840951319
0.9393935985855801
0.8709486831457572
0.9022034886284491
0.8920989961715853
0.7818574670538823
0.8969095067765196
0.8940423833689279
0.9283081667281364
0.9173045227152264
0.8865706090619818
0.9059621390894281
0.8899945077120354
0.8807978430385889
0.902491291995199
0.9026059771831183
0.8831895363759771
0.9031961944673276
0.8960665742271097
0.9048445807625586
0.9072194814118043
0.974688551539904
0.9441565740411206
0.9076006416056199
0.8915343965122664
0.887873548403336
0.8931650647292125
0.917090884848061
0.8745703071593154
0.8885917123682405
0.8733536492386953
0.879683997629524
0.9103258151112875
0.9242950844588087
0.8939684808186474
0.8991817016661737
0.8700127009165913
0.9294116131027191
0.8615367519295268
0.8753646942812545
0.933269831066793
0.8918759788000914
0.834084798005805
0.9134890343728959
0.9366591323459513
0.8441986521809094
0.8810263684680283
0.8594373799779744
0.9428518295628007
