0.8437672197391783
0.8660927617709065
0.8137954326149888
0.8502378786818723
0.8198029726927065
0.8591239048811014
0.858259587020649
0.7849586714188216
0.9053569321533923
0.7763658243080626
0.8330670217487794
0.8656473829201102
0.8326142131979696
0.895852534562212
0.8288454830833624
0.9474848005330224
0.8506606691031768
0.9259514222626315
0.907343020238713
0.8043720809548521
0.8322844556324732
0.8218914185639229
0.8833918165298578
0.8497041623667011
0.8781639662510267
0.8531696898408965
0.8592237508019104
0.9356013772595665
0.8796452313565458
0.8703509871513632
0.9361862064316052
0.8589693985226873
0.8669145545606314
0.8538279104601814
0.8475834206194822
0.8853574859338548
0.9499724271041566
0.8669145545606314
0.8646924738062864
0.810423896214831
0.8090712192636005
0.789727637218305
0.8661352087782606
0.9088213047589032
0.8693217440866343
0.8638923970699671
0.8860364020476151
0.9231758165392634
0.8576461295418641
0.8756538231183869
0.8277837116154874
0.8332196345957814
0.8667564197040984
0.8618165456463724
0.8938857990359659
0.7392957123913364
0.7561589261359558
0.9207780013413817
0.8193620178041543
0.8352631578947368
0.8430483072393952
0.898513740886147
0.8515224175991475
0.8124023778995221
0.8293342998671016
0.8383738868242059
0.9366734011966742
0.8293745492689962
0.8492500910083728
0.8810452197296723
0.9074169789378472
0.8933207229928541
0.9254740834386852
0.890377336516625
0.8094599973464243
0.8608858650374895
0.8385054992452017
0.8424378349087844
0.8515370258549706
0.8240664470071389
0.9075094521760115
0.8333424395574375
0.8563058223087772
0.8560918583050413
0.8688482632541134
0.9201953685787404
0.8796672077922078
0.8303907050916961
0.8217173207435822
0.8299742564866879
0.8396679513785947
0.8417348876809221
0.8317559204554831
0.8172558072428221
0.8905094494658997
0.8967268797282693
0.8420395421436004
0.8783024170882519
0.88663776856389
0.8889616427741186
