0.8529696450911964
0.9408667499716006
0.91998533186652
0.8975933609958506
0.9014262494920764
0.8823529411764706
0.9638002160887928
0.8934918431100313
0.9009854528390427
0.859804605722261
0.9189508077691051
0.852007673775319
0.8528343446097582
0.8772727272727273
0.9249393571861735
0.9557652945189902
0.8676465502334428
0.9381047809905525
0.9294698860187496
0.8676740925377785
0.861220702089299
0.8707820876695049
0.8841327224568688
0.9259648957252052
0.8453851914256295
0.8658702019423462
0.8410011871784725
0.926858293665324
0.9375813841331083
0.8852360043907793
0.9744110511074587
0.9249259497746297
0.8608038201352964
0.863312003102579
0.8754106864948988
0.9385708941264497
0.9495384731784823
0.8966002598527502
0.9028156424581005
0.8945633617859488
0.9122913226930839
0.8144071146245059
0.920570095015836
0.9477199465366775
0.9103269213401969
0.8654727517812439
0.9543777867855695
0.9174997147095744
0.8741490166414524
0.9004650465046504
0.8723201174743025
0.8062420110779719
0.9479059388946104
0.9384615384615385
0.9479610846615607
0.8734531526222746
0.8097597059087241
0.96
0.8983960396039604
0.8737150039004941
0.9237896654203815
0.9537632598080485
0.8631121106679114
0.9286139906946371
0.8937320493326576
0.8643283058575938
0.9497783773366737
0.9105622700998424
0.9335319807114912
0.8651660801647927
0.9315044758879584
0.8831623550401427
0.9369565217391305
0.9380179612415315
0.8877008211353088
0.9303835360149673
0.9118795229844052
0.8595227391923279
0.8682500647165415
0.9019032776046094
0.8986776470588236
0.8797656744775174
0.9174753203108591
0.8912220916568743
0.9295413860710937
0.9416333502943955
0.8978420716112532
0.886262039555915
0.9131599266480069
0.9104916502437507
0.9448511576626241
0.9130408532904005
0.8242331872737664
0.8261795511221945
0.9096524337500983
0.9074679052290993
0.8927186654643823
0.9398648018648018
0.9620229007633587
0.8818803073190457
