0.8369769529413227
0.8728795389799993
0.8260398513286347
0.8415995463795808
0.7966795583387726
0.8505315885056394
0.8554112776952858
0.785153881044134
0.9015398079389753
0.7822879364578594
0.8287205671081882
0.848320664080505
0.8301802269163501
0.8848481645881773
0.8363995873258909
0.9482738463174151
0.8415076117551127
0.9285240871249046
0.9048220935758666
0.8252294598520784
0.8452347099145012
0.8221843840408105
0.8688344379651162
0.8581022013841059
0.8829089164822955
0.8612290378162971
0.8606909707784202
0.9254538503797765
0.8940676593039107
0.8704847408647446
0.9337219834598552
0.861460225208863
0.8709717825927542
0.8501383200393086
0.8489450525787295
0.8743288713936755
0.9624314392372918
0.8764575466979196
0.8565271420917067
0.8212394510056358
0.8150144074209137
0.8009270347671307
0.8576070273639317
0.9011016926591836
0.8505370780097288
0.8724531565577922
0.8926895062249657
0.9082602515208992
0.8499097772674313
0.8813701569100868
0.8358550321025993
0.8132846649133944
0.8699701564428884
0.8635816982642055
0.8889861846466793
0.740813679801414
0.7586977251055714
0.9314048291000313
0.8049545854169949
0.8260049789368704
0.8450021406723601
0.890103111132977
0.864213321767485
0.8266340822288001
0.831660117736805
0.8360580768672601
0.9338722867149029
0.833125967871783
0.8559159515174427
0.8771918123590677
0.9020590271557861
0.8979919078396092
0.8912972395043096
0.8781155853911085
0.8021078629122725
0.8693385112604429
0.8493438158145765
0.8328655625160972
0.8500175250370804
0.8317919436840048
0.9017376134415234
0.8415055042905345
0.8584117522281351
0.8707828901801904
0.8644845285330447
0.93382378466279
0.8965628915199859
0.8328806149448787
0.8078243013025169
0.8321657674628119
0.8286479001441004
0.8432300716253279
0.8252203797993547
0.8205949797416423
0.8898576651708006
0.8971546054095428
0.8460575757477092
0.884433870108587
0.890665960701076
0.8794566806409936
