0.8514649983320223
0.8926662284300719
0.8476889566266572
0.8566727930563757
0.8400902385372822
0.8759751966349737
0.8957579473728344
0.8330936464071471
0.9236794944250936
0.7707613168977693
0.883632702382462
0.8790626449915524
0.8467211569773835
0.9626841180754895
0.8719780105248582
0.9433870938237708
0.8336763845954919
0.9064478245022018
0.9537242561828307
0.8481094117608944
0.8409808147525749
0.8372684216142766
0.9388888888888889
0.8135899940899741
0.8853943205862728
0.8955269180437125
0.8943527540697218
0.9727129253225193
0.8502792178009441
0.89400683705079
0.9468423374226637
0.900183201606112
0.8522284392927901
0.8835207102549867
0.830662575488364
0.9077235629607843
0.9475532537878852
0.8453691001273731
0.8468460394319279
0.8389722936803318
0.861634534615434
0.8064121748548407
0.8439982669608378
0.8960655611668568
0.8950800207363475
0.839986099276479
0.9180560625422988
0.8963526169575889
0.857478794667244
0.9089738192290968
0.8094460561440666
0.9026067723418821
0.9003019325398102
0.8742786868754092
0.9340242391130902
0.823045713130613
0.7082775848928783
0.9401970706165126
0.8651431824326274
0.8754416735229343
0.884713206880004
0.940357050538459
0.8813158057915297
0.8375549324750575
0.8651752667102112
0.8604108098583607
0.9048035617088824
0.852375470823005
0.881410165597674
0.9118823927207378
0.9100962706010868
0.9202384251978035
0.9642388025630557
0.9089888496659521
0.8588401485274106
0.8576180267749173
0.833342406651045
0.911551115427324
0.9081255321256838
0.8465525748818943
0.8639911906255188
0.8203030985823182
0.862798051301497
0.8549505572943805
0.9381067800294323
0.9126793836610028
0.8884935334381042
0.8338773175399697
0.8941259209238055
0.825024352802192
0.8320358092151504
0.8567784951558366
0.8627513337862461
0.7842856113825949
0.8567662820882983
0.906382655387265
0.8548200504099178
0.8807159199668921
0.8983185835423723
0.9273675802506115
