356.2831775
305.79999999999995
332.1666673
331.5000005
334.3523074
372.1070483
337.5
265.5
376.9248249
347.1968228
331.5
340.5089531
339.5
282.25
351.68743670000003
330.75
322.6870315
357.882727
370.51726
344.929687
280.8333344
347.7974657
363.7589181
336.936371
331.74350009999995
308.0
318.55555529
354.53727810000004
353.62028359999994
373.4310172
364.21129099999996
296.5
346.84065069999997
314.99999949999903
345.2461064
355.10251730000004
368.780256
357.35332519999804
289.7000001
410.0482764
341.2935825
305.5000002
339.010436
345.122302
312.5
280.75
350.106515
327.00000000000006
341.07930844
353.46919819999994
356.5212756
272.5
306.0
341.04890699999993
326.2535427
274.5
299.0
338.99999979999996
355.50593200000003
316.03989710001696
358.75
386.7448548
340.88185980000003
352.99999999999994
316.5
329.536946
321.50000000000006
352.66666767
353.299356
321.0
340.0956813
326.25000073
326.36937090000004
366.29698614999995
306.5000007
347.32330700000006
344.774097
371.75
395.1103111
280.20000000000005
328.5327009
368.12439550000005
332.5
372.2868485
364.5000006
363.73278500000004
379.0
347.336502
309.5
283.0
325.114372
348.269991
345.93809300000004
332.6293894
347.9534504
300.0
321.75
316.875
340.751769
352.83793219999995
