9.0
13.666667
13.5
15.666667
15.75
12.666667
12.0
11.0
18.0
8.25
17.5
13.333333
11.25
15.0
18.0
14.666667
15.0
13.0
18.0
14.0
10.0
9.5
12.0
11.0
14.0
14.25
16.0
15.0
7.0
13.5
12.0
11.666667
14.5
16.142857
13.222222
16.666667
17.75
10.333333
12.8
15.0
14.5
7.0
14.0
9.0
12.0
10.0
10.5
6.0
12.0
18.0
11.333333
12.5
19.666667
13.0
16.333333
10.4
13.666667
18.5
13.0
11.4
15.0
14.333333
13.5
14.5
15.75
9.0
10.0
15.5
16.0
16.666667
19.0
13.0
14.333333
20.0
13.5
8.0
11.5
13.0
16.0
12.0
13.166667
17.5
16.0
12.0
15.0
14.0
14.0
12.0
14.0
16.5
5.0
12.666667
11.25
6.0
18.25
12.0
14.0
13.5
11.5
11.0
