0.8407161052929522
0.86249530110518
0.8296570782565005
0.8388657844990548
0.8160541283830239
0.8421355932203389
0.8519349751304137
0.7795617238860482
0.8937610035211268
0.770721696499829
0.8250864315727887
0.8388673139158576
0.8282894329098234
0.8897188049209139
0.8331619818440337
0.9426800656917181
0.845851942076059
0.9241024205089914
0.8936589456031863
0.8358858494571481
0.8399696993240618
0.8209152161706906
0.8746243788365975
0.8572838621408561
0.8894798885475459
0.8542200669668629
0.8586687306501548
0.9136949440589152
0.8858174110708361
0.8707818930041152
0.9335398986507113
0.8672337341178477
0.8749947709684166
0.8441749629315823
0.850861017435603
0.866128417037508
0.9596717504550304
0.8573669942392409
0.854006763711219
0.8092
0.8064474758073918
0.8063983217516717
0.8557984057598355
0.8801817967876684
0.8609145931405514
0.8631173829377806
0.8974628004578405
0.9069812931218436
0.8434579439252337
0.87180877279448
0.8292443572129539
0.8083599419448476
0.874157949504354
0.8699420625724218
0.8908859079158806
0.7379339514109765
0.7577732631719176
0.8973022778079874
0.7938129733289431
0.8396525936501462
0.8347407589642659
0.871821383933644
0.8645296732764096
0.8196007973561349
0.8366878718265889
0.8342108692818976
0.9186309688103781
0.8217083406189893
0.8695064952917726
0.8802686366689053
0.9221159665900012
0.8955505279034691
0.9012256669069935
0.875911443991629
0.7642714979804484
0.8639813668642908
0.863042873051225
0.8250864315727887
0.8369727547931383
0.838112234080147
0.9042000875018229
0.849333855799373
0.8610011641443539
0.8923344514846565
0.8637979210908684
0.9329154246303115
0.8837122969837587
0.8346708746618575
0.8142820214553445
0.8382510729613734
0.8348581512148772
0.8570295624267111
0.8208091832894242
0.8250202817316912
0.9023848998852187
0.8944270600506631
0.8501229088426084
0.8817274839415061
0.893918918918919
0.8605590893873452
