0.8283886561392201
0.8527445630366745
0.8311601284378054
0.8481333125923621
0.8096710711273545
0.8698079634727724
0.8727618243243244
0.7873250388802489
0.8994865372573575
0.777831193134155
0.8267592537044813
0.8650775321676014
0.8443244289585753
0.9140845796802476
0.8425981968350041
0.9457632874851418
0.8599616858237548
0.9253975235130929
0.9211776269896632
0.7964800273130761
0.8325337864538054
0.8176011355571328
0.8918889493739793
0.8232134107930287
0.8727712644582579
0.8587384976832213
0.8763579697239537
0.9094611879446798
0.8646333128289249
0.8736044765934216
0.937448740480375
0.8506319260005495
0.8598618090452261
0.8632685233841303
0.8474531275925005
0.8850140865419346
0.9558569441393953
0.8559001142484087
0.8492552095713494
0.823780664617526
0.822253161239599
0.7924167872648336
0.8619003404518725
0.9073583119166779
0.8846370816096277
0.8586636024629261
0.8752367781409773
0.9064802544394381
0.860363321799308
0.8962031936406109
0.8315300469812776
0.8594724220623501
0.8584038417562314
0.8649477420627095
0.9014116233668719
0.7426483403311416
0.753469696969697
0.928007020560212
0.8285173116089612
0.8406252368321334
0.8758054498874311
0.9196463380673907
0.8799756648705024
0.8027591810204745
0.8482259326897991
0.8496836634781954
0.9371294287780187
0.8313259143652032
0.85006105006105
0.8744302708900674
0.8795978159541883
0.888602009611184
0.9284214035672612
0.8995457413249212
0.820514219215943
0.853379371143109
0.8285687607380294
0.86671875
0.8476970717335097
0.8220031265543949
0.904883760538193
0.8335181672260324
0.8508749569410954
0.8592071438235692
0.886580870252123
0.9237075718015666
0.884219754529515
0.8291071010077338
0.8425405325003719
0.8225213237802798
0.8519553294650664
0.8525390763137422
0.8322552138564864
0.8110755625853764
0.8803514149262243
0.8890911944749647
0.8489288506645817
0.8927880254006653
0.8800298603825357
0.8953416149068323
