(50,12,18,1) (95,94,21,1) (29,38,16,1) (5,66,21,1) (40,17,9,1) (80,49,13,1) (24,26,19,1) (13,74,7,1) (69,58,1,1) (72,54,14,1) (90,35,8,1) (63,21,4,1) (88,69,2,1) (38,97,15,1) (13,65,10,1) (28,23,17,1) (93,62,12,1) (61,2,4,1) (97,43,13,1) (2,91,2,1) 
(79,43,6,1) (78,0,12,1) (93,36,8,1) (7,10,4,1) (18,84,12,1) (69,0,15,1) (57,6,10,1) (53,88,10,1) (61,57,14,1) (79,61,8,1) (54,47,8,1) (75,45,17,1) (32,7,6,1) (14,16,3,1) (12,81,5,1) (27,46,6,1) (82,95,11,1) (16,27,9,1) (39,1,4,1) (82,41,14,1) 
(48,83,13,1) (56,60,8,1) (92,72,15,1) (89,64,5,1) (18,68,7,1) (92,87,7,1) (7,65,11,1) (98,59,8,1) (79,29,17,1) (34,80,2,1) (20,71,17,1) (85,79,6,1) (77,81,8,1) (70,35,20,1) (49,85,4,1) (68,1,12,1) (64,73,4,1) (59,5,6,1) (69,43,7,1) (96,15,13,1) 
(24,76,1,1) (16,44,8,1) (4,83,13,1) (37,63,2,1) (39,65,8,1) (10,19,15,1) (0,89,14,1) (83,44,14,1) (96,8,16,1) (83,79,11,1) (83,5,14,1) (87,23,7,1) (71,38,4,1) (29,18,9,1) (99,1,8,1) (63,88,6,1) (66,63,15,1) (53,64,7,1) (68,90,16,1) (9,83,10,1) 
(41,6,18,1) (76,79,11,1) (74,53,8,1) (12,47,6,1) (95,97,10,1) (70,3,7,1) (53,93,9,1) (54,93,12,1) (64,8,7,1) (64,83,6,1) (13,52,7,1) (61,29,15,1) (90,66,9,1) (10,41,10,1) (40,31,10,1) (42,58,11,1) (76,58,15,1) (42,24,13,1) (95,31,15,1) (13,43,13,1) 
(40,64,10,1) (24,45,6,1) (60,18,9,1) (82,5,9,1) (43,77,13,1) (87,5,6,1) (95,7,11,1) (87,98,6,1) (86,2,13,1) (92,2,12,1) (89,41,13,1) (44,87,7,1) (94,54,18,1) (65,63,5,1) (80,76,7,1) (23,37,14,1) (25,24,16,1) (96,76,14,1) (13,33,11,1) (34,29,8,1) 
(15,4,14,1) (23,48,7,1) (75,29,14,1) (38,50,17,1) (99,47,17,1) (12,84,4,1) (91,3,12,1) (14,54,3,1) (61,32,14,1) (36,62,4,1) (84,38,14,1) (50,98,3,1) (1,88,15,1) (7,69,7,1) (26,99,13,1) (83,0,16,1) (6,56,9,1) (81,99,9,1) (86,50,12,1) (62,93,4,1) 
(40,30,21,1) (80,78,13,1) (97,67,14,1) (11,46,14,1) (81,82,11,1) (72,19,7,1) (82,10,5,1) (61,14,3,1) (27,15,5,1) (23,82,11,1) (27,6,21,1) (58,40,15,1) (16,51,9,1) (88,10,5,1) (89,59,4,1) (26,35,16,1) (51,88,12,1) (78,41,5,1) (23,9,3,1) (1,51,15,1) 
(57,45,22,1) (41,62,17,1) (40,49,6,1) (36,60,13,1) (86,1,3,1) (83,9,13,1) (78,66,3,1) (41,49,4,1) (99,89,11,1) (13,23,6,1) (27,5,11,1) (25,19,9,1) (38,10,12,1) (69,47,11,1) (30,32,13,1) (5,28,15,1) (63,64,21,1) (51,40,18,1) (24,20,10,1) (43,2,8,1) 
(51,41,11,1) (4,98,11,1) (68,92,11,1) (58,79,27,1) (14,35,4,1) (63,48,16,1) (75,80,12,1) (21,43,13,1) (16,96,6,1) (83,82,3,1) (25,95,11,1) (41,48,9,1) (42,34,16,1) (44,72,5,1) (45,46,15,1) (21,1,7,1) (83,69,9,1) (68,84,3,1) (67,50,16,1) (14,68,1,1) 
(11,68,21,1) (14,41,8,1) (13,63,9,1) (72,4,7,1) (63,38,16,1) (47,81,12,1) (83,2,20,1) (60,78,13,1) (5,89,16,1) (94,77,6,1) (38,19,14,1) (20,78,2,1) (14,82,17,1) (4,87,6,1) (66,78,9,1) (70,46,16,1) (36,72,10,1) (46,50,3,1) (35,64,19,1) (65,32,12,1) 
(14,45,7,1) (9,6,8,1) (53,46,5,1) (89,87,20,1) (2,15,10,1) (27,90,16,1) (91,63,8,1) (82,5,4,1) (94,84,10,1) (11,83,7,1) (1,24,12,1) (52,34,11,1) (7,22,11,1) (23,88,12,1) (16,37,10,1) (20,82,3,1) (83,36,9,1) (63,9,9,1) (91,71,9,1) (38,97,4,1) 
(85,13,12,1) (48,14,9,1) (68,50,10,1) (43,1,9,1) (44,67,18,1) (55,60,24,1) (82,47,7,1) (14,40,2,1) (19,64,1,1) (91,9,11,1) (11,19,5,1) (15,96,9,1) (59,72,9,1) (80,71,4,1) (35,78,11,1) (84,37,15,1) (44,97,9,1) (92,78,7,1) (87,21,10,1) (24,91,20,1) 
(49,18,10,1) (31,97,3,1) (80,68,7,1) (88,16,4,1) (98,51,13,1) (95,41,12,1) (6,63,9,1) (1,8,11,1) (65,91,13,1) (96,79,10,1) (4,72,4,1) (79,47,8,1) (20,16,6,1) (63,28,2,1) (78,97,15,1) (62,82,4,1) (79,73,4,1) (6,55,15,1) (75,73,13,1) (68,20,14,1) 
(25,48,11,1) (33,75,22,1) (47,1,15,1) (20,71,15,1) (49,38,9,1) (96,57,11,1) (79,98,14,1) (82,76,10,1) (4,93,9,1) (11,73,5,1) (97,21,15,1) (43,88,12,1) (21,13,13,1) (16,51,12,1) (14,2,12,1) (92,85,7,1) (23,42,12,1) (24,9,3,1) (60,31,6,1) (54,74,20,1) 
(53,85,10,1) (77,49,11,1) (84,81,6,1) (89,3,11,1) (37,2,4,1) (63,67,7,1) (7,64,7,1) (83,22,12,1) (11,20,12,1) (61,5,6,1) (90,7,8,1) (7,22,9,1) (2,95,11,1) (90,35,16,1) (69,7,3,1) (30,71,9,1) (6,19,14,1) (96,85,12,1) (0,50,11,1) (20,98,2,1) 
(62,41,11,1) (20,21,10,1) (32,72,1,1) (99,89,15,1) (63,4,14,1) (8,48,4,1) (34,8,16,1) (60,63,11,1) (20,29,8,1) (35,71,4,1) (31,46,13,1) (75,29,9,1) (8,15,12,1) (97,83,15,1) (70,9,19,1) (61,79,10,1) (65,73,12,1) (65,72,11,1) (21,38,11,1) (88,54,8,1) 
(92,34,10,1) (68,87,15,1) (52,22,14,1) (28,73,6,1) (23,46,10,1) (58,22,11,1) (4,90,17,1) (74,83,8,1) (52,61,17,1) (90,97,9,1) (98,21,16,1) (36,99,6,1) (46,43,9,1) (77,52,8,1) (7,75,4,1) (19,14,20,1) (44,91,19,1) (4,28,11,1) (36,75,7,1) (78,58,9,1) 
(90,12,7,1) (13,48,12,1) (84,1,9,1) (89,13,17,1) (23,18,3,1) (29,72,6,1) (84,78,18,1) (77,36,25,1) (65,11,13,1) (36,46,15,1) (62,50,14,1) (93,89,9,1) (97,31,16,1) (36,37,4,1) (74,65,7,1) (4,72,12,1) (54,19,9,1) (9,4,19,1) (16,96,16,1) (81,9,9,1) 
(4,27,8,1) (31,71,2,1) (79,38,10,1) (78,67,4,1) (16,97,9,1) (28,73,20,1) (24,45,13,1) (56,0,24,1) (72,40,4,1) (67,74,12,1) (91,48,22,1) (15,97,10,1) (2,69,11,1) (43,16,2,1) (18,44,12,1) (56,84,7,1) (70,72,7,1) (63,42,15,1) (95,5,4,1) (79,8,16,1) 
(63,89,9,1) (17,72,18,1) (5,36,8,1) (99,3,14,1) (72,81,4,1) (64,72,17,1) (96,0,9,1) (75,87,4,1) (28,69,12,1) (34,26,4,1) (1,24,16,1) (40,92,5,1) (19,75,12,1) (98,62,6,1) (22,88,4,1) (12,14,15,1) (46,65,14,1) (92,20,8,1) (61,75,1,1) (27,19,9,1) 
(89,59,1,1) (7,56,18,1) (76,59,5,1) (74,55,9,1) (82,84,6,1) (20,44,9,1) (82,62,4,1) (20,46,13,1) (99,24,15,1) (26,94,9,1) (38,9,12,1) (32,93,11,1) (66,17,15,1) (81,42,9,1) (70,21,10,1) (99,96,13,1) (47,41,8,1) (18,31,9,1) (57,13,13,1) (97,85,13,1) 
(79,66,7,1) (80,95,11,1) (61,71,17,1) (43,16,9,1) (7,90,7,1) (51,43,6,1) (3,64,10,1) (71,47,12,1) (36,70,13,1) (49,77,13,1) (68,44,11,1) (89,32,9,1) (28,13,12,1) (53,86,8,1) (11,3,17,1) (14,79,7,1) (76,44,12,1) (46,51,16,1) (90,41,6,1) (91,41,18,1) 
(97,39,12,1) (20,91,16,1) (31,75,16,1) (85,61,2,1) (84,44,15,1) (10,76,7,1) (80,90,13,1) (28,29,16,1) (31,92,3,1) (14,32,11,1) (98,20,11,1) (56,22,7,1) (88,69,25,1) (72,31,7,1) (52,14,11,1) (42,47,4,1) (38,90,14,1) (5,12,9,1) (44,43,5,1) (99,7,6,1) 
(84,25,5,1) (72,43,24,1) (12,14,12,1) (39,90,5,1) (87,49,6,1) (38,35,9,1) (26,35,14,1) (28,4,16,1) (98,82,6,1) (20,32,11,1) (17,75,13,1) (44,33,8,1) (10,68,6,1) (43,12,11,1) (44,86,11,1) (58,43,8,1) (61,5,10,1) (19,98,14,1) (34,92,6,1) (75,44,9,1) 
(66,19,25,1) (93,13,9,1) (7,17,15,1) (57,36,2,1) (20,96,8,1) (68,25,12,1) (64,91,15,1) (25,93,9,1) (29,97,14,1) (82,51,16,1) (15,14,17,1) (22,75,14,1) (96,59,17,1) (61,15,8,1) (64,95,9,1) (73,77,15,1) (89,17,16,1) (62,4,13,1) (64,62,8,1) (19,27,7,1) 
(49,11,16,1) (47,73,11,1) (27,71,10,1) (79,8,1,1) (87,82,11,1) (5,61,2,1) (88,44,17,1) (69,78,7,1) (97,21,16,1) (99,24,13,1) (67,86,13,1) (79,46,5,1) (36,35,7,1) (76,5,14,1) (23,28,15,1) (29,56,11,1) (93,3,10,1) (81,88,13,1) (23,44,13,1) (56,71,9,1) 
(0,15,15,1) (28,78,9,1) (98,44,16,1) (9,66,12,1) (25,28,7,1) (92,72,11,1) (39,21,7,1) (70,78,9,1) (48,93,10,1) (82,12,4,1) (20,36,10,1) (2,18,6,1) (99,56,8,1) (84,29,9,1) (9,38,13,1) (9,7,5,1) (72,74,16,1) (30,81,4,1) (85,6,5,1) (76,58,14,1) 
(1,33,8,1) (61,43,9,1) (13,21,13,1) (39,34,12,1) (7,28,17,1) (78,88,10,1) (85,66,9,1) (82,74,18,1) (47,42,10,1) (58,86,6,1) (95,86,1,1) (81,86,19,1) (61,12,20,1) (43,5,12,1) (90,41,5,1) (4,37,2,1) (22,63,12,1) (55,51,6,1) (65,80,10,1) (82,90,18,1) 
(59,61,23,1) (45,47,10,1) (63,80,11,1) (56,91,10,1) (15,3,12,1) (25,78,6,1) (51,77,8,1) (4,92,18,1) (32,77,3,1) (77,71,9,1) (84,46,1,1) (28,45,12,1) (70,67,9,1) (37,57,14,1) (90,21,12,1) (73,7,10,1) (95,86,9,1) (5,77,10,1) (73,19,11,1) (55,38,15,1) 
(49,36,13,1) (44,81,9,1) (77,48,14,1) (93,26,16,1) (90,15,14,1) (92,68,14,1) (18,88,19,1) (36,84,11,1) (51,75,8,1) (65,79,18,1) (32,16,12,1) (9,47,5,1) (86,2,6,1) (12,13,15,1) (62,96,2,1) (61,2,3,1) (84,35,7,1) (32,63,15,1) (3,90,12,1) (0,3,11,1) 
(23,7,7,1) (93,87,7,1) (98,82,14,1) (12,87,4,1) (69,19,7,1) (50,12,10,1) (89,99,15,1) (94,2,8,1) (73,23,2,1) (86,98,5,1) (98,52,14,1) (38,91,13,1) (14,64,11,1) (98,33,12,1) (71,16,12,1) (87,3,5,1) (92,18,2,1) (35,16,9,1) (21,18,4,1) (2,91,11,1) 
(17,35,12,1) (19,11,2,1) (76,38,8,1) (30,85,5,1) (36,70,8,1) (79,26,15,1) (54,47,5,1) (25,68,17,1) (46,43,3,1) (85,89,10,1) (89,73,6,1) (73,67,5,1) (24,25,9,1) (48,0,6,1) (69,65,10,1) (74,91,17,1) (86,21,19,1) (26,2,17,1) (10,28,7,1) (2,18,5,1) 
(75,26,20,1) (60,51,10,1) (85,43,9,1) (23,93,20,1) (19,13,5,1) (86,24,2,1) (33,92,1,1) (64,42,10,1) (82,47,11,1) (24,7,6,1) (13,17,12,1) (56,36,10,1) (64,74,10,1) (33,80,5,1) (4,6,4,1) (94,86,8,1) (88,35,7,1) (44,72,12,1) (80,25,11,1) (57,2,14,1) 
(0,86,5,1) (39,48,7,1) (64,78,10,1) (59,96,9,1) (75,37,10,1) (79,60,10,1) (12,57,5,1) (15,10,1,1) (77,20,6,1) (3,37,7,1) (90,28,11,1) (77,11,14,1) (8,49,8,1) (16,52,11,1) (25,57,10,1) (24,66,12,1) (50,5,12,1) (46,64,13,1) (83,76,14,1) (17,67,3,1) 
(66,93,18,1) (69,54,11,1) (11,18,11,1) (15,24,13,1) (72,61,2,1) (32,38,3,1) (74,45,16,1) (49,17,14,1) (68,98,9,1) (22,37,13,1) (83,38,10,1) (70,1,14,1) (32,61,12,1) (87,5,3,1) (12,80,14,1) (20,29,9,1) (52,97,9,1) (3,75,4,1) (34,12,10,1) (43,49,7,1) 
(28,79,9,1) (30,61,2,1) (96,40,15,1) (80,41,7,1) (65,2,10,1) (92,90,10,1) (15,64,12,1) (77,79,4,1) (83,23,9,1) (83,92,15,1) (59,98,19,1) (76,69,9,1) (80,24,12,1) (53,50,8,1) (23,94,13,1) (81,91,19,1) (2,27,11,1) (38,63,18,1) (21,25,6,1) (1,36,9,1) 
(79,48,3,1) (94,41,9,1) (32,41,6,1) (41,44,1,1) (25,88,14,1) (75,70,8,1) (86,37,6,1) (86,58,5,1) (29,75,9,1) (46,83,10,1) (13,76,9,1) (11,7,7,1) (94,55,12,1) (37,96,10,1) (73,70,18,1) (84,81,15,1) (20,85,11,1) (74,43,13,1) (22,91,12,1) (63,22,3,1) 
(46,40,13,1) (49,6,9,1) (88,32,7,1) (96,57,17,1) (30,83,14,1) (14,81,12,1) (48,57,11,1) (0,46,5,1) (47,7,5,1) (84,34,4,1) (14,60,6,1) (10,42,10,1) (61,39,7,1) (98,27,14,1) (39,43,16,1) (83,42,13,1) (15,9,3,1) (88,1,7,1) (19,68,18,1) (70,4,10,1) 
(1,96,16,1) (11,33,15,1) (62,60,5,1) (91,47,7,1) (45,81,8,1) (78,49,5,1) (89,56,2,1) (47,77,9,1) (7,71,21,1) (54,95,13,1) (93,18,11,1) (57,16,16,1) (50,42,10,1) (10,1,10,1) (34,85,8,1) (44,61,9,1) (52,39,1,1) (59,66,13,1) (86,12,14,1) (31,74,15,1) 
(78,54,13,1) (2,49,12,1) (3,86,8,1) (4,80,10,1) (62,58,5,1) (52,21,9,1) (59,14,14,1) (11,74,11,1) (65,0,9,1) (2,93,5,1) (51,7,12,1) (69,22,15,1) (97,2,14,1) (3,39,21,1) (9,28,14,1) (49,62,11,1) (10,55,16,1) (36,82,9,1) (59,75,2,1) (23,49,8,1) 
(48,10,15,1) (73,57,9,1) (63,10,4,1) (17,20,7,1) (40,92,4,1) (92,70,10,1) (35,32,13,1) (34,69,3,1) (92,55,6,1) (98,32,14,1) (47,60,15,1) (28,95,19,1) (18,94,9,1) (71,8,8,1) (10,0,14,1) (87,0,15,1) (68,94,7,1) (37,0,8,1) (49,54,5,1) (58,67,15,1) 
(62,13,20,1) (24,73,6,1) (8,41,13,1) (78,35,8,1) (32,0,16,1) (96,39,12,1) (43,96,11,1) (84,13,8,1) (52,86,5,1) (14,80,4,1) (69,18,12,1) (96,83,9,1) (57,91,7,1) (59,76,8,1) (13,58,12,1) (30,69,11,1) (20,95,17,1) (66,99,14,1) (13,56,5,1) (23,48,13,1) 
(3,51,2,1) (49,98,14,1) (59,65,20,1) (57,96,18,1) (68,55,8,1) (49,70,15,1) (24,59,7,1) (33,22,18,1) (96,77,7,1) (98,54,11,1) (56,76,8,1) (17,19,11,1) (41,43,13,1) (1,56,10,1) (15,45,16,1) (29,42,14,1) (2,72,4,1) (95,17,19,1) (96,63,16,1) (92,68,3,1) 
(33,44,10,1) (63,85,11,1) (66,46,11,1) (26,71,13,1) (41,70,9,1) (39,87,12,1) (42,31,6,1) (28,11,5,1) (30,47,14,1) (43,82,3,1) (60,96,2,1) (51,67,11,1) (66,77,4,1) (3,19,15,1) (89,23,10,1) (78,10,11,1) (44,73,19,1) (39,56,9,1) (89,83,11,1) (80,39,14,1) 
(58,19,11,1) (93,8,4,1) (90,13,18,1) (23,53,7,1) (7,30,9,1) (42,54,15,1) (72,11,13,1) (62,72,13,1) (74,15,13,1) (1,13,9,1) (67,40,12,1) (26,99,6,1) (58,43,15,1) (26,24,4,1) (38,26,12,1) (21,92,2,1) (31,69,1,1) (29,33,9,1) (95,33,8,1) (43,21,10,1) 
(42,22,7,1) (7,0,9,1) (33,1,8,1) (58,69,14,1) (7,41,9,1) (52,13,8,1) (90,43,5,1) (17,43,14,1) (8,86,9,1) (74,0,2,1) (43,52,11,1) (46,77,15,1) (65,45,4,1) (57,22,20,1) (34,7,2,1) (69,48,11,1) (12,99,2,1) (61,30,6,1) (26,54,6,1) (31,60,10,1) 
(94,68,5,1) (62,32,14,1) (4,43,19,1) (30,81,15,1) (2,23,14,1) (43,69,8,1) (71,1,6,1) (22,65,3,1) (16,75,12,1) (45,85,6,1) (49,57,10,1) (55,70,5,1) (98,52,12,1) (11,64,8,1) (34,56,11,1) (86,2,13,1) (51,8,7,1) (23,81,4,1) (74,78,7,1) (96,74,12,1) 
(26,32,17,1) (25,15,17,1) (72,83,9,1) (30,54,1,1) (65,73,5,1) (75,14,11,1) (70,81,8,1) (86,95,16,1) (35,32,6,1) (42,70,6,1) (1,20,8,1) (94,78,6,1) (13,52,10,1) (20,78,13,1) (2,59,9,1) (27,26,8,1) (52,62,10,1) (36,96,2,1) (63,35,9,1) (35,79,6,1) 
(1,48,15,1) (5,70,16,1) (7,49,13,1) (61,43,4,1) (78,39,9,1) (60,47,2,1) (67,85,8,1) (10,68,6,1) (11,84,4,1) (7,26,14,1) (29,88,14,1) (32,27,14,1) (60,40,10,1) (39,65,18,1) (25,81,11,1) (90,80,11,1) (53,3,6,1) (1,66,7,1) (84,2,14,1) (55,70,17,1) 
(14,96,9,1) (9,5,12,1) (23,39,7,1) (23,74,5,1) (35,72,14,1) (88,42,10,1) (47,29,9,1) (8,74,8,1) (1,25,13,1) (92,27,14,1) (36,34,4,1) (48,23,17,1) (74,18,6,1) (97,30,11,1) (82,28,11,1) (78,38,15,1) (37,2,7,1) (35,43,10,1) (8,67,3,1) (1,69,8,1) 
(4,17,11,1) (15,57,14,1) (33,82,21,1) (59,26,10,1) (98,89,15,1) (62,93,14,1) (80,7,7,1) (4,77,18,1) (4,13,2,1) (88,69,5,1) (0,18,4,1) (10,90,14,1) (55,58,13,1) (26,3,12,1) (94,56,13,1) (19,18,10,1) (49,92,11,1) (23,39,5,1) (69,87,5,1) (15,17,2,1) 
(39,92,10,1) (8,53,18,1) (79,12,19,1) (65,82,9,1) (84,43,9,1) (33,32,17,1) (42,72,8,1) (80,57,20,1) (92,1,14,1) (44,56,20,1) (12,94,13,1) (10,81,10,1) (94,6,13,1) (19,25,15,1) (45,53,13,1) (71,52,13,1) (67,53,11,1) (53,20,15,1) (83,42,14,1) (74,47,13,1) 
(5,72,3,1) (4,72,12,1) (13,0,3,1) (1,46,9,1) (4,80,21,1) (74,12,6,1) (96,19,16,1) (31,48,13,1) (8,83,21,1) (25,4,4,1) (39,58,1,1) (81,46,15,1) (12,36,26,1) (65,78,10,1) (73,74,14,1) (28,31,14,1) (59,96,9,1) (65,13,10,1) (73,26,20,1) (33,27,14,1) 
(2,4,12,1) (71,54,8,1) (98,41,6,1) (23,86,7,1) (95,69,11,1) (32,59,14,1) (26,45,11,1) (68,79,11,1) (20,9,16,1) (27,26,9,1) (84,41,15,1) (19,54,7,1) (0,46,13,1) (77,65,9,1) (22,9,8,1) (41,8,13,1) (50,48,12,1) (66,75,7,1) (41,82,19,1) (69,74,10,1) 
(14,49,16,1) (14,29,4,1) (27,44,4,1) (2,14,15,1) (73,50,6,1) (30,89,12,1) (41,67,5,1) (38,41,7,1) (82,80,13,1) (62,82,11,1) (10,38,17,1) (14,22,10,1) (71,38,10,1) (96,16,21,1) (54,3,7,1) (93,16,10,1) (48,15,14,1) (89,31,1,1) (12,88,7,1) (44,87,9,1) 
(93,66,9,1) (91,25,9,1) (98,64,1,1) (21,47,3,1) (98,0,7,1) (89,63,2,1) (33,20,15,1) (66,7,9,1) (24,66,6,1) (59,67,16,1) (2,83,15,1) (32,76,9,1) (68,85,6,1) (16,91,8,1) (91,23,12,1) (10,47,3,1) (65,93,18,1) (10,60,11,1) (76,43,9,1) (0,5,14,1) 
(99,36,19,1) (95,22,4,1) (12,40,13,1) (64,48,8,1) (70,56,11,1) (86,1,1,1) (34,33,5,1) (71,56,20,1) (13,56,14,1) (29,18,12,1) (48,29,16,1) (48,15,12,1) (38,37,6,1) (11,0,13,1) (26,60,8,1) (49,65,12,1) (87,20,13,1) (56,11,9,1) (30,17,9,1) (44,8,12,1) 
(74,52,8,1) (97,79,24,1) (71,40,9,1) (87,33,1,1) (3,21,11,1) (56,70,10,1) (65,81,10,1) (85,44,8,1) (52,97,11,1) (41,55,12,1) (24,89,13,1) (6,32,4,1) (2,66,8,1) (32,75,9,1) (59,70,1,1) (15,22,5,1) (5,1,8,1) (30,12,3,1) (31,81,7,1) (12,95,7,1) 
(23,91,7,1) (19,91,16,1) (80,67,12,1) (65,68,8,1) (65,98,18,1) (40,36,6,1) (78,85,10,1) (63,66,12,1) (91,4,4,1) (16,76,13,1) (26,41,13,1) (13,70,10,1) (58,98,11,1) (97,0,10,1) (56,4,14,1) (87,9,6,1) (54,56,16,1) (6,0,11,1) (33,40,10,1) (95,86,10,1) 
(0,98,8,1) (3,87,9,1) (27,74,8,1) (59,4,15,1) (39,65,7,1) (29,42,8,1) (29,54,10,1) (7,96,5,1) (22,93,9,1) (71,76,10,1) (95,99,18,1) (31,85,9,1) (1,36,6,1) (90,85,14,1) (3,44,3,1) (80,86,10,1) (27,10,13,1) (42,61,12,1) (65,16,4,1) (91,30,13,1) 
(67,1,14,1) (56,22,8,1) (81,89,4,1) (11,45,11,1) (18,65,8,1) (46,72,12,1) (40,61,14,1) (84,15,14,1) (6,3,7,1) (15,92,9,1) (30,77,12,1) (33,43,7,1) (81,92,16,1) (41,79,6,1) (70,35,15,1) (4,75,3,1) (7,33,16,1) (13,54,11,1) (66,96,7,1) (61,13,9,1) 
(52,84,8,1) (85,13,13,1) (73,91,5,1) (5,62,15,1) (49,75,9,1) (17,82,11,1) (53,33,9,1) (29,22,3,1) (47,25,7,1) (53,50,16,1) (21,94,5,1) (89,79,11,1) (11,55,14,1) (29,94,11,1) (85,46,15,1) (21,34,14,1) (35,72,8,1) (23,22,3,1) (92,88,5,1) (41,52,8,1) 
(43,73,13,1) (70,93,13,1) (80,54,5,1) (50,37,3,1) (82,99,10,1) (30,7,8,1) (40,6,8,1) (90,41,12,1) (80,12,9,1) (62,24,14,1) (67,89,7,1) (46,4,13,1) (26,52,17,1) (53,51,11,1) (39,45,17,1) (47,77,17,1) (0,61,17,1) (82,89,10,1) (15,13,9,1) (8,9,6,1) 
(52,12,10,1) (1,19,11,1) (26,72,16,1) (78,6,13,1) (76,42,11,1) (45,10,3,1) (18,0,16,1) (70,0,7,1) (98,49,4,1) (94,43,12,1) (73,12,14,1) (39,65,12,1) (69,19,12,1) (97,20,10,1) (41,70,16,1) (61,22,10,1) (74,49,9,1) (25,61,15,1) (53,56,9,1) (79,94,15,1) 
(80,46,10,1) (42,25,12,1) (95,62,9,1) (70,55,8,1) (82,87,14,1) (53,61,13,1) (11,5,14,1) (51,66,9,1) (45,42,12,1) (65,4,10,1) (70,25,3,1) (26,71,10,1) (76,98,12,1) (30,29,11,1) (25,52,16,1) (94,10,8,1) (49,0,15,1) (36,96,10,1) (63,91,11,1) (91,44,6,1) 
(0,9,3,1) (59,1,7,1) (41,83,3,1) (58,81,7,1) (16,81,9,1) (34,19,7,1) (45,11,10,1) (29,26,13,1) (86,85,6,1) (68,53,19,1) (27,59,15,1) (16,71,15,1) (48,10,12,1) (47,45,10,1) (70,1,16,1) (62,55,9,1) (72,61,11,1) (28,40,11,1) (51,60,7,1) (39,70,10,1) 
(3,35,2,1) (80,92,8,1) (45,18,12,1) (11,29,11,1) (31,80,9,1) (24,17,10,1) (85,1,4,1) (20,5,6,1) (62,94,14,1) (28,80,7,1) (42,65,13,1) (29,94,9,1) (15,99,9,1) (79,2,15,1) (50,82,14,1) (2,13,9,1) (54,31,10,1) (53,90,11,1) (97,1,17,1) (79,62,15,1) 
(58,48,14,1) (20,35,4,1) (37,35,3,1) (79,70,11,1) (2,91,12,1) (61,76,12,1) (7,18,15,1) (11,2,2,1) (97,80,9,1) (59,34,13,1) (9,58,4,1) (23,77,13,1) (79,5,9,1) (96,37,14,1) (4,92,6,1) (93,41,11,1) (93,1,16,1) (19,28,6,1) (34,66,8,1) (45,44,6,1) 
(28,90,20,1) (27,41,11,1) (99,27,6,1) (69,73,14,1) (89,26,11,1) (8,20,8,1) (61,65,9,1) (38,65,1,1) (91,33,12,1) (30,32,8,1) (60,33,16,1) (20,4,7,1) (23,54,5,1) (95,86,8,1) (77,20,6,1) (68,26,5,1) (71,3,14,1) (47,82,12,1) (66,47,11,1) (78,64,16,1) 
(6,38,12,1) (25,44,23,1) (38,68,18,1) (88,13,6,1) (92,87,7,1) (93,44,15,1) (49,38,8,1) (97,76,16,1) (24,73,11,1) (53,68,11,1) (29,45,15,1) (76,85,16,1) (84,85,4,1) (45,41,12,1) (68,64,9,1) (0,30,15,1) (54,57,9,1) (43,22,12,1) (46,13,13,1) (79,61,15,1) 
(53,23,1,1) (96,58,16,1) (58,27,6,1) (33,58,2,1) (21,20,8,1) (20,7,7,1) (75,94,1,1) (92,80,9,1) (49,79,5,1) (25,10,8,1) (18,63,10,1) (66,29,3,1) (76,36,14,1) (55,36,12,1) (84,47,14,1) (93,87,13,1) (43,85,13,1) (31,36,9,1) (83,21,3,1) (98,69,8,1) 
(65,67,11,1) (11,90,12,1) (69,93,13,1) (99,92,8,1) (18,38,18,1) (65,20,15,1) (37,10,14,1) (18,34,11,1) (16,18,6,1) (37,72,15,1) (76,54,1,1) (60,66,12,1) (64,18,8,1) (6,9,10,1) (52,47,8,1) (87,41,11,1) (49,74,11,1) (87,64,13,1) (63,96,9,1) (16,1,5,1) 
(62,3,17,1) (81,36,5,1) (16,73,10,1) (9,67,17,1) (34,83,15,1) (51,3,6,1) (36,97,12,1) (12,32,12,1) (75,43,11,1) (97,37,16,1) (70,23,6,1) (31,5,17,1) (15,7,12,1) (49,0,10,1) (95,30,11,1) (92,39,9,1) (76,10,12,1) (48,78,17,1) (13,19,5,1) (57,76,14,1) 
(53,78,13,1) (24,98,6,1) (49,59,9,1) (42,93,3,1) (81,9,16,1) (16,6,13,1) (79,54,14,1) (98,71,20,1) (47,66,6,1) (70,94,5,1) (16,71,10,1) (91,35,6,1) (10,70,16,1) (72,27,10,1) (19,9,13,1) (58,14,11,1) (56,96,18,1) (38,84,6,1) (31,44,14,1) (98,39,12,1) 
(51,78,16,1) (15,38,11,1) (80,76,9,1) (6,25,10,1) (55,64,7,1) (46,3,11,1) (90,83,18,1) (34,82,5,1) (45,92,6,1) (30,29,7,1) (73,80,10,1) (15,93,8,1) (60,55,21,1) (63,95,6,1) (76,25,7,1) (86,49,3,1) (85,3,6,1) (30,52,8,1) (42,62,24,1) (84,54,10,1) 
(40,99,11,1) (58,24,5,1) (52,2,12,1) (57,31,15,1) (80,91,3,1) (38,22,7,1) (54,91,8,1) (93,57,7,1) (92,45,10,1) (31,28,2,1) (23,62,4,1) (47,11,22,1) (12,6,8,1) (97,14,10,1) (57,18,10,1) (34,92,12,1) (50,95,12,1) (84,9,8,1) (17,74,5,1) (13,98,15,1) 
(97,90,14,1) (53,48,11,1) (71,73,10,1) (89,11,8,1) (82,46,14,1) (46,59,11,1) (44,31,4,1) (39,65,11,1) (45,77,12,1) (65,38,8,1) (96,7,8,1) (77,34,5,1) (61,50,15,1) (48,34,11,1) (9,37,16,1) (6,92,3,1) (30,75,6,1) (35,14,16,1) (38,78,7,1) (3,12,12,1) 
(33,36,6,1) (84,70,2,1) (64,63,15,1) (81,60,12,1) (41,2,12,1) (54,38,12,1) (42,79,13,1) (54,74,17,1) (61,44,7,1) (17,19,11,1) (9,80,10,1) (95,47,10,1) (90,41,5,1) (52,98,1,1) (86,27,14,1) (99,45,10,1) (88,68,14,1) (94,96,23,1) (92,81,11,1) (40,54,10,1) 
(35,55,11,1) (85,75,10,1) (58,25,15,1) (14,78,6,1) (8,31,14,1) (43,14,8,1) (88,70,12,1) (23,48,16,1) (77,22,5,1) (40,79,11,1) (47,18,11,1) (35,16,19,1) (11,69,13,1) (2,0,13,1) (48,85,6,1) (90,75,9,1) (27,22,5,1) (1,4,11,1) (10,51,12,1) (33,94,21,1) 
(45,1,5,1) (92,24,11,1) (23,63,3,1) (58,97,6,1) (63,56,15,1) (54,45,13,1) (6,12,16,1) (83,41,12,1) (59,48,11,1) (0,29,17,1) (38,93,13,1) (54,33,11,1) (60,48,8,1) (41,23,8,1) (29,20,5,1) (33,23,8,1) (94,74,13,1) (80,77,13,1) (48,87,8,1) (7,77,5,1) 
(31,69,8,1) (22,47,14,1) (86,73,15,1) (8,7,8,1) (31,65,15,1) (27,34,12,1) (61,47,5,1) (5,48,7,1) (45,53,10,1) (11,81,10,1) (62,4,10,1) (12,46,8,1) (62,15,16,1) (85,75,6,1) (51,18,7,1) (32,18,12,1) (74,22,6,1) (20,85,1,1) (64,9,9,1) (42,82,4,1) 
(90,52,13,1) (80,27,7,1) (1,2,9,1) (74,16,11,1) (31,4,15,1) (34,73,10,1) (25,34,6,1) (3,21,9,1) (26,24,9,1) (81,72,7,1) (16,44,21,1) (32,56,8,1) (59,42,3,1) (67,34,8,1) (74,75,9,1) (38,71,8,1) (40,45,13,1) (53,68,14,1) (75,61,8,1) (95,10,10,1) 
(29,36,5,1) (30,41,15,1) (54,56,10,1) (16,83,8,1) (89,29,6,1) (32,93,7,1) (40,80,7,1) (22,66,8,1) (54,74,6,1) (22,38,16,1) (44,91,1,1) (89,58,18,1) (17,28,11,1) (34,88,7,1) (70,72,13,1) (78,27,9,1) (55,76,15,1) (73,67,11,1) (63,56,16,1) (63,9,8,1) 
(6,0,14,1) (11,23,8,1) (88,97,12,1) (10,6,9,1) (64,98,10,1) (78,18,13,1) (60,45,11,1) (5,32,15,1) (80,5,6,1) (59,38,2,1) (39,17,7,1) (40,33,12,1) (50,1,4,1) (44,96,13,1) (46,78,14,1) (27,91,15,1) (40,96,9,1) (24,34,8,1) (57,93,10,1) (76,75,12,1) 
(36,95,21,1) (11,88,16,1) (92,27,21,1) (10,95,7,1) (70,24,15,1) (12,27,16,1) (33,68,5,1) (35,37,3,1) (13,52,13,1) (58,91,17,1) (37,79,15,1) (18,73,11,1) (81,62,9,1) (1,5,8,1) (22,20,11,1) (93,45,14,1) (56,25,12,1) (61,75,13,1) (29,21,1,1) (3,46,8,1) 
(20,2,12,1) (39,33,4,1) (40,71,15,1) (92,86,10,1) (35,16,10,1) (79,30,12,1) (83,49,16,1) (86,29,10,1) (32,47,13,1) (62,88,7,1) (81,27,6,1) (85,65,3,1) (58,57,11,1) (88,10,8,1) (3,97,2,1) (29,18,15,1) (63,83,5,1) (47,84,13,1) (59,4,4,1) (70,8,7,1) 
(75,59,14,1) (98,16,16,1) (29,24,3,1) (61,94,8,1) (25,16,8,1) (77,64,15,1) (85,49,20,1) (12,24,6,1) (85,29,8,1) (61,54,27,1) (33,63,14,1) (43,81,13,1) (26,32,6,1) (6,46,14,1) (68,6,8,1) (22,38,10,1) (57,35,15,1) (48,30,21,1) (56,9,14,1) (12,64,10,1) 
(10,73,14,1) (22,31,10,1) (78,99,10,1) (40,71,8,1) (57,96,10,1) (43,40,16,1) (99,66,11,1) (55,78,13,1) (40,29,16,1) (81,61,7,1) (15,16,2,1) (58,97,17,1) (25,56,12,1) (38,16,9,1) (20,54,10,1) (15,59,9,1) (81,36,5,1) (12,14,13,1) (90,65,9,1) (15,92,15,1) 
(99,89,21,1) (39,51,11,1) (87,53,18,1) (57,81,12,1) (97,78,11,1) (42,37,5,1) (62,40,13,1) (14,5,13,1) (60,30,2,1) (26,13,6,1) (53,75,11,1) (17,65,13,1) (86,45,6,1) (8,42,5,1) (77,45,10,1) (94,12,13,1) (1,21,3,1) (29,14,22,1) (34,10,11,1) (53,21,17,1) 
(53,6,14,1) (51,48,14,1) (15,58,6,1) (34,27,7,1) (16,53,21,1) (94,17,9,1) (97,29,20,1) (78,17,12,1) (14,19,8,1) (49,36,6,1) (88,55,4,1) (63,43,18,1) (46,8,12,1) (2,93,11,1) (55,49,10,1) (9,10,8,1) (48,33,9,1) (30,61,9,1) (33,74,2,1) (38,77,6,1) 
(91,97,8,1) (38,87,11,1) (78,83,6,1) (61,27,14,1) (2,59,14,1) (91,23,8,1) (50,39,10,1) (98,22,8,1) (62,19,12,1) (0,2,10,1) (63,91,10,1) (4,63,10,1) (83,81,16,1) (36,62,12,1) (16,77,14,1) (18,84,3,1) (64,17,14,1) (2,91,14,1) (11,19,5,1) (67,74,12,1) 
(74,94,11,1) (87,10,6,1) (24,69,13,1) (58,62,11,1) (67,64,6,1) (17,64,7,1) (15,48,9,1) (50,84,11,1) (47,80,11,1) (33,89,9,1) (47,97,13,1) (75,9,3,1) (27,52,10,1) (7,77,11,1) (9,65,9,1) (12,19,2,1) (46,68,8,1) (70,7,5,1) (91,21,2,1) (96,84,3,1) 
(75,59,5,1) (55,61,5,1) (98,76,8,1) (50,90,13,1) (38,34,11,1) (54,28,8,1) (42,78,15,1) (93,67,7,1) (27,91,20,1) (0,83,8,1) (65,36,1,1) (42,13,1,1) (34,64,14,1) (43,50,16,1) (17,67,3,1) (78,40,5,1) (51,83,9,1) (77,41,11,1) (23,16,18,1) (79,50,3,1) 
(2,10,11,1) (46,5,19,1) (42,90,12,1) (37,77,18,1) (93,29,11,1) (58,80,8,1) (27,16,2,1) (88,65,11,1) (31,83,11,1) (94,47,5,1) (65,23,12,1) (4,41,8,1) (44,98,4,1) (17,6,14,1) (61,37,11,1) (28,18,8,1) (74,87,18,1) (21,54,5,1) (69,53,17,1) (91,69,13,1) 
(66,68,11,1) (92,34,10,1) (92,75,8,1) (91,46,7,1) (5,56,10,1) (97,21,19,1) (58,89,9,1) (35,57,7,1) (92,20,10,1) (73,50,14,1) (30,8,12,1) (17,99,6,1) (16,84,10,1) (55,54,16,1) (32,5,10,1) (96,90,7,1) (93,28,7,1) (74,58,8,1) (20,55,11,1) (17,80,12,1) 
(69,2,2,1) (26,34,4,1) (56,36,11,1) (86,31,21,1) (58,91,6,1) (36,79,14,1) (72,89,10,1) (19,53,2,1) (33,25,7,1) (69,67,16,1) (96,82,9,1) (27,97,5,1) (76,34,11,1) (53,40,4,1) (6,32,11,1) (94,72,6,1) (59,32,15,1) (18,49,14,1) (3,96,9,1) (24,16,13,1) 
(33,26,6,1) (3,14,2,1) (82,29,3,1) (96,52,7,1) (75,36,14,1) (52,21,3,1) (79,78,10,1) (97,96,12,1) (65,79,15,1) (95,80,8,1) (44,92,20,1) (69,76,13,1) (65,73,3,1) (87,78,16,1) (69,38,13,1) (26,98,12,1) (51,41,8,1) (7,64,18,1) (80,90,9,1) (30,8,16,1) 
(93,36,1,1) (7,47,11,1) (22,12,4,1) (80,49,14,1) (50,10,13,1) (4,74,8,1) (12,56,8,1) (25,53,10,1) (45,86,23,1) (64,83,11,1) (48,15,7,1) (50,85,12,1) (57,26,15,1) (85,21,12,1) (81,62,2,1) (85,11,9,1) (73,45,13,1) (25,43,11,1) (41,91,8,1) (31,63,9,1) 
(86,73,4,1) (35,52,15,1) (62,61,12,1) (31,13,13,1) (68,55,10,1) (92,5,6,1) (13,11,13,1) (59,61,5,1) (73,25,2,1) (41,86,12,1) (15,57,10,1) (50,42,17,1) (70,8,7,1) (22,18,5,1) (59,87,14,1) (52,69,11,1) (6,46,11,1) (50,74,1,1) (83,57,4,1) (5,41,12,1) 