12.75
13.0
13.0
15.0
17.2
13.0
11.0
14.5
16.5
16.0
11.0
13.9
11.5
13.0
14.666667
18.0
8.0
13.0
13.5
12.333333
10.0
10.0
11.25
11.0
11.0
9.0
13.5
18.142857
13.0
15.0
14.5
13.5
9.0
11.5
10.5
13.2
8.5
9.5
10.5
14.0
11.333333
10.5
9.0
12.0
10.5
15.0
13.0
9.75
7.0
18.0
12.8
10.5
12.2
12.0
16.2
17.0
18.5
13.0
7.0
14.0
18.47619
16.0
11.666667
14.857143
15.333333
16.0
17.0
12.5
14.0
14.0
12.5
15.0
15.5
16.5
12.0
6.5
11.5
11.666667
11.5
8.0
14.0
17.0
15.5
17.0
16.0
11.75
11.25
13.5
8.0
15.5
12.0
15.0
12.0
9.5
13.5
14.857143
14.4
13.5
13.5
13.5
