304.15266346
285.9331926
275.3721154
295.8948455
260.3146783
285.3414342
307.1093854
289.6855137
267.49999979999996
296.5780373
285.79213200000004
266.41666599999996
307.5368472
289.29249842999997
286.2601049
317.27622563999995
294.7418034
276.4693982
285.25403409999996
264.9406029
276.1117515
267.9632212
268.38407209999997
287.3298106
259.90410169999996
279.63115600000003
304.23986440000004
279.84122778
294.52519970000003
330.152958
290.8910208
322.7470561
240.5
289.75399880000003
293.35927069999997
269.81366579999997
270.27864
261.1785711999992
278.5491884
287.88103459999996
283.93069539999993
299.842063
272.26551109999997
289.1864926
294.4605542
301.4399677
313.37040269999994
285.27187499999997
285.89734710000005
292.1490149
296.51581109999995
254.32697597000003
290.2550169
299.1716511000001
284.63121051
295.690092000002
293.94768669999996
297.4010878
263.39285911
282.2526337
261.00000032
283.88533179999996
277.37322969999997
290.71377859999996
314.1190289
266.31162020000005
275.879992200002
279.99379840000006
267.63186920000004
280.0037826
286.02245540000007
277.87953129999903
281.38068669999996
281.33253410000003
282.0370587
260.82947071999996
274.87991510000006
280.6128766
275.70000000000005
310.7203849
272.53359220000004
278.6210295
258.8285059
277.9912991
259.504335300003
278.14917240000096
283.41653069999995
279.77189
262.2804717
283.53132182
282.0575236
283.05528539999995
295.49707939999996
268.5960606
280.87872569999996
275.6746715
276.1190562
273.31617530000005
274.42232570000004
293.9224861
