12.0
17.5
18.0
11.333333
18.0
13.25
13.5
10.5
16.142857
14.0
14.5
12.0
15.25
16.333333
14.0
14.0
15.0
11.5
12.5
16.5
12.8
10.5
13.857143
18.5
10.5
12.5
9.0
10.666667
18.0
13.0
12.0
6.5
11.0
18.666667
18.0
12.875
13.75
11.0
15.0
16.5
7.5
15.0
12.0
11.5
9.5
20.5
18.333333
10.0
14.333333
13.5
17.0
7.6666667
8.25
9.5
13.5
14.0
22.0
17.5
15.714286
11.8
12.0
10.5
16.0
8.3333333
11.0
14.0
13.0
10.0
16.0
13.0
16.0
9.0
14.0
12.0
9.5
10.0
17.0
12.0
17.3
16.0
11.666667
13.666667
10.5
9.0
10.0
9.5
12.5
13.0
12.0
14.5
13.5
15.6
17.0
14.0
9.0
17.0
13.0
12.666667
13.0
13.0
