17.333333
14.0
17.0
13.75
16.5
12.5
17.0
19.5
19.0
15.5
16.0
10.5
12.0
14.5
10.5
14.25
16.0
12.0
12.0
9.5
14.0
15.0
17.333333
15.0
8.8333333
18.0
11.5
13.5
13.0
16.4
15.5
12.0
17.5
19.0
10.5
16.0
10.5
7.5
14.0
21.0
13.5
14.0
15.0
15.0
16.0
15.0
15.0
14.5
10.0
15.0
20.666667
10.666667
14.0
17.0
14.5
15.0
6.5
17.5
13.5
12.5
15.0
7.8333333
11.0
15.0
19.0
18.571429
12.0
8.5
19.0
15.625
10.0
12.0
21.25
10.0
15.5
13.5
14.5
14.5
10.5
14.0
21.5
18.0
15.6
18.6
8.5
14.0
16.0
17.0
13.0
10.5
11.0
15.0
13.5
16.0
19.0
10.0
12.0
13.0
15.5
15.5
