13.5
14.5
11.666667
15.0
18.25
13.0
13.0
12.666667
11.666667
11.5
15.5
11.0
11.0
15.0
11.5
15.666667
13.0
13.0
13.5
15.0
12.0
14.142857
12.0
17.5
16.25
18.0
15.0
11.857143
8.8
12.0
17.0
17.5
10.5
11.5
7.5
16.5
13.0
9.75
17.0
11.0
14.25
13.5
12.0
19.666667
13.0
8.5
18.0
12.0
12.0
10.428571
16.0
17.8
9.75
13.5
11.0
10.0
9.5
12.0
15.142857
10.333333
19.0
9.0
9.5
15.0
6.5
12.5
9.0
10.5
17.0
13.666667
14.0
14.0
13.0
18.2
17.666667
10.0
6.6666667
16.0
12.5
12.25
15.857143
11.75
10.5
12.666667
12.833333
9.5
14.0
14.2
16.0
11.0
13.8
7.5
17.0
17.0
14.6
10.0
10.0
17.25
11.5
13.0
