0.804738254180004
0.9130115445349727
0.9359566398561474
0.9040214609930931
0.9164978150560262
0.9167583611707847
0.8959517055330513
0.8431644510616121
0.9068636434988229
0.8933374142241755
0.8690465342668711
0.8578769005873407
0.8589452566932652
0.8876411713242313
0.8633978560112117
0.8897699616740594
0.8783988323487564
0.8717701461537737
0.8931461407344146
0.9048279579508276
0.8653998750012112
0.8780210297193914
0.8654697203787645
0.9409836291368304
0.9390880742709181
0.9022653825939496
0.8490893779685241
0.81449771131461
0.9442788541495142
0.8944450641827871
0.9173416738597939
0.9265935844477643
0.8877947921304903
0.9089260940003009
0.9056275371755109
0.861350443961302
0.8928161471592958
0.8489148680836587
0.9248309487936827
0.9157250983450987
0.8164136118693757
0.906517453274688
0.8895859843727696
0.8720826499164779
0.8722450965755364
0.9380259519174805
0.9087724392308056
0.8809785366046161
0.8739439044387296
0.8933567194305195
0.9232292701594574
0.8347598120385128
0.8362177414512799
0.8869645715976975
0.9181586758537165
0.8897769970505505
0.9639414779623529
0.9215328093910997
0.8658116275179386
0.858684803864071
0.8441816454633333
0.7850952258192819
0.9091547472762938
0.8371801568939032
0.8729770821048426
0.926727536226823
0.892016617960792
0.8339818849004047
0.9483680973036677
0.8979645103777794
0.867932184960162
0.8824450323574429
0.8978597540218936
0.8835898652781786
0.805038544033922
0.8509079235961376
0.9312302828965001
0.8449646126363837
0.9230911653266927
0.8830551268485426
0.8349699396147318
0.8545432216007948
0.8623236155012555
0.8533806406086578
0.8308366149701669
0.8350398975604073
0.8079379761613427
0.8490546675700316
0.8829864609580644
0.8290366769118912
0.8335646506751032
0.8952646595515639
0.9342765447321626
0.873172332141061
0.8559557405465646
0.8866984692205148
0.9143635443307324
0.8786919484712686
0.8951820993154674
0.8923350178706869
