0.9376555393460911
0.8970331640454019
0.9468916421757482
0.9598451862602806
0.9628496912846449
0.9307374415181441
0.9365501060948471
0.9749528187378131
0.9194547044233892
0.9563925373024135
0.9349287888161882
0.9368298946926228
0.9238917012836096
0.9452250535841867
0.8838617699843838
0.897246004101696
0.9338069390079511
0.9319355377318236
0.9601771517769631
0.948709336915843
0.9335664335664335
0.8864445001252819
0.9534546173620724
0.9734141137259177
0.9477282717282717
0.9379388322520853
0.9545002725494597
0.928539033383945
0.8954008954008954
0.9313143549364021
0.9697468719759604
0.9386594958218734
0.9184845005740528
0.9311080224123702
0.9060714526912946
0.9690276256541317
0.9487854903939196
0.9303473045540135
0.9654350879917549
0.9134954932707742
0.9543356235125062
0.926479006853236
0.9636664059582444
0.9642639758693917
0.9586237485743252
0.9617687486056837
0.9668497138986177
0.8961495100164774
0.968945074640584
0.9348177223544124
0.9631880534815072
0.9446766731624593
0.9574680267346158
0.9353276353276353
0.9169537109613767
0.9194554057978441
0.9138336579808152
0.9628645767761971
0.9554655870445344
0.9418074274615973
0.9513988992268378
0.9447224688567816
0.9487723998235784
0.9359251259899208
0.8947427277429094
0.9241477439417943
0.8900720694219738
0.9539373967861371
0.96719823104746
0.9264111315305854
0.9536329065685026
0.9083599852193525
0.954295259742038
0.9734876105829424
0.959194018502091
0.9242480935739035
0.8593775197548782
0.9626296735948802
0.9219337229740351
0.9214423980530276
0.9278832509841876
0.9491915454044421
0.9265386210637144
0.9376732705517875
0.9337309091902152
0.9371057848260947
0.9402788523267873
0.947424956734499
0.9701477330616404
0.9384493269583024
0.8980007984281924
0.8775603357352407
0.9564186901422076
0.9519657445404414
0.961815133095787
0.9607768469154607
0.9313631036689266
0.9829132016632016
0.9149734257780888
0.8982362515892361
