0.8804399580992286
0.9661000657661759
0.9455747711088505
0.9361824099415638
0.955497757480186
0.930323022877217
0.8790408173386897
0.9190480773858222
0.9593104128644009
0.9264808778606414
0.9517589026870321
0.9314593460142087
0.9581419213764398
0.9220984386861164
0.941248840686692
0.9557294641837084
0.9474884895600569
0.953046077723946
0.960491618494121
0.9679727292546129
0.9389818341342798
0.920686342411582
0.9244558258642765
0.9511843348410993
0.9711475004124732
0.9596845886865981
0.9229039511725025
0.9185281385281385
0.9806961745737256
0.929224276621045
0.9626221252903523
0.9554649291766739
0.9740077449707621
0.9722105851138109
0.9126201605830715
0.8966665216066844
0.9427494342366005
0.9155547041760166
0.9672644345392349
0.934762232393032
0.9173033038991963
0.9671779833070155
0.9374045430225205
0.9454704930855629
0.9034275092375001
0.9700901795830941
0.9613715512381953
0.9620952570794972
0.9105112364580535
0.9413588817920948
0.9588816079975979
0.8845867460908414
0.8949798011041438
0.9294567571303507
0.9394919336001998
0.9630350194552529
0.9593849599448704
0.9855314491004519
0.9383328397986378
0.917570488587562
0.8663441367009528
0.9186190961266119
0.9704301075268817
0.904706242662447
0.96507098175825
0.9453843453843453
0.9415802660257063
0.9555137653018582
0.9696365790839561
0.958960360788037
0.9570047058605993
0.9505068365163404
0.9436189348319126
0.9429918559794256
0.9347971840429098
0.9199560102581887
0.9532820708585555
0.8950411511008155
0.941260987949764
0.9223690144138427
0.9051004200001949
0.8901083203408785
0.9300008355614974
0.9101066531234129
0.8957996026961544
0.9324277045864539
0.9230812665595274
0.9348512547781286
0.9206808916185736
0.91204636613123
0.8863306823674151
0.9341407752160865
0.9351817091926323
0.944367567133947
0.9061812504435455
0.9445580146390056
0.9348852009595143
0.9492480260055582
0.911276869091676
0.947221068222459
