0.8822136582349276
0.8834668393500777
0.9026778495198859
0.8301498631413117
0.9113822993017723
0.8513527335454493
0.8977169631227959
0.9347908696775707
0.9442727305485805
0.8922749607087961
0.9122247321571189
0.86249719578208
0.8520255427735554
0.9080125030136489
0.8845197664839176
0.8190982118237355
0.8856402092345087
0.8375784353895961
0.8266530685637326
0.8194249517298732
0.8670498036038774
0.8991697097429677
0.9393048253308109
0.8823112941316713
0.8241229861697243
0.938495516714716
0.8974180307610061
0.8788956573330616
0.8462088532669174
0.9319451129414839
0.8467653566812112
0.8719824739852511
0.9130762876116659
0.9340987758221405
0.8116801515499246
0.8861278817962478
0.8552694999561334
0.84119626166965
0.8889777756392241
0.975929993920325
0.894923164891569
0.8882941297714319
0.8926034369865213
0.887751726320614
0.9229136277507051
0.9034645635784226
0.8979726820868068
0.8683392866191673
0.8560095982222382
0.8978240796372307
0.9772052987504934
0.850267886995523
0.938149570818988
0.8715582059460606
0.8275697411096865
0.9110991056230197
0.8427438104921449
0.9304690220540567
0.8621007313929754
0.9110473970554296
0.9119370974648101
0.8790185147602954
0.7942675756405121
0.89812596164607
0.9632945918224748
0.8899927218410908
0.7919942392923188
0.7695955291105643
0.9124275075914952
0.898881702098015
0.8593426963960958
0.843071536780008
0.9437122186370592
0.857690228100031
0.8894993967533996
0.8457881520389793
0.9167515243991983
0.8776569316626438
0.8387689104782424
0.8998296617793177
0.9598354759921877
0.8987705818987409
0.8949637104734601
0.9436039524378546
0.8547179954263621
0.9111875170762942
0.9167141069168919
0.8923373129096909
0.9088807244189903
0.8505608045128178
0.7809956962993915
0.9062012582619434
0.8917369398199692
0.9095280767618917
0.9011094486070943
0.8944236845636107
0.9327519084903397
0.842459858526849
0.918270275244265
0.856135395568168
