0.9630598136459273
0.9337200638637573
0.969990801535192
0.9375302663438256
0.9386224610497145
0.9576157322584585
0.8882010229041584
0.9507618056212738
0.9289240607513989
0.9266032226668108
0.9296622313203685
0.9642911877394637
0.8971019764762944
0.898057991465914
0.9579745464392093
0.9274060822898033
0.9738205304744106
0.9555605800247204
0.9399187487304489
0.969925815563212
0.9220157490692235
0.9636095894445427
0.9805693536673928
0.8693528033171083
0.9451723755681188
0.9320772345063844
0.9477837560850628
0.9490964394346036
0.9513227996468475
0.9275905682536815
0.9635853316248704
0.949437135115506
0.9193165586199319
0.9450041819468571
0.9339737724916133
0.97328370554177
0.9451617396148891
0.959572787650332
0.967982529816899
0.9290058901310254
0.9175893940808515
0.9554263159733137
0.9364939264178974
0.9339809974685209
0.9567404549768838
0.947816984507632
0.906000489835905
0.9422899715714146
0.9519689975494386
0.9685647788983708
0.9460419765328045
0.9696650902422546
0.9513629013629014
0.9327802037845706
0.9673495683545935
0.942474645030426
0.9416786432883012
0.9578688981868898
0.9376932826362484
0.9708340498710232
0.947247507585609
0.9764587097459879
0.9694343810176572
0.9665348771533465
0.957152209492635
0.9477481416703104
0.9169250420948731
0.9267139479905437
0.9315169706765182
0.9273338132949364
0.9518774630084021
0.9685238890353576
0.9100902378999179
0.9542129539401026
0.900230427696285
0.95342814319077
0.922609700554026
0.9398062092149496
0.9762203948381533
0.9729639037852417
0.9275874803803896
0.9352188242507856
0.9462594926482469
0.9577792335407795
0.9731704073150457
0.9488387074899128
0.9500637797918765
0.9339314738963657
0.9492803809111569
0.9707070707070707
0.9657970679903036
0.9759891704993966
0.9241399578190368
0.9210205821459019
0.9442162284166573
0.9458595088520845
0.991691431401684
0.9141961860189892
0.9456866922312172
0.9416696269982238
