0.7887613433646165
0.9028773581193286
0.919048951048951
0.8919031913411065
0.9122952519178934
0.9135905448906224
0.8894194394471813
0.8420634444710962
0.9114117881469127
0.8907220598949922
0.8772064240459703
0.8557493148578613
0.856326132361685
0.8872919304268029
0.8543570380631084
0.881932435770751
0.8656316916488223
0.8764536484806521
0.8897485493230174
0.8969939661737507
0.870260412925675
0.8734475015606511
0.8692738311125128
0.9521455916804754
0.9345644840411729
0.8903491717862976
0.8438410208201699
0.7980569049271339
0.9395179553542543
0.8927558850305631
0.9165256802272339
0.9220232222812477
0.8942393398925288
0.9052283971561812
0.9031206566893702
0.8524539462238803
0.8932045523436855
0.837950071818904
0.9208737949321298
0.9085971155647125
0.8110479750091371
0.9017045022894753
0.8807223390629201
0.8637303751057629
0.8645701950130978
0.9365701276009953
0.8997128178946361
0.8769984614355475
0.8757575757575757
0.8944158566800077
0.9168659321959306
0.8322338039319171
0.8361834252591998
0.8738233314042071
0.924509916313195
0.8862707412390287
0.9576783555018138
0.9099468117625481
0.8580376587584558
0.8509387548384763
0.8502215533818243
0.7933081696628494
0.9017236853617989
0.8399631864198793
0.8709929279820111
0.9304683752309215
0.8956794682422452
0.8248840006874033
0.9476460279379988
0.8856223831515391
0.8640893063704653
0.8902171061261971
0.8933139312246304
0.8727829758377668
0.8018528899093136
0.8500718505508542
0.9068973921520839
0.8455990367248646
0.9216027596975804
0.876816233368591
0.8273800132529741
0.8591141095799607
0.8439891302535718
0.8488892136802104
0.8229254113972613
0.8342132712829977
0.814785885255684
0.8393504650796153
0.8843997787202655
0.8171824497529442
0.8315324136059878
0.8802874241745715
0.9283066922623686
0.883172795662599
0.8553984575835476
0.8863281337588663
0.9180285353750397
0.8697525248277919
0.9001198910989184
0.8964500694551628
