0.9788884119463109
0.9362503068823481
0.9178805535324108
0.9220285849120204
0.9682552927713142
0.9391304347826087
0.9304593634767937
0.9590655650740979
0.9306061579122874
0.9537470725995316
0.9132836316440796
0.9333283155200963
0.9642857142857143
0.9543150308434618
0.9675863791004713
0.9833998239953066
0.9036630627723092
0.9404557179707652
0.89817490128094
0.9372641840241251
0.8959494601164566
0.9790860713848093
0.9222206617605753
0.9313425603440444
0.952010353390104
0.9452176008242078
0.9443030321126256
0.9630373325583239
0.9633754363056525
0.9676676580638971
0.9614837571826819
0.979377200144557
0.9301149425287356
0.9479115704500979
0.9231473045385055
0.9279012499610362
0.9427553425140677
0.9538773163988723
0.932842585853239
0.9700478788553614
0.9372438700127466
0.9254147742348332
0.8976039783001808
0.94983363540455
0.9128842326404246
0.9591295360587965
0.926575387660838
0.9387574897508673
0.9198348472336911
0.9817364745673757
0.9076788879822167
0.9642857142857143
0.9299353779331533
0.915741888237945
0.9634171023781414
0.9135476471274349
0.9685870313883695
0.9588847968696053
0.9129494400068527
0.9730333011583011
0.9740914723767256
0.9378853781803353
0.9602657672065366
0.9598357371794872
0.955814938462305
0.9495491664822171
0.9636680143755616
0.9599770846769213
0.9392263106569423
0.9232725731242052
0.9248784858935021
0.9357790303538104
0.9681314826877787
0.977259562143283
0.9066817830221588
0.8761886117015326
0.9680619559651817
0.9333519852082522
0.9546546361592708
0.9220556686286374
0.9452456395965654
0.9823164843305597
0.9542570084895865
0.9446758395844558
0.9365859608867086
0.9217581615903703
0.895407252511858
0.9306447032093156
0.9190837084734172
0.9515332242922302
0.9375834445927904
0.9724193048005719
0.9638986317818434
0.9054280556988138
0.9333040967730146
0.9620144455210077
0.9326296544656301
0.9690110721620828
0.9537070147207819
0.8913511861273056
