0.8918276443028919
0.8315974400803112
0.8841207781807904
0.9261431344982258
0.9444430963358408
0.8926988649210872
0.8464607290999224
0.9045698473359348
0.8554028778037969
0.8432062954609374
0.8825105815237394
0.8469936177359758
0.8406246287756888
0.9147029232001205
0.7830912274644241
0.887160076864846
0.8795683954054995
0.840726884019241
0.8584996933978334
0.869060099963428
0.87255581750104
0.8778394565773135
0.8696238068500842
0.9452624533894254
0.8975169766558487
0.9392327608111913
0.9160879354088303
0.8783864915572233
0.8466331658291457
0.8642580835671047
0.9489514469594151
0.8895163295755968
0.8693782459173749
0.8320748511855822
0.8606888375711622
0.9491985931523144
0.8855599606204934
0.8465903079039255
0.9074538034856624
0.8791298640925373
0.8828705810954331
0.8432912881511012
0.8627477441718928
0.9281030207322565
0.8688387635756056
0.8461972140465713
0.9422312786551197
0.8500943674965781
0.8899975564062882
0.8279561612894947
0.9047819507810634
0.9478837993689478
0.8356787762906309
0.8022330516316082
0.8645908852278693
0.8619675852040998
0.8169529756510581
0.8996996212615908
0.9009227444025715
0.8696660178036351
0.9514028397934972
0.8949348868311591
0.8453089289298362
0.895014268090568
0.8581556164080436
0.8759969639654529
0.8478924936309962
0.8686375193180119
0.925318192314484
0.8640450306558813
0.8699335344309733
0.8639393224005314
0.8519921131717453
0.9349287888161882
0.9217196052126044
0.8403225614897686
0.7973117348117348
0.919891195138089
0.8410611734634081
0.9011660710927215
0.8760650379147489
0.8899897186652959
0.8618283388685185
0.8602941176470589
0.8436004273504274
0.8501056145904801
0.8487362957368781
0.8955113873670245
0.9336858461985623
0.8600222081466363
0.8588046407744581
0.7812908562128125
0.9294078573434044
0.9379191968728815
0.870356568469776
0.8980049017500108
0.8488436923551428
0.9674052114214386
0.8509072502141578
0.8188891861383167
