0.8938846058698471
0.8568405445615522
0.8877837926534311
0.9326450615455477
0.9468523478863262
0.8922733129061159
0.8698989230701529
0.9064611132003414
0.86598977235541
0.8466856791076904
0.8930362478673111
0.8677192888938354
0.8413624204383837
0.9265226973988409
0.7869060284931275
0.8962338771540793
0.8849217885526378
0.845414591001652
0.8634300868006622
0.8716041889333246
0.882779540287764
0.8691936490140831
0.889292576556118
0.9561599875133401
0.9143882718510246
0.9451773830438304
0.9231631193438143
0.8856994690256254
0.8407949724724081
0.8635570252385842
0.945879917567056
0.8794448606444776
0.8746176328418601
0.8470086094869737
0.8704941185671384
0.9588394233104782
0.8888884556627017
0.8427199589779668
0.914996592000189
0.8819658211035821
0.8940675008424103
0.8461704043993176
0.8672293319108755
0.9413685070486636
0.8726869777703651
0.8545858497772185
0.9436635723065785
0.8544389343680274
0.9027651768370835
0.8347844473588605
0.9010493563121639
0.955268792064239
0.8445289855623114
0.806291045437167
0.8742095281428475
0.867000783945907
0.8269055103707356
0.9036570686813249
0.9094208121426772
0.8755131887947871
0.9613128522235524
0.8925975579566352
0.860674319965412
0.8991601537758424
0.8569264934823996
0.8726566559244813
0.8484645724330077
0.867535012628257
0.9290625885843273
0.873341283510356
0.8790738095315859
0.8667459013890231
0.8602616764802792
0.9446805782663085
0.9316734614365749
0.846576184657058
0.810084423261286
0.9270584668695907
0.8542144836147408
0.905281351922271
0.8782677741178468
0.8995898524192939
0.8677775699101123
0.8620855487254752
0.846591818963574
0.8527147885075239
0.8522566461069898
0.9158260351262087
0.9369423451727753
0.8739207628275603
0.8636495325149275
0.7894626570277783
0.9341835797600384
0.9496982792079923
0.8810874777520085
0.9021102185309255
0.8566986454358001
0.9691399838037379
0.8638531749937279
0.8339450826585425
