0.9140640719033749
0.8746967165730308
0.9093620885095485
0.879448879925357
0.8860815627456916
0.9025577178514126
0.8492736318416059
0.8675055350052691
0.8922642087436652
0.8964930317516391
0.8337369363059786
0.9209792628616194
0.8067809728287509
0.8006910988982533
0.8691175084410194
0.8009921695140801
0.884980956851229
0.8819632655018022
0.8930501287401293
0.930380514801047
0.83573347868649
0.8948383858587555
0.9276292846587396
0.8194899548611142
0.8672487841573512
0.8573892894287959
0.9569330716751367
0.897133014264458
0.8830974214154058
0.8380446272976998
0.8954271470496139
0.9251406232537382
0.8558654985354813
0.9079559657518644
0.860654464774912
0.9094854307630402
0.8808692888362532
0.8917741225397149
0.8588172537351157
0.8323659842997249
0.8346490130525734
0.937777410471529
0.8828698994376784
0.8460989093287257
0.9236596574932259
0.8257316643816252
0.85118656903301
0.836440028902279
0.9002520695801024
0.9394123747929095
0.8520769484346274
0.9349297193667323
0.8869844271127407
0.8810044094741584
0.9125210449971315
0.8808314889994737
0.8367242095607327
0.9184950004608523
0.8504674236006508
0.9338141251832093
0.8668877250689369
0.9999999999999998
0.9359864668872658
0.9075461766265117
0.8405756849780379
0.8898855471661451
0.7984847474667325
0.8006343213606826
0.8750861104041304
0.7714733951877056
0.9165354276382043
0.9311081123225219
0.8339635799575953
0.9678120089031557
0.8398223106988788
0.8848138858413056
0.8537336389260829
0.8822236490662347
0.88463303726187
0.9134661162898072
0.8363891478015314
0.8570997689232536
0.8847862663112516
0.975536748643042
0.9295962183916073
0.8502338185022299
0.9052912409372887
0.8301194184926262
0.9072115121705286
0.8720662637059706
0.8743926121182911
0.9394669210525659
0.8191155447923896
0.8854036028212373
0.8822990299593845
0.8393935368308341
0.9384604021549632
0.8688896840815064
0.9041710355495922
0.8820176737126472
