285.12454479999997
301.8757808
271.9763167
241.50000029999998
260.9999998
283.95092008
280.86892160004624
299.85604900000004
263.392857
246.25
280.75
292.09847662000004
262.0248876
281.27445919999997
283.51827910000003
250.4583333
300.24748729999993
257.49999959999997
297.651050899999
269.43785859999997
257.1874689
292.390534500009
287.4177825
275.86904860000004
282.66666653000004
270.96195129999995
249.8
294.63224249999996
249.0348674
265.0677396
283.20457479999993
247.0
273.567624
278.4379623
267.1808986
251.0
276.97262149999995
261.95892762
292.4528223
265.0
269.3057379
304.0500861
233.0
288.1907678
300.0182471
281.968355
254.0
263.85037220000004
281.50125669999403
234.25
261.3256512
260.29321129999903
271.07870470000006
290.66901310000003
264.5541826
294.877155
248.3959557000235
267.625
280.667993000005
271.29798470000003
268.00000029999995
231.33333355999898
253.68055500000003
277.4249251
291.3939251
256.9604525
256.9999997000225
237.75000003
308.68999999999994
254.4375
266.53807597
271.22801
265.666048
278.14036969999995
276.8313695
269.54036870000004
289.8348792
242.5
277.67635939999803
291.11470290000005
280.93201630000004
298.77687019999996
267.6888088
279.1080493
275.6088009
263.51334899999904
266.49039020000004
282.17976293000004
286.35116600000003
274.6341664000023
262.36240080000005
312.7864837
323.72274899999996
289.0078122
288.80190159999995
295.8115139
258.2870623
271.455598
277.2005309
281.23038089999994
