0.8838101971221825
0.8849879237111685
0.9004234724742892
0.8237339127527996
0.9038737446197992
0.8351843118761298
0.8977072528196263
0.9324316062968058
0.9322307770236045
0.8898114932826897
0.9111309665634183
0.8561264822134388
0.8581189908784617
0.9063901888010327
0.8697554092191909
0.8136695112490303
0.8921607193031751
0.8429847131829877
0.8148288439955107
0.8231662591687041
0.8549498937139387
0.8919481007897706
0.9250801364905388
0.8830188679245283
0.8222145328719723
0.9370274277242402
0.893754833720031
0.8745061111538166
0.8458400302543254
0.9216341316160194
0.8341047341973024
0.8718200356869743
0.9154358353510896
0.9283104162742513
0.8050620044724538
0.8891422845691382
0.8590909090909091
0.8436492234642398
0.8874394949140653
0.9729313543599258
0.8924400084943724
0.8749318801089918
0.8945233265720081
0.8838867352098433
0.911510332511268
0.898671082418043
0.8939755102040816
0.8669610653842597
0.851968258907733
0.9005463286713287
0.9751301467108376
0.8669334541427565
0.9307266404319575
0.8684356525693497
0.8321326562995874
0.9034505460460073
0.859219486642221
0.9303761083503849
0.8642778843518772
0.9184383071726604
0.909714922758401
0.8753227782489869
0.797175702526256
0.8918545570022229
0.9426423883125132
0.8846324431442861
0.8013790386130811
0.7720272904483431
0.9088662029765912
0.8919950990402287
0.863318553888131
0.8500091516427198
0.9384164222873901
0.8624813219653688
0.8909147095179234
0.849194431409354
0.9171707856879381
0.8780180586907449
0.835901224145209
0.8916494845360825
0.9585153583617747
0.8734494979326639
0.8976978964264594
0.9264521614606641
0.8564855777738454
0.9051330798479087
0.9117968541722208
0.8767218633427349
0.9038223938223938
0.8543234745013265
0.8009805465858076
0.8961562598054597
0.8806886939968727
0.9105570955310662
0.8975594699152194
0.8904466727438468
0.9329426280074028
0.8420378619153674
0.9175302245250432
0.8434311224489796
