312.7207058999999
330.23997639999993
293.58238280000006
287.65160166000004
304.9471399
298.9972672
332.7123418
310.9802056
324.1863516
291.6701254
294.91107769999996
319.55661029
309.55119609000195
287.7709302996696
304.382883129998
299.064287
310.133508068
310.19848199999996
294.68916977
298.19140389999995
321.862932900001
304.64107420000005
317.324756899999
344.9635193
327.0255675
309.2827069
286.41529629999997
295.65886889999797
323.0983496
347.1359218
302.1430423
307.39678310000005
278.7745564700349
335.691001900011
319.3520433
315.78746677
307.98533359999993
300.47847807000005
320.7678191
302.8538717
319.77577440000005
308.71154550000006
317.36552037000195
346.50958529999906
308.97171190000006
316.54239503
288.63905438
308.41013180000004
327.346539
305.8819721
315.49284610000007
300.1050435
322.089623559992
302.20296790000003
283.95470330005406
290.6015787
325.3683189
327.56753950000007
325.9309157
338.30581359999996
306.44673889999996
298.14899699999995
306.84758289999996
328.31908310000006
286.52687166
290.3923228
336.4172177
316.1236713
298.31607144300006
304.80331586002706
292.5870289
313.750153
297.18554610008295
309.88065566
329.2686771
312.8990097
300.41031300000094
310.26352330000003
317.479936030001
287.2970255999999
314.20211150000006
335.456961600002
260.609365799998
295.2645703000002
324.2459838
293.54605613000007
312.06253548999103
330.96272400000004
287.0852398999999
295.4339521999999
306.8448063
305.6504765000001
285.98915409998693
310.0292987100001
300.48864280000004
315.33333241
306.26477340000093
352.01213720000004
340.32364650000005
317.7030955099999
