0.9141495714259807
0.8776256601389072
0.8554689839324758
0.8945228330130061
0.9356266525589508
0.89414815682387
0.8742117626175687
0.9260577983160171
0.9197479063306864
0.9194562931888162
0.831140752956045
0.8946926233516675
0.8795496725260555
0.925581995123888
0.8966791256726688
0.9287941988210174
0.8343230852328132
0.8528039163405297
0.8136273713874225
0.8773485070834783
0.8370317665398229
0.8825964129049646
0.8284415714449915
0.8908054803103352
0.8785608662424154
0.8456807887806433
0.8798392227777853
0.9586952516201478
0.8963751168493707
0.9238992687190276
0.9259541909768838
0.8709508441952883
0.8068575892615737
0.9003346660177499
0.8792440672500718
0.8338398432173364
0.853181819289693
0.9067852159399412
0.8547219533011722
0.9101645225441309
0.8537740548454608
0.8515665552780448
0.7543607559768593
0.895079418971563
0.8718967636304593
0.8700846949569251
0.8661269807756505
0.8630004203594337
0.8257616211007139
0.9447418815159664
0.8862077742375588
0.8832783262316226
0.8550039117802567
0.8828749039173805
0.9614509259648184
0.8980321492750123
0.9462017798416799
0.9085094752133754
0.8604825937102966
0.8850944894079349
0.9752159508920256
0.8995283305588885
0.8833722310010036
0.889670670351868
0.8900670339831119
0.9183655113308441
0.9532077930011538
0.905056116130216
0.8647020151555425
0.8751250867639038
0.8481312242939814
0.8711956587598735
0.8361467509800308
0.9253718915924932
0.8588091153662409
0.8212730186232126
0.8856521698905699
0.8712465196333347
0.8879548529261999
0.8294566653070464
0.8824709274701067
0.9310793866875064
0.9236668482055123
0.9360992647351762
0.8779616606757202
0.8354265332987788
0.8290569710025836
0.885364558212812
0.8247272223258818
0.8692656921669784
0.9005531814951142
0.9201742619136355
0.8819728137475534
0.845746648712117
0.9321349777109077
0.8727823951846246
0.8955707896504614
0.8669367939238033
0.8834271732835857
0.8578266051170503
