0.9110261718957371
0.8682912885013936
0.8553157056720002
0.8877912052566282
0.9312363477501092
0.8888237787696681
0.8568165615574445
0.9219602927499899
0.9087890021624961
0.9117354915306038
0.8313546942538644
0.8792529299395943
0.8738002773925104
0.9226802694685481
0.883707596751075
0.9267734171291034
0.824815192454754
0.8477141992128369
0.8125109822526797
0.8762589368046657
0.8384694767183246
0.8722991301094378
0.8217168804958916
0.8828328377728153
0.8730295472197609
0.8419636770863764
0.8686306031301215
0.9607567156317668
0.8949104885724604
0.9185058295487744
0.9194284448382809
0.8579306722689075
0.8062406751212234
0.8906376826298701
0.871224669050756
0.8395955996281376
0.8468277006012855
0.9046042971090253
0.8425284134345854
0.9068144499178982
0.8426445546357084
0.8505131470522137
0.7420349434737924
0.8977969250988523
0.8563031749932708
0.8685138163526368
0.86533733952472
0.845557909164538
0.8269043101111412
0.9312870012870013
0.8788036863154234
0.8729625847054114
0.8546376915451408
0.8764766677829486
0.9599314742552584
0.8857454723663986
0.9359115423645713
0.8969832658801917
0.861032438352026
0.8858484938860721
0.9654282488305823
0.900153065033973
0.8781674182251012
0.8791634928329063
0.8696740077395304
0.920137207425343
0.9489482117014678
0.903094250148192
0.8512111116113638
0.873684548629361
0.8415128333056157
0.8641834323052173
0.8286093453044105
0.9195535800962459
0.8696783765433651
0.829993600511959
0.8863502274867536
0.8765743959626152
0.8908388830173303
0.8253175009966399
0.8764860576818587
0.9191532573035464
0.9114906832298136
0.9202413203330795
0.8551381643392487
0.8383103747230517
0.8183933019203605
0.8793154984307279
0.8279119421123635
0.8571532634032634
0.8950053265590429
0.9056478762266313
0.8798701298701299
0.8289267353460767
0.9221255517099037
0.8585432802990055
0.8846881125331488
0.8624573378839591
0.8843027842077358
0.852352666830766
