14.0
18.0
12.0
15.0
14.0
9.0
10.333333
15.0
11.5
14.0
11.333333
12.5
20.5
13.0
16.5
10.0
15.4
16.714286
12.0
13.5
16.0
14.5
18.473684
9.0
10.666667
14.0
11.0
11.0
14.666667
15.714286
14.5
15.0
9.0
14.333333
19.2
17.333333
15.0
6.5
14.0
15.0
13.333333
19.0
12.0
16.0
14.666667
13.0
13.857143
11.5
17.5
14.0
13.5
14.25
15.0
13.0
9.0
11.666667
18.0
9.0
10.333333
10.666667
12.0
11.0
15.5
12.6
16.0
10.0
13.0
12.5
12.5
18.0
15.75
14.0
15.0
9.0
13.5
14.0
13.0
13.428571
14.333333
11.0
16.75
15.6
15.222222
12.4
14.0
13.0
10.5
11.0
14.5
17.0
17.5
17.5
13.0
12.0
12.0
18.0
14.0
11.5
12.5
15.0
