300.0591212
323.2708957
310.3791277
287.10721
302.14163950000005
301.0944136
307.80303010000006
288.9446355
293.03971609999996
293.38797740000297
319.06306679999994
310.5943563
277.9832149
286.5814683
283.9859585
303.56252627
281.356863999999
309.7983486
287.4363177
293.6026776000001
309.574804500003
309.6237577999999
300.7570620999999
298.9397941
304.19995539999996
282.0847921
302.6341131
266.0663479001146
283.2743808
327.6180783
293.4628742
306.44396119999993
296.5600712
314.9434104
292.82767350000006
274.371053
276.2449444999995
292.8089754
317.97530579999994
298.8060725
286.0277787
310.23879900000196
300.67635459999997
307.50923443900007
268.6702401
297.02003873
305.6644599
323.57721749999996
312.7667912
276.40277583000005
288.63935852
304.9860591000001
287.61709321000006
311.99174170000003
303.86955509999996
287.3461679
297.786878700005
299.1647610999999
288.30546644
303.23205479999706
286.30386569999996
333.19413570000853
298.265991399994
318.42337069999996
291.453665
287.5202541
319.7219076
306.28723738
279.35249039999997
288.8504558
308.358677
309.4862293
310.91390129999996
294.63442069999996
273.7931826
296.9764439
291.7714832999955
309.0742099
313.4537485900001
302.3248545
295.2965328000001
302.740598100012
297.9434856
282.93202160000004
294.39343202999993
319.3793091
290.14377359
298.887150099998
297.8756047
293.1222796999999
286.52567677
288.44826146
280.14955839999993
284.77965300000005
311.9141919
283.16176259
283.55306210000003
279.2362513
311.1157294000001
298.1633505
