0.8969698367309289
0.9213648701046917
0.966916468652897
0.8907624633431085
0.9328722002635046
0.9200770634759684
0.9381674990395698
0.946030534351145
0.948754192620987
0.9373371228683866
0.9365816576753311
0.9300804828973843
0.9262294233357491
0.9219723183391003
0.9374302922150346
0.9043848377770639
0.946334200150994
0.9497349619728048
0.9168325958702065
0.8532483867439571
0.939750066471683
0.9426774525390442
0.9504728691334673
0.9444420873992363
0.8800718974679588
0.9636975857687421
0.939382889200561
0.9294905622082403
0.9212523405661417
0.9465550547327752
0.9488372093023256
0.9225486074619023
0.9376899517022028
0.9730994152046784
0.882488045210839
0.9423564143853999
0.904710654407788
0.9394617990214528
0.9165121395458474
0.9625515345854329
0.9452603944941109
0.9426810210105921
0.924981375713931
0.9141156636354347
0.9398438221975788
0.9312479723153455
0.9505740147919196
0.9608566476850705
0.9349938750510413
0.9410134420782359
0.9636358347876672
0.9239955792484722
0.9536176532993846
0.9653027730616864
0.8865554276946682
0.9389763005211919
0.9059281437125748
0.9526018654884634
0.9055481580115402
0.9309120827456512
0.9423442194011048
0.8958866544789762
0.8907376006782535
0.9532994001090711
0.9493718008375989
0.9483920761512735
0.9091759907978668
0.9179044465468307
0.9756151024425159
0.9431842966194112
0.9074574792847797
0.9433356799249091
0.9633802816901409
0.95797641561909
0.9026482655725475
0.8908886852954649
0.9121407624633431
0.9347197508896797
0.856243602865916
0.9371250133447209
0.9711189986923221
0.9572602879607883
0.9517687205613765
0.9209074074074074
0.945460729746444
0.9735521235521235
0.9003169970816142
0.9534712950600801
0.9521003621314019
0.9167677150435771
0.8207841901503556
0.9618023787740164
0.8929341879005784
0.9492985131528784
0.9503071312026106
0.9041147389020496
0.9366807142064988
0.8970047142692883
0.9610536596575894
0.9450496003081961
