0.8832213223045551
0.9227409227409228
0.8796179680940386
0.88948089220629
0.9093096809680968
0.8301210143449589
0.8806414662084765
0.8988808632067059
0.8479905834874727
0.8803607503607503
0.8568504094268025
0.8602872270640053
0.9552274283106412
0.8810502194178287
0.908883495145631
0.82276311278711
0.8873785250104335
0.9209523036988968
0.9073110624315444
0.8716666666666667
0.9222175379426644
0.9165805785123967
0.8920275041813789
0.8313656040928769
0.8446542422756254
0.8409589579686985
0.8773622188690091
0.8652518752006537
0.8636916125747741
0.9332459979269838
0.9257608371916715
0.8891555534537658
0.8620959961408586
0.8214127054642382
0.91587008776343
0.9365763546798029
0.8863870303654143
0.8046643824949384
0.8998225202129757
0.8685871027986048
0.8626520457058606
0.9490434674820263
0.8458591561253077
0.89546783625731
0.8565890685517727
0.8293376190866159
0.8062907166123778
0.8600349159881682
0.9233489906615221
0.920299264205775
0.8743587828079088
0.8943307476481267
0.9071449854523784
0.9126767519234769
0.8420763622768483
0.8287471225168386
0.9272737725652523
0.8274412551006051
0.9080047273146546
0.8491777499245642
0.8656416759127172
0.8559348619666894
0.8687868832512016
0.8302585604472397
0.892414325244785
0.8493340907656378
0.8366147276865183
0.9016226113309201
0.8735692406899888
0.9339673264965419
0.9463547789533683
0.9126047962565802
0.9182654877099321
0.8957907850665795
0.8336972815589957
0.8771596913528474
0.9110255961751501
0.8642940782870525
0.9042046762908511
0.8586008898508899
0.947333916083916
0.9151218892839005
0.8653379772961817
0.8222971829794433
0.9026009671132164
0.8734114540353194
0.8887573825817943
0.8674316528718334
0.9024089622181002
0.9510186438129604
0.9317382975179077
0.9309030588466162
0.9057550430789867
0.8649898078043099
0.8294564333752125
0.9379157106769566
0.9007794738551478
0.8735257532479499
0.8624211314297936
0.9243459423429429
