291.0955228
293.402298700008
302.2291436
337.6504652000001
271.2597469
274.4972652
295.0728312
274.79717689999995
264.21654269999897
289.91351059999994
298.6336309
308.1482745000001
286.1631992
301.500001
293.53984620000006
248.5
306.54585499999996
274.81755360000005
295.51094499999994
283.85887338000003
294.27166990000006
292.9659111
276.1743664
291.165679899991
291.110568
289.13075299999997
292.0210663
299.2835389
311.83333447000007
271.71902841
284.75546204999995
297.81579109999996
232.25
301.2883895
292.7694443
293.027539
277.24712938
283.0753511
287.2288419
276.3813315
271.25942977
300.5000006
290.3036797
283.53154739999997
284.41499904
293.4412112999842
282.29549676999994
275.7545043
292.1462465
302.407217
287.49999979999996
294.0750288
249.0
315.6044934899991
277.92155579998604
290.57881864
270.581154
278.3865324000001
290.35981280000004
273.6666675
287.87096819999994
286.30937520000003
302.1242391
274.80757809999994
307.34524569999996
269.920788100003
317.8997619
282.1117791380001
294.0875003
296.11653649999903
223.875
289.102401
293.611667
292.2630661
294.88210139999995
288.35312130001
278.2524594
273.5678584
299.97442579999995
273.674136212
280.14267729999995
269.1304346
277.1680930200001
268.15693120000003
300.51814270000006
282.9874251
260.35294218
303.11199120000003
258.82768899999996
272.32007170001907
277.8333337
276.9477462
306.1108006
300.626190099999
297.24838630000005
342.0529886
299.5210533
288.1498857000001
283.86521389999996
292.726347100003
