0.9392006802721088
0.9377783638068449
0.9293515475212271
0.9614378401004604
0.920041787206686
0.932818959715412
0.9434923066089222
0.9500945273631841
0.9220764041942162
0.9482921891327064
0.9341575091575092
0.9424254146646035
0.9751105002156102
0.917739340305712
0.9504313469624475
0.9258213993893261
0.9341966362497763
0.9078276145952779
0.9601655402515186
0.8987725887219682
0.9417832397464946
0.9627503465769991
0.9415032851972875
0.8971440459978817
0.9319852941176471
0.9556451612903226
0.8835608158600378
0.9593626876796933
0.9269689101923974
0.947277071499414
0.9558377558756633
0.9280217823266974
0.9287308947278036
0.8865056818181818
0.9219970864786121
0.9605321507760533
0.9548529095984539
0.9070068887178924
0.9633333333333334
0.9497191011235955
0.9163561984074805
0.9692239511522552
0.9093801201529219
0.9437183549218774
0.9001151865570513
0.9266564650551579
0.9236585466216772
0.9240515653775322
0.9136531744401069
0.9339961003184144
0.933056598800817
0.9486697513013302
0.955140920737251
0.9304469637737816
0.9404117647058824
0.9601867352226076
0.945141968306349
0.9183240661534074
0.9278720176527375
0.9391609334952111
0.9143047668215454
0.9199587264150944
0.9109770479107262
0.8885715187476328
0.945285908781484
0.9600767529872007
0.9634827386132869
0.9502451675968846
0.9326379780042378
0.950544015825915
0.9754513934318985
0.9460953697304768
0.9847324089889146
0.9521378195709668
0.9418750461016449
0.9295424970892404
0.9550524241784533
0.9222164022747681
0.9562602651924849
0.9156540106394075
0.9520195887971508
0.9705381400208987
0.938546312455562
0.9144989278862431
0.9618097401192793
0.9452377591669019
0.9553344238458742
0.9260625379477838
0.9474956684699976
0.975844642352276
0.926257595026141
0.9659264931087289
0.9313132253459939
0.9366641901931649
0.922533720437912
0.9735039679201368
0.9482554467950742
0.9522
0.9354783408596755
0.9685780874262938
