0.8923164921254365
0.9294123641426462
0.8820367165753241
0.904743862996537
0.9040490506250589
0.8289609834209412
0.8843620113543956
0.9055481093941499
0.840278190849398
0.8821205252923148
0.8626850460844031
0.8677620235996298
0.9657679502486057
0.8852459098436164
0.9203713935907327
0.82497587216755
0.8976437905885245
0.9275787323099244
0.9122900375211966
0.8676325061833076
0.9243384606086714
0.9225934863491543
0.9033824403847563
0.8336905347853475
0.8517414184670373
0.8560303263965588
0.8851635711671686
0.8812072047733631
0.8734178737814197
0.9281542814969536
0.9309191739600615
0.8886157422975888
0.8650944811680684
0.8305293382376931
0.930908756340432
0.9490191556721664
0.888721960197669
0.8126452805997356
0.8933048359070052
0.8751374292985473
0.8680578993309829
0.952059696822681
0.8541983247575495
0.8966068131032023
0.8553246751966727
0.8443966602209213
0.8084124388554779
0.8618731957790815
0.9191683157817245
0.914824508820158
0.875714448411204
0.9120151048720865
0.9131682489073769
0.9079759222847602
0.8474411072364556
0.8330838079461681
0.938131263285948
0.8241683750703397
0.9078436392898858
0.850446266432538
0.8725482207549238
0.8498446193116286
0.889864882780089
0.8439698645407264
0.9044843150913516
0.8556107985506687
0.843283505029734
0.904938850404984
0.8691761703205956
0.9312582570378055
0.9524597892930857
0.9117695106130058
0.9265349990456664
0.9056108603605058
0.8439505390695916
0.876507189590488
0.8943395181834873
0.8641630093855244
0.9062297479517106
0.8492322033671896
0.9432389912125199
0.9198771594694388
0.8672423550331402
0.8077900674178646
0.9042080506732127
0.87191888346678
0.8814592533522975
0.8705153073588433
0.9120164528230028
0.9570361367399587
0.9336549200192628
0.9315878381251701
0.9093745256655542
0.8770354037415456
0.8309598160187843
0.9381101764436476
0.9075678473774194
0.8705011345078395
0.8610263563811825
0.9326197915013136
