14.0
10.75
14.5
12.0
13.714286
13.5
13.0
13.0
13.5
11.5
10.0
15.833333
6.75
10.0
13.333333
7.0
15.0
13.0
13.0
16.0
9.5
13.0
16.0
10.0
13.0
11.5
17.111111
14.0
11.5
13.0
15.0
17.0
12.333333
8.5
12.5
15.5
11.5
12.0
13.0
11.0
7.5
16.0
10.666667
14.0
15.0
9.5
6.25
9.6666667
12.0
18.0
10.5
15.5
15.0
12.5
16.25
11.5
11.5
16.75
12.0
14.5
11.5
19.5383
14.333333
16.0
9.0
13.5
10.0
9.5
13.727273
6.5
14.0
16.0
8.3333333
17.857143
9.5
12.285714
11.0
12.0
11.0
14.0
14.0
9.0
12.0
16.8
16.0
8.5
14.0
12.0
13.75
13.0
12.0
15.0
8.5
14.714286
11.0
9.5
17.0
12.0
15.0
13.666667
