0.9034210454408831
0.8718238578540584
0.9079125120617562
0.8797474180834843
0.867798659193318
0.8984097287184284
0.8471429676022578
0.8524376923840731
0.8821445826022835
0.8891632989073492
0.8378752107925801
0.9149766733314291
0.7991906344847521
0.8040838670827175
0.8690088094107717
0.7930445623495984
0.8706819369645739
0.8833024735317856
0.8891059557726224
0.9289432399763393
0.8223888764520061
0.89464984284196
0.9212666105542378
0.8136703792252221
0.8572929292929293
0.8507748301060594
0.9392076502732241
0.8938499153658078
0.8808151045439181
0.8136609783845279
0.8905447830101569
0.9242524252425243
0.851403947734223
0.9022202038550813
0.8528947936919421
0.902984774128602
0.8731054498548855
0.8811408546102424
0.8520905130372586
0.8353928299008391
0.8194485043359642
0.9264590714152526
0.87849543499585
0.8237411864364551
0.9146652380559905
0.810185824195486
0.8530329847144006
0.8388410104011887
0.8833073287655745
0.9355767678863757
0.8449928150240325
0.9293440516227819
0.8759466407281318
0.8643421282108777
0.9064487729723781
0.8841894596397598
0.8278155706727135
0.9071978809749459
0.8578212362474557
0.9239947742778343
0.8546442687747036
0.9938519447929737
0.9298464092984641
0.8972452636968766
0.8318790596079784
0.8896395997520588
0.7773459383753502
0.8011454161822331
0.8711873798116098
0.7780610680334691
0.8952177570698246
0.9081277433025579
0.83034112275047
0.9573501872659176
0.8220136091577342
0.8782396715422119
0.8556730742326311
0.8699511762094985
0.8767854480393619
0.9048902659437129
0.8173511842502847
0.8508131084601673
0.8710455764075067
0.9707600513407569
0.9152247252149309
0.8456383975312723
0.8997873848334514
0.8212489624530053
0.9142083002907745
0.8595261902930543
0.8661151357958441
0.9355359029979421
0.818361816271224
0.8673241831045776
0.8839240543999047
0.8265922035653525
0.9340898038579997
0.8479442195231669
0.8987697544371505
0.8853317811408614
