283.34038659998504
309.7417545
298.46432189999996
306.1699796
292.7533946
305.26169530000004
284.385246800001
297.10292329999993
292.4888282
311.75046990000004
301.20555332000004
302.9498607499999
269.28879352999996
280.2362431999752
284.3953649
316.6187819
333.5452651
296.082274800004
290.265593
287.82205690000006
319.1580533
299.70697309999997
292.3702462
300.1366598699999
287.94617670007295
309.64520160000006
295.21361099999905
310.35475080000003
296.193744300004
281.4710176
308.27784626
325.13393406
313.146694300021
297.56837013000006
293.97777780001303
318.9224956
296.87844413
294.81369299999994
332.84124941000005
279.213089500002
302.0123646
311.29285250000004
298.5426057999639
290.5408812
274.67590795
291.9278236
292.27656629999996
303.7898331
299.629139100003
291.5038746
311.5490627000001
282.16746429999995
280.49265600000194
296.61247409999896
284.49104179999995
289.8583168
286.000000100006
287.0365056
304.960649700006
292.7902853
289.01418767999996
301.733804099998
286.9598313
300.38099170000004
312.70153659999994
330.78769689999996
290.07181119999996
306.04205299
312.34562159999996
306.9834955
307.1026996
312.87900346000004
312.4934898
290.83313250000003
312.17687753100006
287.000419199998
306.0526182
290.044891399999
294.18598888
343.22540130000306
292.09290189999894
313.435151199999
307.3267942
301.369336200001
306.2080129
304.52779190000103
318.2057967
266.25000009999997
281.572777700035
287.94668249999995
301.02297350000003
301.6845237
310.20816419999994
304.65200929999804
279.485312600004
336.76954269000004
306.8361414
309.90137979999804
288.842133800002
277.4348202
