(9,77,9,1) (52,14,4,1) (85,68,22,1) (80,24,16,1) (91,96,9,1) (56,17,5,1) (30,43,7,1) (66,44,7,1) (94,72,7,1) (42,46,11,1) (48,68,14,1) (49,53,16,1) (73,58,6,1) (76,30,2,1) (19,32,3,1) (46,39,6,1) (42,28,13,1) (65,42,14,1) (72,66,16,1) (67,7,11,1) (90,33,6,1) (91,70,3,1) 
(69,32,10,1) (80,45,14,1) (9,85,7,1) (64,54,8,1) (40,2,2,1) (51,69,19,1) (86,46,4,1) (4,12,12,1) (61,88,19,1) (66,95,8,1) (94,15,6,1) (26,77,4,1) (47,46,13,1) (17,47,6,1) (24,4,3,1) (81,20,13,1) (55,28,13,1) (31,28,9,1) (2,51,20,1) (69,18,19,1) (74,6,11,1) (68,36,5,1) 
(73,53,14,1) (83,20,14,1) (98,97,6,1) (85,38,4,1) (70,93,11,1) (90,53,11,1) (40,65,10,1) (55,66,13,1) (80,22,8,1) (59,92,7,1) (77,64,19,1) (2,33,2,1) (53,70,5,1) (24,20,17,1) (27,80,4,1) (86,3,17,1) (9,29,5,1) (58,18,10,1) (64,43,11,1) (47,6,11,1) (12,33,5,1) (93,15,6,1) 
(62,30,15,1) (61,57,15,1) (92,25,14,1) (81,11,7,1) (52,42,9,1) (70,82,3,1) (38,64,1,1) (51,63,13,1) (85,69,12,1) (45,73,5,1) (57,17,8,1) (98,45,13,1) (62,65,7,1) (12,13,13,1) (19,61,8,1) (57,39,9,1) (94,14,18,1) (53,85,3,1) (10,60,8,1) (71,74,13,1) (20,11,13,1) (47,72,14,1) 
(49,23,9,1) (77,70,16,1) (5,85,7,1) (97,46,14,1) (11,91,5,1) (78,12,15,1) (39,73,2,1) (42,16,10,1) (84,80,16,1) (81,27,16,1) (42,89,19,1) (23,8,9,1) (33,51,11,1) (78,15,12,1) (43,55,6,1) (77,92,15,1) (14,7,10,1) (75,54,11,1) (24,7,5,1) (82,31,4,1) (0,68,13,1) (85,78,1,1) 
(58,78,13,1) (52,76,15,1) (21,96,9,1) (98,74,6,1) (62,57,14,1) (56,78,8,1) (25,98,3,1) (5,88,15,1) (24,32,6,1) (0,94,16,1) (10,66,5,1) (78,93,7,1) (69,95,17,1) (4,46,15,1) (14,10,8,1) (47,67,9,1) (79,38,17,1) (76,12,12,1) (12,85,17,1) (44,81,8,1) (59,65,4,1) (99,59,6,1) 
(87,68,12,1) (98,58,13,1) (51,91,2,1) (23,12,10,1) (43,56,13,1) (97,68,3,1) (26,7,4,1) (8,54,7,1) (76,30,11,1) (63,73,15,1) (14,12,9,1) (30,31,5,1) (24,16,6,1) (79,27,5,1) (60,19,8,1) (24,68,7,1) (52,31,7,1) (0,64,13,1) (11,3,7,1) (16,73,8,1) (16,43,9,1) (93,69,14,1) 
(29,90,16,1) (55,60,14,1) (35,73,9,1) (80,76,8,1) (54,62,12,1) (44,41,18,1) (83,61,11,1) (89,65,11,1) (14,44,16,1) (40,27,14,1) (84,66,4,1) (30,61,4,1) (70,84,10,1) (86,68,9,1) (86,4,4,1) (80,32,7,1) (79,49,9,1) (92,5,2,1) (68,64,16,1) (92,71,8,1) (45,39,5,1) (42,19,10,1) 
(63,30,11,1) (6,30,20,1) (57,39,11,1) (88,15,12,1) (96,26,18,1) (37,43,16,1) (63,31,11,1) (20,65,16,1) (9,39,12,1) (80,3,11,1) (93,8,7,1) (45,8,11,1) (85,25,10,1) (39,8,8,1) (83,45,10,1) (15,64,17,1) (5,9,6,1) (88,93,6,1) (63,55,10,1) (37,77,4,1) (76,75,10,1) (81,78,11,1) 
(71,29,10,1) (57,27,12,1) (64,56,8,1) (0,23,6,1) (76,54,6,1) (66,14,14,1) (29,8,11,1) (3,83,7,1) (31,30,21,1) (92,55,6,1) (6,0,16,1) (6,2,8,1) (19,69,12,1) (23,5,10,1) (35,2,4,1) (74,19,12,1) (9,26,6,1) (53,3,17,1) (77,89,14,1) (61,11,10,1) (13,25,10,1) (97,81,7,1) 
(72,13,15,1) (72,34,11,1) (23,27,7,1) (83,67,10,1) (76,75,5,1) (15,17,7,1) (15,31,22,1) (0,78,10,1) (69,10,13,1) (1,48,6,1) (50,77,18,1) (17,27,15,1) (83,97,11,1) (32,79,11,1) (80,56,10,1) (61,17,12,1) (90,4,11,1) (97,98,7,1) (38,60,9,1) (13,92,4,1) (75,61,16,1) (17,12,16,1) 
(94,90,3,1) (42,97,8,1) (52,1,2,1) (36,50,8,1) (78,50,8,1) (58,43,3,1) (83,15,17,1) (30,63,10,1) (5,81,13,1) (13,31,5,1) (96,59,6,1) (85,75,12,1) (99,42,10,1) (30,81,11,1) (58,40,4,1) (15,6,6,1) (35,63,3,1) (79,78,12,1) (17,3,15,1) (50,88,14,1) (96,43,7,1) (38,17,7,1) 
(67,66,1,1) (72,19,5,1) (5,3,1,1) (78,28,11,1) (39,28,5,1) (84,43,13,1) (27,93,9,1) (39,26,6,1) (60,18,13,1) (6,51,8,1) (21,79,17,1) (59,95,12,1) (1,5,6,1) (11,21,6,1) (25,0,20,1) (62,11,17,1) (70,64,11,1) (26,53,3,1) (59,90,10,1) (11,2,10,1) (87,3,10,1) (33,96,6,1) 
(31,65,9,1) (36,2,7,1) (64,46,6,1) (78,95,6,1) (71,58,6,1) (74,25,13,1) (19,83,7,1) (87,9,10,1) (62,88,11,1) (49,76,7,1) (84,69,7,1) (68,0,4,1) (39,85,9,1) (57,91,13,1) (26,71,13,1) (13,46,15,1) (13,7,12,1) (99,87,12,1) (2,31,10,1) (2,66,16,1) (0,32,9,1) (15,44,5,1) 
(3,57,11,1) (50,29,6,1) (0,30,4,1) (67,96,3,1) (83,59,7,1) (89,37,15,1) (61,30,12,1) (37,87,11,1) (47,4,17,1) (86,79,6,1) (72,46,16,1) (44,57,10,1) (34,77,11,1) (38,52,2,1) (68,9,18,1) (81,66,6,1) (90,23,10,1) (41,20,17,1) (12,33,16,1) (11,33,12,1) (21,89,14,1) (73,69,4,1) 
(67,27,5,1) (14,56,13,1) (93,6,15,1) (59,10,9,1) (40,52,15,1) (16,91,9,1) (3,0,5,1) (28,37,13,1) (69,9,8,1) (46,38,4,1) (51,44,6,1) (37,6,6,1) (99,62,9,1) (58,54,9,1) (43,55,2,1) (81,8,3,1) (62,67,11,1) (41,49,4,1) (64,79,16,1) (22,26,5,1) (85,45,10,1) (1,44,16,1) 
(60,4,14,1) (17,42,6,1) (94,73,17,1) (26,58,9,1) (64,38,17,1) (88,31,10,1) (83,67,8,1) (22,3,6,1) (9,2,8,1) (35,87,10,1) (18,7,8,1) (8,73,9,1) (5,94,3,1) (48,46,9,1) (18,21,13,1) (13,19,10,1) (97,43,3,1) (71,93,5,1) (1,26,12,1) (77,10,8,1) (29,98,8,1) (52,47,8,1) 
(74,38,2,1) (89,77,14,1) (37,52,10,1) (57,52,9,1) (71,4,14,1) (6,70,12,1) (64,62,7,1) (73,33,11,1) (77,78,19,1) (51,98,6,1) (50,57,17,1) (20,55,10,1) (21,31,12,1) (11,15,7,1) (21,58,14,1) (87,34,14,1) (36,58,10,1) (48,23,7,1) (72,76,8,1) (87,79,13,1) (62,99,8,1) (66,37,10,1) 
(48,21,8,1) (0,34,10,1) (72,54,6,1) (6,92,7,1) (13,59,7,1) (40,58,16,1) (43,31,8,1) (76,11,12,1) (64,18,15,1) (88,46,12,1) (44,17,11,1) (97,34,19,1) (91,96,5,1) (95,93,2,1) (76,15,17,1) (73,92,7,1) (41,5,4,1) (82,57,9,1) (37,20,3,1) (87,43,14,1) (71,13,12,1) (9,19,4,1) 
(37,95,11,1) (94,92,22,1) (99,13,3,1) (26,87,8,1) (98,67,11,1) (77,79,11,1) (33,4,9,1) (83,8,10,1) (46,69,17,1) (90,17,11,1) (62,84,9,1) (20,47,11,1) (11,97,16,1) (49,68,2,1) (83,6,13,1) (71,0,9,1) (47,63,6,1) (80,26,13,1) (1,34,9,1) (76,19,8,1) (61,48,16,1) (0,93,8,1) 
(39,43,12,1) (2,0,18,1) (41,52,16,1) (10,66,4,1) (6,1,4,1) (13,16,4,1) (13,57,16,1) (91,84,6,1) (99,67,3,1) (74,82,6,1) (71,31,19,1) (19,76,4,1) (6,92,16,1) (85,15,7,1) (89,4,19,1) (70,87,6,1) (9,96,12,1) (97,33,14,1) (13,65,13,1) (10,93,6,1) (68,76,14,1) (39,60,9,1) 
(58,68,18,1) (25,26,9,1) (39,57,12,1) (37,78,5,1) (5,99,8,1) (67,86,8,1) (85,4,10,1) (42,9,5,1) (11,69,6,1) (74,92,17,1) (67,49,4,1) (31,43,11,1) (79,30,3,1) (26,10,17,1) (61,86,10,1) (20,71,4,1) (69,31,8,1) (85,9,12,1) (83,96,9,1) (60,43,5,1) (54,84,14,1) (75,63,9,1) 
(9,22,10,1) (99,93,5,1) (4,69,5,1) (85,8,13,1) (74,46,6,1) (1,50,7,1) (34,19,4,1) (79,57,11,1) (35,52,3,1) (11,65,14,1) (20,48,1,1) (33,25,16,1) (24,66,3,1) (20,97,13,1) (17,88,17,1) (56,72,8,1) (46,24,1,1) (87,92,8,1) (97,42,10,1) (58,67,11,1) (32,80,7,1) (18,54,14,1) 
(25,31,12,1) (24,1,6,1) (52,32,18,1) (29,84,11,1) (68,54,10,1) (7,4,18,1) (49,1,14,1) (27,34,10,1) (39,90,7,1) (34,72,11,1) (65,96,10,1) (11,91,6,1) (21,87,14,1) (48,28,5,1) (17,45,17,1) (57,29,12,1) (48,81,6,1) (99,56,12,1) (29,71,6,1) (87,17,6,1) (52,84,18,1) (45,24,9,1) 
(69,71,16,1) (8,15,10,1) (0,55,9,1) (74,82,12,1) (29,28,9,1) (98,32,7,1) (48,52,8,1) (37,4,5,1) (55,53,11,1) (9,40,14,1) (46,70,5,1) (78,86,11,1) (30,83,12,1) (63,71,9,1) (70,59,19,1) (22,64,11,1) (26,80,5,1) (72,12,13,1) (67,60,5,1) (75,45,11,1) (58,87,7,1) (20,93,12,1) 
(15,73,13,1) (6,63,6,1) (38,15,6,1) (2,79,8,1) (72,68,11,1) (81,56,6,1) (96,78,9,1) (63,66,15,1) (20,64,15,1) (87,65,8,1) (0,49,7,1) (32,23,5,1) (57,77,12,1) (47,59,2,1) (13,50,13,1) (90,67,5,1) (28,82,5,1) (55,75,2,1) (82,89,11,1) (51,23,5,1) (65,15,6,1) (80,30,14,1) 
(85,56,3,1) (90,70,14,1) (14,62,8,1) (1,95,5,1) (65,85,9,1) (69,11,11,1) (99,16,15,1) (15,77,12,1) (14,70,11,1) (86,75,12,1) (55,0,4,1) (49,51,12,1) (38,96,4,1) (70,88,11,1) (70,50,1,1) (78,58,20,1) (28,67,9,1) (98,58,9,1) (95,78,6,1) (56,18,12,1) (68,61,2,1) (79,86,9,1) 
(96,1,14,1) (75,26,14,1) (2,92,3,1) (65,34,7,1) (29,86,6,1) (74,55,9,1) (27,82,8,1) (3,98,6,1) (86,9,10,1) (97,60,7,1) (17,68,9,1) (89,42,16,1) (93,91,20,1) (96,84,9,1) (48,51,11,1) (24,69,4,1) (92,94,13,1) (57,18,11,1) (63,72,11,1) (89,30,14,1) (54,9,6,1) (75,53,2,1) 
(87,93,6,1) (25,95,12,1) (61,27,8,1) (1,84,15,1) (15,86,13,1) (37,82,10,1) (90,66,13,1) (50,36,11,1) (54,72,11,1) (95,26,5,1) (73,75,11,1) (99,2,13,1) (78,58,3,1) (44,20,4,1) (38,89,9,1) (86,11,20,1) (9,38,13,1) (10,69,12,1) (23,19,9,1) (96,44,10,1) (39,58,11,1) (24,83,8,1) 
(19,57,3,1) (20,19,4,1) (95,42,4,1) (9,69,9,1) (40,9,13,1) (94,83,9,1) (40,46,9,1) (16,47,20,1) (73,0,9,1) (63,77,5,1) (11,96,10,1) (89,16,17,1) (86,56,9,1) (54,4,2,1) (26,53,5,1) (29,74,9,1) (33,56,18,1) (24,48,11,1) (48,41,13,1) (94,16,16,1) (77,46,10,1) (79,95,20,1) 
(11,2,14,1) (0,59,13,1) (62,43,4,1) (11,80,14,1) (18,22,12,1) (45,14,7,1) (42,20,10,1) (87,80,2,1) (8,78,9,1) (6,27,13,1) (76,88,12,1) (36,49,12,1) (41,93,15,1) (88,25,12,1) (34,94,7,1) (55,73,13,1) (64,3,5,1) (38,66,11,1) (36,56,10,1) (77,64,8,1) (95,84,9,1) (10,96,18,1) 
(81,68,13,1) (9,4,13,1) (4,39,14,1) (42,39,11,1) (53,94,11,1) (89,94,9,1) (54,18,13,1) (38,61,14,1) (79,85,2,1) (37,44,7,1) (77,19,11,1) (12,58,20,1) (31,48,16,1) (57,14,7,1) (40,18,9,1) (35,72,13,1) (52,88,12,1) (12,27,3,1) (60,39,1,1) (13,2,14,1) (7,27,4,1) (30,62,18,1) 
(44,20,12,1) (19,59,14,1) (36,19,11,1) (83,8,16,1) (33,76,15,1) (2,76,9,1) (8,54,7,1) (42,0,2,1) (37,76,10,1) (57,4,9,1) (28,17,10,1) (80,25,13,1) (83,70,14,1) (91,80,12,1) (13,12,3,1) (90,47,17,1) (26,19,13,1) (40,41,9,1) (97,44,9,1) (49,71,14,1) (92,43,1,1) (5,74,11,1) 
(68,13,7,1) (95,17,6,1) (39,8,18,1) (67,84,14,1) (92,5,12,1) (38,64,9,1) (37,33,11,1) (89,14,11,1) (56,55,17,1) (72,55,8,1) (95,22,8,1) (19,55,11,1) (90,17,10,1) (90,91,11,1) (57,71,11,1) (35,8,17,1) (91,21,4,1) (75,16,11,1) (21,6,2,1) (40,15,20,1) (73,69,4,1) (31,32,9,1) 
(43,7,20,1) (61,16,4,1) (90,79,8,1) (41,94,5,1) (82,67,14,1) (31,36,21,1) (66,13,2,1) (19,67,3,1) (75,51,5,1) (18,7,7,1) (94,49,9,1) (84,99,7,1) (69,72,14,1) (24,5,5,1) (11,73,10,1) (86,5,18,1) (86,30,8,1) (7,3,11,1) (85,39,14,1) (35,51,11,1) (79,29,7,1) (78,39,19,1) 
(72,43,4,1) (19,90,19,1) (67,53,10,1) (5,95,8,1) (14,20,4,1) (27,2,1,1) (9,53,4,1) (90,49,5,1) (73,70,14,1) (21,38,8,1) (0,18,1,1) (2,22,15,1) (94,7,17,1) (43,4,12,1) (57,62,10,1) (0,84,6,1) (59,70,10,1) (69,37,11,1) (65,10,8,1) (79,30,9,1) (18,97,5,1) (92,10,6,1) 
(83,8,8,1) (43,53,4,1) (93,24,8,1) (47,78,9,1) (90,70,10,1) (65,75,15,1) (55,40,15,1) (76,35,12,1) (40,6,5,1) (99,8,4,1) (40,5,13,1) (30,42,13,1) (97,0,12,1) (38,86,13,1) (52,55,3,1) (16,34,13,1) (74,61,5,1) (89,64,8,1) (38,82,8,1) (93,50,11,1) (7,65,10,1) (43,33,3,1) 
(20,58,15,1) (77,22,6,1) (16,95,14,1) (84,9,8,1) (81,21,18,1) (15,83,6,1) (8,36,14,1) (68,71,3,1) (92,9,16,1) (39,43,7,1) (50,22,17,1) (66,25,18,1) (81,25,16,1) (85,70,8,1) (91,99,15,1) (26,32,1,1) (19,58,14,1) (6,15,13,1) (26,65,13,1) (25,58,4,1) (34,41,4,1) (59,26,2,1) 
(91,13,3,1) (57,34,13,1) (6,32,14,1) (75,82,11,1) (42,62,7,1) (15,39,1,1) (13,0,6,1) (73,51,10,1) (12,19,11,1) (40,88,16,1) (13,99,11,1) (67,71,12,1) (97,59,1,1) (53,33,11,1) (49,57,9,1) (64,27,14,1) (1,16,14,1) (51,29,9,1) (54,8,15,1) (34,56,13,1) (14,70,11,1) (90,89,10,1) 
(11,63,12,1) (74,0,11,1) (32,93,18,1) (1,81,12,1) (12,52,9,1) (9,36,9,1) (12,14,14,1) (11,30,15,1) (84,5,6,1) (38,57,4,1) (64,43,3,1) (46,58,13,1) (88,22,5,1) (51,46,13,1) (18,2,9,1) (46,76,15,1) (12,18,2,1) (6,16,12,1) (68,44,11,1) (82,14,3,1) (68,69,7,1) (75,3,6,1) 
(43,68,19,1) (55,58,11,1) (44,20,4,1) (32,82,11,1) (59,16,16,1) (10,5,11,1) (88,46,5,1) (52,60,8,1) (32,70,9,1) (20,71,7,1) (25,62,16,1) (52,67,12,1) (31,69,10,1) (13,10,10,1) (88,43,6,1) (29,68,8,1) (35,14,17,1) (76,54,13,1) (47,37,13,1) (60,57,2,1) (22,26,14,1) (69,19,12,1) 
(77,38,9,1) (0,43,15,1) (74,90,14,1) (8,64,20,1) (16,0,10,1) (27,51,13,1) (40,35,13,1) (95,12,8,1) (4,81,11,1) (31,16,2,1) (2,7,12,1) (38,27,11,1) (96,39,4,1) (53,4,19,1) (91,84,7,1) (80,81,14,1) (66,34,16,1) (64,68,15,1) (54,56,8,1) (19,3,12,1) (55,60,11,1) (50,52,7,1) 
(68,55,14,1) (95,35,8,1) (82,64,10,1) (0,38,13,1) (64,25,9,1) (83,53,7,1) (67,6,10,1) (2,37,13,1) (23,67,5,1) (41,30,17,1) (68,57,3,1) (31,38,11,1) (73,82,12,1) (80,59,11,1) (10,50,4,1) (73,97,15,1) (94,14,9,1) (51,74,17,1) (99,2,6,1) (72,39,12,1) (39,59,17,1) (66,89,12,1) 
(20,35,11,1) (94,76,15,1) (41,34,14,1) (54,56,21,1) (91,90,20,1) (81,11,9,1) (98,30,16,1) (61,16,17,1) (94,34,12,1) (68,62,6,1) (68,32,4,1) (47,33,12,1) (19,98,9,1) (95,73,15,1) (1,75,16,1) (71,1,14,1) (33,37,13,1) (57,90,12,1) (49,60,6,1) (5,43,16,1) (24,96,7,1) (39,46,9,1) 
(81,91,14,1) (56,91,11,1) (87,58,10,1) (78,93,13,1) (25,42,3,1) (60,36,4,1) (78,3,15,1) (63,70,14,1) (32,18,11,1) (36,94,23,1) (72,15,18,1) (35,11,3,1) (76,53,16,1) (51,47,11,1) (24,18,13,1) (58,5,17,1) (40,76,12,1) (77,45,23,1) (25,92,15,1) (92,93,6,1) (45,52,14,1) (13,17,10,1) 
(38,89,7,1) (56,89,19,1) (72,90,2,1) (17,80,10,1) (40,88,14,1) (93,57,13,1) (29,91,10,1) (57,40,7,1) (53,23,19,1) (77,44,9,1) (87,94,11,1) (88,14,18,1) (88,15,10,1) (78,72,12,1) (31,69,16,1) (2,31,12,1) (36,32,14,1) (84,79,8,1) (89,90,16,1) (10,33,5,1) (13,26,18,1) (85,9,17,1) 
(77,45,11,1) (20,52,7,1) (72,8,6,1) (43,89,15,1) (16,86,14,1) (17,55,11,1) (89,72,8,1) (59,78,9,1) (33,5,9,1) (48,59,14,1) (46,92,19,1) (19,78,9,1) (91,92,9,1) (67,0,17,1) (49,7,18,1) (73,71,11,1) (9,25,12,1) (99,62,18,1) (82,35,4,1) (82,21,14,1) (4,28,13,1) (22,98,9,1) 
(14,38,1,1) (34,27,9,1) (9,63,12,1) (81,50,3,1) (9,67,11,1) (54,29,13,1) (3,25,12,1) (72,65,17,1) (51,26,11,1) (96,91,5,1) (57,39,11,1) (26,53,3,1) (7,30,15,1) (93,21,6,1) (95,50,20,1) (98,11,4,1) (35,17,4,1) (92,1,11,1) (28,34,3,1) (29,70,4,1) (50,70,9,1) (69,54,13,1) 
(76,31,9,1) (58,76,17,1) (87,94,11,1) (36,99,8,1) (55,29,3,1) (38,54,7,1) (55,30,13,1) (45,36,15,1) (20,55,7,1) (79,20,16,1) (30,84,17,1) (62,63,10,1) (5,10,11,1) (46,49,12,1) (5,38,14,1) (93,24,4,1) (19,9,10,1) (81,28,11,1) (20,49,6,1) (99,63,16,1) (56,14,16,1) (90,22,15,1) 
(52,81,23,1) (54,33,20,1) (31,78,8,1) (69,19,12,1) (84,6,17,1) (51,12,6,1) (21,93,6,1) (78,86,11,1) (18,2,8,1) (68,81,14,1) (17,50,17,1) (41,28,4,1) (15,58,11,1) (32,96,14,1) (36,25,3,1) (93,65,11,1) (2,72,3,1) (42,19,13,1) (88,40,11,1) (4,79,3,1) (10,94,12,1) (3,82,7,1) 
(8,76,12,1) (46,5,19,1) (64,13,19,1) (70,67,20,1) (73,17,2,1) (23,67,14,1) (92,70,13,1) (28,58,13,1) (47,11,7,1) (4,27,12,1) (98,28,3,1) (52,53,7,1) (61,28,10,1) (64,87,8,1) (44,10,16,1) (54,99,8,1) (16,28,14,1) (34,54,10,1) (34,0,10,1) (74,72,6,1) (36,49,10,1) (66,38,10,1) 
(82,24,12,1) (27,55,17,1) (92,96,8,1) (55,35,7,1) (92,98,9,1) (35,59,5,1) (65,77,4,1) (13,21,4,1) (60,12,4,1) (43,74,11,1) (24,88,11,1) (55,54,12,1) (45,16,3,1) (85,92,10,1) (23,2,9,1) (63,48,22,1) (96,63,10,1) (51,82,11,1) (20,18,16,1) (61,72,7,1) (18,30,3,1) (21,16,18,1) 
(51,74,17,1) (15,29,6,1) (8,60,7,1) (40,77,4,1) (20,77,12,1) (27,22,10,1) (11,67,4,1) (97,9,12,1) (36,8,5,1) (92,69,9,1) (99,17,17,1) (94,13,8,1) (70,61,14,1) (7,66,9,1) (33,85,13,1) (46,63,7,1) (63,83,3,1) (46,60,4,1) (43,2,12,1) (73,58,11,1) (7,51,13,1) (67,68,14,1) 
(60,95,16,1) (26,16,16,1) (99,32,7,1) (34,23,20,1) (5,40,6,1) (4,9,16,1) (93,18,22,1) (45,4,13,1) (97,22,14,1) (43,93,15,1) (62,31,5,1) (28,84,14,1) (21,89,8,1) (98,60,4,1) (7,31,16,1) (9,69,10,1) (34,53,16,1) (24,0,11,1) (46,88,13,1) (66,17,14,1) (81,77,16,1) (38,96,11,1) 
(88,78,11,1) (65,61,15,1) (15,84,13,1) (61,14,10,1) (4,29,15,1) (65,3,18,1) (36,9,22,1) (17,95,11,1) (30,88,18,1) (1,79,10,1) (30,12,7,1) (35,48,2,1) (26,86,17,1) (59,67,15,1) (39,9,6,1) (72,67,11,1) (93,1,9,1) (30,10,5,1) (17,78,5,1) (57,32,10,1) (64,26,11,1) (15,21,15,1) 
(27,5,17,1) (51,1,14,1) (80,91,17,1) (55,58,13,1) (52,94,8,1) (78,73,20,1) (8,59,15,1) (86,36,14,1) (10,14,17,1) (42,34,5,1) (53,29,7,1) (92,86,7,1) (83,67,22,1) (54,73,12,1) (57,70,11,1) (17,97,7,1) (47,43,11,1) (90,64,8,1) (68,56,13,1) (57,48,8,1) (41,43,12,1) (20,64,10,1) 
(45,35,15,1) (2,80,14,1) (59,48,11,1) (74,32,20,1) (18,89,10,1) (22,0,6,1) (67,45,12,1) (85,98,14,1) (11,72,15,1) (33,38,10,1) (7,39,14,1) (98,69,12,1) (85,9,5,1) (28,92,19,1) (21,66,15,1) (64,95,15,1) (44,52,11,1) (76,14,10,1) (30,71,20,1) (27,7,5,1) (74,89,10,1) (31,38,3,1) 
(85,17,4,1) (7,85,7,1) (15,12,5,1) (88,96,7,1) (48,28,2,1) (35,54,5,1) (77,98,17,1) (56,53,4,1) (56,6,8,1) (48,51,17,1) (54,80,13,1) (29,87,15,1) (13,43,14,1) (36,95,10,1) (28,92,12,1) (5,15,23,1) (6,89,19,1) (92,57,12,1) (93,94,6,1) (64,57,12,1) (38,91,3,1) (8,50,15,1) 
(90,34,6,1) (20,22,9,1) (9,33,4,1) (95,24,5,1) (17,33,2,1) (36,29,9,1) (73,29,19,1) (82,73,7,1) (76,68,8,1) (80,46,7,1) (67,40,4,1) (32,18,8,1) (87,32,19,1) (4,66,2,1) (3,16,4,1) (80,93,3,1) (33,27,15,1) (69,32,14,1) (23,8,8,1) (22,49,13,1) (39,14,12,1) (13,33,6,1) 
(35,47,6,1) (55,2,14,1) (99,30,8,1) (43,92,17,1) (69,77,5,1) (36,60,13,1) (18,29,15,1) (74,28,3,1) (60,52,7,1) (80,20,6,1) (32,99,14,1) (11,81,4,1) (98,87,19,1) (28,73,13,1) (72,16,11,1) (14,98,18,1) (32,31,18,1) (19,59,8,1) (45,15,13,1) (61,69,9,1) (19,17,11,1) (53,8,5,1) 
(52,90,5,1) (76,72,6,1) (19,23,9,1) (50,43,12,1) (2,95,10,1) (45,33,14,1) (4,89,8,1) (51,90,6,1) (53,40,10,1) (63,62,14,1) (9,25,15,1) (44,38,15,1) (20,83,14,1) (42,15,3,1) (0,22,21,1) (14,50,17,1) (73,17,12,1) (22,11,15,1) (80,2,3,1) (93,17,11,1) (76,20,8,1) (95,63,1,1) 
(75,10,12,1) (74,3,13,1) (70,26,21,1) (69,43,12,1) (19,42,9,1) (32,84,9,1) (82,21,6,1) (21,89,7,1) (2,8,3,1) (34,88,10,1) (84,4,9,1) (50,87,10,1) (27,30,8,1) (19,32,8,1) (12,53,21,1) (33,84,8,1) (42,87,3,1) (92,90,8,1) (75,88,22,1) (10,53,15,1) (31,96,19,1) (51,13,19,1) 
(82,79,11,1) (74,61,6,1) (97,32,9,1) (57,0,8,1) (40,60,12,1) (30,39,13,1) (93,77,4,1) (77,5,13,1) (76,9,11,1) (1,51,10,1) (54,75,12,1) (82,41,14,1) (89,37,6,1) (10,96,6,1) (46,59,17,1) (53,50,11,1) (15,45,1,1) (79,59,13,1) (93,14,13,1) (39,65,13,1) (48,91,13,1) (22,2,2,1) 
(33,38,9,1) (27,72,17,1) (55,53,15,1) (9,52,4,1) (38,44,8,1) (49,18,8,1) (61,96,7,1) (65,24,2,1) (19,60,6,1) (0,19,12,1) (11,24,19,1) (42,9,3,1) (80,45,15,1) (39,87,5,1) (51,11,4,1) (59,20,6,1) (44,14,12,1) (34,93,12,1) (31,59,5,1) (89,58,11,1) (90,41,6,1) (95,15,1,1) 
(46,53,7,1) (43,70,13,1) (14,96,13,1) (83,27,1,1) (58,90,8,1) (19,44,8,1) (9,28,16,1) (37,95,8,1) (12,41,19,1) (37,21,11,1) (1,89,7,1) (18,7,11,1) (94,45,13,1) (27,99,7,1) (72,90,19,1) (46,5,12,1) (66,59,4,1) (10,81,17,1) (70,64,1,1) (77,73,8,1) (18,86,12,1) (2,86,4,1) 
(63,15,8,1) (38,18,8,1) (97,57,8,1) (74,73,8,1) (24,18,7,1) (62,32,6,1) (65,48,12,1) (58,66,7,1) (57,69,10,1) (58,78,5,1) (98,99,4,1) (78,89,17,1) (39,34,6,1) (10,20,8,1) (33,58,4,1) (69,46,14,1) (47,96,14,1) (73,25,3,1) (82,66,2,1) (83,32,9,1) (79,6,19,1) (66,32,15,1) 
(74,96,13,1) (99,26,14,1) (21,13,11,1) (87,63,14,1) (13,29,6,1) (33,18,7,1) (30,42,11,1) (3,72,9,1) (43,74,7,1) (4,47,9,1) (89,61,9,1) (13,68,4,1) (82,34,18,1) (87,2,14,1) (27,17,2,1) (6,50,5,1) (46,13,11,1) (58,96,10,1) (34,66,8,1) (58,56,9,1) (35,20,17,1) (28,39,12,1) 
(43,68,14,1) (88,42,13,1) (68,59,7,1) (81,72,3,1) (74,12,21,1) (62,44,2,1) (47,81,14,1) (66,59,10,1) (46,80,16,1) (97,44,2,1) (73,75,17,1) (91,36,14,1) (11,9,17,1) (17,21,4,1) (40,0,17,1) (28,79,13,1) (53,77,12,1) (90,26,8,1) (96,50,8,1) (29,0,4,1) (46,68,12,1) (32,7,4,1) 
(17,77,9,1) (5,32,8,1) (31,97,15,1) (4,14,7,1) (41,15,6,1) (49,22,17,1) (47,38,11,1) (87,16,6,1) (74,72,13,1) (40,34,11,1) (77,14,13,1) (59,8,6,1) (50,66,18,1) (31,2,11,1) (56,46,13,1) (31,92,9,1) (88,59,11,1) (57,93,10,1) (31,28,13,1) (75,97,5,1) (38,92,12,1) (72,87,14,1) 
(1,28,7,1) (24,23,2,1) (94,35,8,1) (97,11,3,1) (6,33,10,1) (9,15,4,1) (93,89,12,1) (78,35,11,1) (86,78,13,1) (10,44,18,1) (61,4,12,1) (55,51,2,1) (31,1,11,1) (99,65,2,1) (35,5,9,1) (85,70,12,1) (11,30,13,1) (22,48,16,1) (18,90,11,1) (6,59,10,1) (27,72,7,1) (39,78,6,1) 
(9,26,16,1) (48,99,6,1) (56,32,22,1) (36,56,16,1) (81,96,4,1) (53,63,11,1) (93,20,13,1) (15,18,10,1) (50,75,12,1) (23,77,9,1) (6,89,10,1) (42,24,7,1) (16,69,16,1) (69,96,1,1) (85,49,21,1) (6,28,4,1) (69,77,13,1) (11,44,10,1) (87,43,6,1) (24,90,12,1) (29,22,19,1) (89,58,9,1) 
(64,34,5,1) (78,82,9,1) (69,94,3,1) (86,64,18,1) (17,57,12,1) (57,71,15,1) (62,1,5,1) (46,45,3,1) (44,26,21,1) (15,38,7,1) (57,18,15,1) (73,60,11,1) (54,6,9,1) (72,7,9,1) (51,23,15,1) (56,14,13,1) (58,93,13,1) (32,88,9,1) (45,86,9,1) (15,99,15,1) (9,71,9,1) (76,50,1,1) 
(22,20,16,1) (10,69,11,1) (36,20,2,1) (65,18,12,1) (3,18,9,1) (33,29,8,1) (12,38,6,1) (39,64,5,1) (66,81,8,1) (77,87,9,1) (89,5,5,1) (13,59,4,1) (37,88,11,1) (6,41,10,1) (68,77,13,1) (57,31,9,1) (83,95,4,1) (30,80,6,1) (66,89,11,1) (55,73,12,1) (7,57,9,1) (38,85,8,1) 
(4,34,9,1) (0,44,8,1) (36,26,12,1) (52,89,13,1) (47,24,12,1) (29,8,13,1) (57,86,10,1) (6,13,13,1) (86,42,8,1) (11,89,4,1) (77,5,7,1) (52,49,16,1) (70,50,19,1) (56,10,8,1) (98,55,15,1) (83,57,2,1) (98,23,6,1) (44,38,15,1) (94,96,11,1) (30,78,4,1) (40,93,9,1) (25,3,6,1) 
(79,34,14,1) (86,41,17,1) (84,54,5,1) (50,69,8,1) (17,62,19,1) (46,22,22,1) (39,21,17,1) (1,43,2,1) (35,1,12,1) (27,23,8,1) (52,35,5,1) (3,61,8,1) (4,47,3,1) (86,69,9,1) (93,70,9,1) (51,5,8,1) (63,78,11,1) (0,23,4,1) (32,82,11,1) (60,17,10,1) (60,75,4,1) (96,22,8,1) 
(88,63,14,1) (62,90,2,1) (49,70,16,1) (85,93,13,1) (40,55,12,1) (8,25,9,1) (60,82,12,1) (16,61,13,1) (53,74,23,1) (66,35,21,1) (70,53,4,1) (66,70,13,1) (30,40,13,1) (6,65,17,1) (6,52,8,1) (54,23,6,1) (16,66,10,1) (72,50,11,1) (21,41,5,1) (90,74,9,1) (70,32,11,1) (72,68,19,1) 
(33,65,6,1) (91,46,7,1) (64,97,18,1) (11,31,10,1) (27,69,5,1) (28,23,13,1) (89,24,17,1) (7,55,13,1) (66,62,10,1) (13,30,9,1) (48,34,10,1) (61,5,11,1) (32,58,14,1) (64,52,17,1) (76,39,16,1) (13,2,18,1) (90,9,13,1) (88,71,9,1) (5,44,11,1) (25,84,6,1) (96,26,5,1) (44,19,16,1) 
(94,67,14,1) (13,1,10,1) (53,74,5,1) (29,89,7,1) (58,89,8,1) (99,42,15,1) (98,42,7,1) (85,20,5,1) (74,35,9,1) (93,69,14,1) (31,22,7,1) (38,70,1,1) (13,70,5,1) (7,10,20,1) (58,1,12,1) (54,25,15,1) (91,22,1,1) (62,7,7,1) (92,30,11,1) (62,32,9,1) (24,40,17,1) (91,59,13,1) 
(61,68,7,1) (56,98,4,1) (59,41,15,1) (24,71,13,1) (63,90,9,1) (2,52,10,1) (69,50,16,1) (28,44,2,1) (43,92,7,1) (75,17,6,1) (15,71,11,1) (63,91,11,1) (36,64,15,1) (88,67,13,1) (97,83,15,1) (86,56,12,1) (18,78,6,1) (33,49,9,1) (69,25,20,1) (23,36,7,1) (52,82,10,1) (30,55,11,1) 
(85,74,5,1) (67,18,6,1) (12,95,11,1) (71,13,9,1) (54,30,5,1) (70,88,10,1) (1,27,6,1) (52,6,11,1) (78,40,8,1) (9,32,6,1) (85,97,10,1) (21,24,13,1) (32,50,15,1) (93,13,11,1) (37,9,14,1) (8,81,1,1) (81,53,8,1) (91,36,17,1) (52,30,12,1) (98,40,19,1) (5,45,15,1) (81,18,5,1) 
(6,29,9,1) (78,71,12,1) (17,50,8,1) (41,44,5,1) (47,75,10,1) (84,99,16,1) (22,30,1,1) (12,28,11,1) (87,47,10,1) (15,27,10,1) (22,47,8,1) (74,86,17,1) (4,16,9,1) (80,46,13,1) (57,83,9,1) (75,76,10,1) (54,3,16,1) (39,22,9,1) (28,53,2,1) (85,53,13,1) (97,22,12,1) (18,0,16,1) 
(93,56,12,1) (14,49,8,1) (0,4,11,1) (2,41,8,1) (93,20,8,1) (83,96,17,1) (31,43,2,1) (65,40,15,1) (20,60,16,1) (95,62,14,1) (92,21,12,1) (81,92,11,1) (55,13,11,1) (64,28,7,1) (32,96,2,1) (47,20,19,1) (1,57,13,1) (54,37,19,1) (90,55,6,1) (75,76,8,1) (78,55,15,1) (92,45,7,1) 
(74,46,11,1) (40,3,7,1) (57,69,9,1) (50,66,13,1) (56,71,2,1) (18,77,4,1) (86,97,15,1) (54,72,12,1) (69,56,13,1) (5,44,14,1) (57,20,14,1) (15,45,14,1) (71,83,14,1) (74,13,7,1) (76,29,11,1) (89,79,10,1) (0,44,10,1) (71,50,10,1) (94,36,10,1) (60,20,5,1) (59,85,15,1) (25,70,13,1) 
(28,56,16,1) (88,90,5,1) (10,54,15,1) (21,58,13,1) (62,49,8,1) (0,55,12,1) (2,19,6,1) (68,69,5,1) (77,2,8,1) (46,72,16,1) (43,2,15,1) (87,42,9,1) (23,26,14,1) (73,83,10,1) (22,1,10,1) (50,81,1,1) (15,29,20,1) (71,96,10,1) (42,8,14,1) (81,17,11,1) (16,36,10,1) (74,72,16,1) 
(14,4,15,1) (40,68,2,1) (0,80,4,1) (80,55,7,1) (52,4,6,1) (25,15,18,1) (76,55,10,1) (45,60,14,1) (50,65,11,1) (62,91,9,1) (29,18,6,1) (97,56,11,1) (88,42,1,1) (95,85,7,1) (70,64,2,1) (69,61,13,1) (41,88,11,1) (26,16,6,1) (62,78,9,1) (31,93,8,1) (83,51,15,1) (88,73,11,1) 
(72,60,4,1) (98,97,17,1) (46,23,3,1) (67,36,12,1) (99,36,7,1) (33,12,16,1) (42,30,10,1) (87,93,8,1) (8,76,3,1) (94,10,13,1) (62,4,14,1) (23,69,10,1) (33,64,14,1) (64,37,10,1) (31,16,8,1) (94,47,8,1) (35,33,10,1) (63,5,8,1) (73,77,13,1) (19,47,22,1) (54,52,3,1) (23,33,3,1) 
(40,31,8,1) (45,81,22,1) (25,31,2,1) (42,50,10,1) (49,78,13,1) (88,42,6,1) (13,84,16,1) (59,86,10,1) (37,84,9,1) (67,54,13,1) (75,85,16,1) (29,16,11,1) (55,27,11,1) (84,79,11,1) (70,69,7,1) (51,85,9,1) (52,92,9,1) (96,86,13,1) (61,53,22,1) (3,96,6,1) (5,63,8,1) (99,44,16,1) 
(90,49,14,1) (7,88,17,1) (81,42,16,1) (66,86,17,1) (35,79,10,1) (37,42,12,1) (87,41,6,1) (5,13,12,1) (67,40,12,1) (76,1,17,1) (53,12,10,1) (94,54,10,1) (12,0,12,1) (83,25,3,1) (98,12,6,1) (93,23,4,1) (20,2,12,1) (40,6,11,1) (54,86,9,1) (13,47,20,1) (26,42,5,1) (30,24,8,1) 
(98,81,11,1) (8,78,13,1) (83,13,15,1) (47,49,5,1) (70,50,4,1) (51,84,17,1) (39,34,2,1) (21,11,2,1) (90,33,4,1) (68,17,11,1) (84,29,9,1) (61,70,6,1) (56,34,21,1) (18,21,10,1) (64,87,13,1) (32,54,7,1) (65,72,17,1) (54,55,8,1) (42,3,10,1) (52,97,11,1) (26,71,9,1) (36,59,5,1) 
(50,11,15,1) (25,20,4,1) (19,28,11,1) (16,80,8,1) (47,12,14,1) (88,12,5,1) (78,74,4,1) (32,73,16,1) (2,12,13,1) (44,66,5,1) (5,42,8,1) (79,52,3,1) (42,87,12,1) (30,34,12,1) (54,13,10,1) (35,98,19,1) (25,31,7,1) (12,33,13,1) (78,64,12,1) (78,91,5,1) (11,7,11,1) (96,26,20,1) 
(26,46,12,1) (74,77,9,1) (18,51,13,1) (11,54,13,1) (52,84,12,1) (84,82,11,1) (67,36,11,1) (23,21,6,1) (42,6,8,1) (99,93,8,1) (72,21,12,1) (51,21,19,1) (35,9,11,1) (91,98,18,1) (44,93,14,1) (66,45,23,1) (44,10,22,1) (47,23,15,1) (1,74,8,1) (99,40,8,1) (46,28,13,1) (16,87,13,1) 
(97,75,14,1) (35,48,13,1) (25,86,6,1) (53,38,7,1) (68,31,4,1) (3,27,10,1) (45,91,12,1) (10,37,12,1) (86,18,10,1) (69,45,9,1) (10,19,4,1) (74,0,6,1) (74,70,13,1) (79,66,16,1) (67,94,4,1) (75,74,17,1) (29,6,16,1) (99,55,9,1) (40,46,7,1) (56,95,19,1) (58,67,7,1) (78,77,9,1) 
(90,29,18,1) (59,52,4,1) (80,81,2,1) (25,61,10,1) (16,40,2,1) (43,84,14,1) (20,99,5,1) (77,32,9,1) (48,15,8,1) (13,88,12,1) (93,11,9,1) (56,83,7,1) (16,35,11,1) (35,6,15,1) (1,33,6,1) (26,75,6,1) (86,15,1,1) (9,25,9,1) (76,72,10,1) (73,54,2,1) (95,54,10,1) (61,3,14,1) 
(3,0,7,1) (24,73,8,1) (20,65,11,1) (97,95,14,1) (92,1,15,1) (89,13,16,1) (92,58,4,1) (97,48,7,1) (24,20,17,1) (46,56,7,1) (80,53,8,1) (81,49,11,1) (5,74,12,1) (66,57,8,1) (6,18,17,1) (72,95,11,1) (16,65,6,1) (84,51,5,1) (84,97,8,1) (28,71,8,1) (57,99,12,1) (77,56,16,1) 
(22,50,5,1) (48,14,7,1) (15,59,11,1) (47,66,9,1) (85,7,24,1) (25,92,15,1) (95,1,10,1) (38,50,5,1) (19,96,14,1) (34,6,10,1) (79,68,20,1) (71,63,10,1) (9,27,11,1) (67,75,8,1) (66,36,13,1) (28,71,18,1) (50,21,15,1) (20,28,3,1) (23,30,9,1) (65,44,4,1) (10,7,8,1) (93,34,18,1) 
(83,80,12,1) (39,67,8,1) (24,99,17,1) (91,81,18,1) (77,99,7,1) (15,93,16,1) (58,61,9,1) (28,35,3,1) (89,37,7,1) (70,71,14,1) (27,75,12,1) (37,28,10,1) (26,28,14,1) (84,23,6,1) (57,32,11,1) (26,8,12,1) (97,83,12,1) (13,36,10,1) (7,24,8,1) (26,77,11,1) (54,55,18,1) (65,80,9,1) 
(88,50,9,1) (91,5,10,1) (15,25,22,1) (61,46,7,1) (8,7,19,1) (12,87,5,1) (95,87,7,1) (77,46,6,1) (58,3,17,1) (32,60,11,1) (94,28,9,1) (45,16,9,1) (63,19,15,1) (51,9,6,1) (89,45,12,1) (81,19,10,1) (22,52,12,1) (12,61,13,1) (17,39,11,1) (34,86,13,1) (49,87,10,1) (25,0,9,1) 
(9,87,12,1) (45,35,12,1) (12,0,19,1) (48,20,2,1) (94,65,9,1) (83,51,13,1) (60,90,9,1) (42,15,12,1) (18,23,9,1) (57,66,10,1) (78,23,9,1) (52,69,13,1) (95,21,11,1) (45,53,6,1) (88,51,12,1) (13,76,10,1) (22,43,13,1) (23,42,16,1) (10,3,15,1) (5,13,4,1) (70,74,11,1) (22,63,19,1) 
(57,8,6,1) (0,47,9,1) (82,24,8,1) (94,96,3,1) (47,88,16,1) (4,0,6,1) (59,99,10,1) (57,20,16,1) (63,91,7,1) (98,96,9,1) (91,54,11,1) (35,92,22,1) (6,59,10,1) (10,76,9,1) (86,33,13,1) (39,61,14,1) (68,83,3,1) (20,78,3,1) (33,1,18,1) (18,77,10,1) (79,61,6,1) (70,4,10,1) 
(44,69,16,1) (39,94,14,1) (34,27,11,1) (59,0,15,1) (51,97,9,1) (8,39,3,1) (26,13,18,1) (58,17,14,1) (52,18,4,1) (21,9,11,1) (72,37,6,1) (24,88,10,1) (42,89,17,1) (75,98,17,1) (61,53,10,1) (40,34,9,1) (41,95,4,1) (74,81,3,1) (76,50,8,1) (90,84,9,1) (76,5,1,1) (98,93,10,1) 