(60,2,10,1) (13,73,8,1) (83,98,9,1) (84,95,3,1) (10,34,9,1) (83,44,22,1) (84,23,17,1) (54,55,9,1) (44,73,7,1) (44,17,14,1) (13,1,18,1) (66,87,17,1) (52,84,6,1) (94,39,5,1) (34,45,8,1) (21,99,12,1) (88,53,3,1) (45,83,11,1) (68,71,11,1) (71,93,18,1) (62,91,14,1) (73,95,6,1) (58,79,5,1) (19,61,5,1) (11,61,5,1) (79,62,11,1) (44,60,10,1) (25,17,8,1) 
(99,45,9,1) (96,72,6,1) (74,66,12,1) (91,18,11,1) (6,93,5,1) (44,88,9,1) (68,90,12,1) (25,76,13,1) (10,54,18,1) (39,20,3,1) (12,29,3,1) (88,70,12,1) (65,82,2,1) (51,69,7,1) (41,44,15,1) (69,18,13,1) (10,33,10,1) (4,78,6,1) (77,12,12,1) (73,53,16,1) (92,72,9,1) (42,74,6,1) (0,78,10,1) (1,67,6,1) (41,94,19,1) (28,39,4,1) (61,92,7,1) (81,4,11,1) 
(78,80,1,1) (48,36,4,1) (33,4,12,1) (92,48,8,1) (64,33,8,1) (87,18,12,1) (1,56,8,1) (64,36,9,1) (27,59,10,1) (87,62,10,1) (31,17,11,1) (45,42,11,1) (31,84,10,1) (3,87,11,1) (24,10,11,1) (2,65,5,1) (52,26,7,1) (53,30,10,1) (50,6,5,1) (5,51,8,1) (25,24,2,1) (37,69,6,1) (73,92,15,1) (48,93,14,1) (75,43,12,1) (9,38,14,1) (41,15,10,1) (75,44,7,1) 
(68,15,15,1) (68,2,10,1) (70,69,7,1) (32,48,10,1) (60,67,15,1) (7,41,8,1) (9,18,7,1) (8,98,11,1) (10,36,6,1) (74,40,15,1) (67,34,10,1) (1,6,9,1) (23,31,10,1) (83,49,5,1) (25,29,4,1) (31,84,7,1) (34,93,10,1) (98,59,16,1) (1,2,15,1) (39,66,15,1) (68,42,17,1) (91,61,12,1) (36,92,14,1) (40,94,5,1) (57,91,1,1) (5,0,7,1) (92,57,11,1) (39,65,13,1) 
(59,94,8,1) (91,36,19,1) (27,19,12,1) (29,8,16,1) (13,73,11,1) (90,74,10,1) (35,77,10,1) (17,48,11,1) (90,93,10,1) (38,4,12,1) (96,4,7,1) (77,1,18,1) (85,76,12,1) (97,44,10,1) (10,71,5,1) (80,93,19,1) (39,24,13,1) (17,94,7,1) (34,68,15,1) (0,15,2,1) (23,17,12,1) (88,73,18,1) (36,13,17,1) (10,4,15,1) (89,26,7,1) (70,64,10,1) (21,38,11,1) (50,65,15,1) 
(53,47,10,1) (22,79,1,1) (88,83,11,1) (27,19,6,1) (56,46,17,1) (34,87,19,1) (63,45,9,1) (64,54,14,1) (50,55,14,1) (53,34,6,1) (82,2,1,1) (62,9,7,1) (7,47,13,1) (28,57,10,1) (34,19,5,1) (29,91,12,1) (14,36,9,1) (7,81,13,1) (73,92,9,1) (49,79,4,1) (17,92,10,1) (47,82,16,1) (32,30,15,1) (12,96,4,1) (43,53,11,1) (19,25,1,1) (90,2,10,1) (32,27,10,1) 
(93,35,10,1) (50,73,8,1) (38,13,20,1) (84,18,6,1) (3,57,12,1) (90,93,15,1) (28,95,14,1) (2,21,13,1) (60,94,13,1) (94,44,4,1) (23,33,6,1) (67,29,19,1) (97,60,16,1) (21,80,13,1) (54,22,14,1) (22,73,20,1) (33,29,3,1) (60,12,16,1) (55,90,13,1) (35,39,6,1) (66,22,7,1) (47,18,11,1) (91,89,4,1) (58,25,13,1) (68,94,1,1) (93,62,3,1) (46,22,17,1) (96,81,17,1) 
(27,69,10,1) (65,28,11,1) (90,13,10,1) (44,34,14,1) (94,86,18,1) (71,3,16,1) (2,64,13,1) (84,95,11,1) (36,0,9,1) (35,12,12,1) (53,7,17,1) (52,81,12,1) (11,49,10,1) (20,53,21,1) (38,1,10,1) (66,65,7,1) (23,70,14,1) (43,83,5,1) (54,33,16,1) (89,40,12,1) (51,20,10,1) (54,46,4,1) (91,41,23,1) (66,22,5,1) (34,74,6,1) (40,73,17,1) (12,99,24,1) (37,12,17,1) 
(38,3,2,1) (89,47,6,1) (95,38,13,1) (14,65,13,1) (77,47,12,1) (84,62,9,1) (49,5,7,1) (16,42,15,1) (48,80,9,1) (7,49,17,1) (4,22,12,1) (7,96,7,1) (39,89,14,1) (87,35,12,1) (80,70,10,1) (42,4,9,1) (48,30,7,1) (55,13,12,1) (45,86,14,1) (75,78,16,1) (1,2,14,1) (82,41,8,1) (71,73,21,1) (53,21,10,1) (5,50,12,1) (45,94,13,1) (74,4,10,1) (20,74,13,1) 
(87,54,4,1) (88,18,9,1) (42,25,11,1) (14,17,13,1) (14,48,14,1) (69,66,19,1) (61,46,11,1) (97,59,9,1) (12,51,7,1) (68,95,9,1) (6,44,3,1) (23,66,11,1) (48,3,7,1) (84,12,13,1) (58,26,16,1) (12,52,12,1) (30,85,6,1) (72,91,9,1) (13,76,3,1) (65,0,12,1) (16,67,10,1) (18,93,13,1) (45,15,4,1) (48,24,16,1) (88,40,11,1) (72,99,10,1) (22,74,6,1) (92,85,14,1) 
(84,25,9,1) (30,32,12,1) (84,32,11,1) (5,30,4,1) (4,59,8,1) (49,96,11,1) (30,9,10,1) (37,66,15,1) (52,73,2,1) (84,20,11,1) (39,89,18,1) (76,75,6,1) (10,35,6,1) (75,13,11,1) (67,16,13,1) (80,72,14,1) (53,77,14,1) (16,98,9,1) (9,44,19,1) (24,65,10,1) (12,52,8,1) (21,59,4,1) (32,82,5,1) (74,59,12,1) (7,91,11,1) (17,86,3,1) (60,82,6,1) (84,13,3,1) 
(75,48,9,1) (30,25,11,1) (53,64,8,1) (79,43,6,1) (9,0,6,1) (73,1,8,1) (7,23,4,1) (69,73,14,1) (76,4,10,1) (99,3,7,1) (81,35,16,1) (20,74,14,1) (50,28,8,1) (18,38,7,1) (70,83,9,1) (96,41,5,1) (27,70,5,1) (63,49,6,1) (1,2,7,1) (51,98,8,1) (11,65,16,1) (24,92,4,1) (69,2,11,1) (73,82,15,1) (63,25,5,1) (29,5,11,1) (88,29,12,1) (72,64,19,1) 
(64,99,15,1) (16,72,5,1) (5,45,15,1) (89,37,5,1) (46,25,9,1) (94,63,7,1) (36,24,10,1) (32,42,15,1) (91,26,8,1) (84,22,18,1) (68,79,6,1) (12,30,17,1) (57,93,11,1) (3,67,6,1) (97,48,4,1) (72,70,9,1) (40,3,17,1) (41,95,3,1) (90,79,13,1) (15,79,17,1) (98,99,12,1) (80,13,4,1) (57,99,4,1) (10,37,14,1) (17,27,9,1) (42,14,4,1) (85,33,7,1) (10,60,6,1) 
(95,23,4,1) (73,60,17,1) (88,80,11,1) (82,83,3,1) (46,35,5,1) (40,59,4,1) (74,75,14,1) (47,65,16,1) (64,0,14,1) (52,24,6,1) (19,73,12,1) (78,55,1,1) (27,90,10,1) (42,0,16,1) (83,66,18,1) (11,82,17,1) (34,92,7,1) (70,7,5,1) (81,30,4,1) (37,4,15,1) (73,34,9,1) (61,15,11,1) (58,24,7,1) (75,15,15,1) (69,57,12,1) (7,17,8,1) (96,90,7,1) (81,46,10,1) 
(63,47,10,1) (5,90,2,1) (93,70,6,1) (67,14,17,1) (74,25,10,1) (2,24,19,1) (36,68,13,1) (13,80,6,1) (95,39,17,1) (45,28,4,1) (22,47,4,1) (29,63,22,1) (26,66,11,1) (23,32,10,1) (90,33,11,1) (66,71,11,1) (46,90,8,1) (80,51,18,1) (6,29,16,1) (35,32,5,1) (52,51,12,1) (21,88,3,1) (85,23,9,1) (58,11,8,1) (73,36,9,1) (59,86,14,1) (56,99,11,1) (9,54,7,1) 
(61,82,12,1) (22,87,6,1) (87,81,14,1) (42,98,9,1) (9,80,22,1) (38,56,18,1) (9,26,11,1) (75,52,14,1) (66,8,6,1) (64,69,11,1) (51,34,16,1) (88,1,9,1) (76,72,8,1) (48,19,17,1) (26,78,13,1) (90,76,15,1) (47,68,21,1) (16,72,16,1) (54,29,18,1) (81,67,7,1) (70,45,12,1) (97,77,9,1) (30,91,13,1) (89,54,4,1) (34,39,12,1) (85,53,11,1) (91,73,6,1) (97,29,12,1) 
(65,38,5,1) (88,26,4,1) (88,63,5,1) (21,47,14,1) (82,56,22,1) (51,55,13,1) (27,96,14,1) (62,46,17,1) (48,72,3,1) (39,33,9,1) (10,91,18,1) (14,99,7,1) (8,28,10,1) (63,34,14,1) (28,87,17,1) (13,85,5,1) (16,63,2,1) (80,57,12,1) (59,80,16,1) (79,65,2,1) (27,49,18,1) (61,72,12,1) (95,84,17,1) (64,74,8,1) (65,26,6,1) (61,37,8,1) (75,67,8,1) (89,28,14,1) 
(50,67,10,1) (99,12,13,1) (87,94,6,1) (50,59,11,1) (13,87,3,1) (65,88,3,1) (83,23,21,1) (90,4,6,1) (86,58,8,1) (0,85,7,1) (37,46,7,1) (79,62,12,1) (33,88,12,1) (80,82,15,1) (58,97,12,1) (93,19,8,1) (80,14,21,1) (77,13,5,1) (52,12,11,1) (22,90,15,1) (81,8,9,1) (14,93,24,1) (82,96,8,1) (18,99,11,1) (74,95,11,1) (14,15,8,1) (6,3,8,1) (81,73,12,1) 
(88,81,2,1) (28,97,14,1) (50,79,18,1) (28,40,11,1) (84,39,10,1) (28,93,17,1) (77,89,13,1) (68,78,10,1) (52,91,2,1) (56,11,21,1) (47,81,9,1) (55,18,8,1) (75,97,8,1) (99,98,11,1) (93,86,8,1) (72,80,11,1) (15,81,13,1) (88,24,9,1) (73,35,5,1) (3,84,10,1) (10,3,7,1) (93,43,15,1) (94,0,14,1) (42,80,9,1) (66,51,9,1) (56,50,8,1) (28,26,10,1) (96,42,9,1) 
(23,66,9,1) (29,77,6,1) (72,27,10,1) (61,76,8,1) (24,51,11,1) (37,66,7,1) (60,73,9,1) (41,86,10,1) (75,76,10,1) (4,38,11,1) (77,7,7,1) (22,40,17,1) (37,9,8,1) (67,92,16,1) (77,48,1,1) (22,21,9,1) (9,19,13,1) (70,27,13,1) (30,72,12,1) (76,15,22,1) (43,37,9,1) (24,6,2,1) (86,67,12,1) (81,97,13,1) (50,61,15,1) (68,70,3,1) (69,77,16,1) (25,50,15,1) 
(12,3,9,1) (85,52,19,1) (65,67,6,1) (82,92,11,1) (72,34,8,1) (89,0,12,1) (14,0,12,1) (22,87,16,1) (6,59,11,1) (83,29,12,1) (6,63,14,1) (21,22,11,1) (53,68,16,1) (12,46,15,1) (28,70,7,1) (55,41,7,1) (7,17,17,1) (96,41,25,1) (64,83,8,1) (79,61,14,1) (30,10,2,1) (87,28,9,1) (11,39,8,1) (62,0,10,1) (30,21,3,1) (49,48,11,1) (58,38,15,1) (29,60,16,1) 
(98,3,8,1) (31,96,2,1) (77,59,10,1) (20,61,13,1) (48,37,4,1) (95,24,12,1) (27,84,6,1) (21,77,16,1) (36,54,11,1) (10,67,2,1) (75,84,13,1) (84,62,9,1) (12,30,14,1) (94,71,6,1) (49,86,6,1) (47,93,11,1) (54,16,9,1) (22,7,6,1) (19,34,7,1) (22,24,10,1) (69,73,9,1) (32,73,1,1) (80,32,12,1) (91,43,15,1) (36,99,14,1) (50,42,2,1) (62,31,10,1) (6,20,5,1) 
(21,42,13,1) (83,42,5,1) (25,12,16,1) (48,15,15,1) (87,60,13,1) (83,24,14,1) (68,43,14,1) (57,98,18,1) (11,89,14,1) (86,68,20,1) (35,34,20,1) (50,82,13,1) (60,66,7,1) (78,46,19,1) (4,59,14,1) (69,12,12,1) (51,53,5,1) (77,59,14,1) (99,14,13,1) (61,62,13,1) (15,66,10,1) (42,41,10,1) (6,29,9,1) (81,60,10,1) (18,49,8,1) (12,97,14,1) (2,51,10,1) (2,4,13,1) 
(38,67,5,1) (63,22,14,1) (26,42,12,1) (21,22,10,1) (13,63,5,1) (81,36,14,1) (54,62,3,1) (50,83,6,1) (49,73,8,1) (2,9,12,1) (59,72,16,1) (94,38,12,1) (81,10,16,1) (12,10,11,1) (24,20,4,1) (36,20,24,1) (27,4,6,1) (72,0,8,1) (5,32,4,1) (94,27,3,1) (29,77,17,1) (57,13,1,1) (76,36,9,1) (84,85,5,1) (88,68,11,1) (7,8,3,1) (3,67,20,1) (50,76,11,1) 
(37,24,14,1) (27,59,6,1) (31,69,3,1) (37,6,16,1) (46,75,14,1) (44,50,3,1) (91,35,21,1) (9,64,10,1) (62,3,14,1) (5,0,7,1) (33,16,11,1) (42,43,13,1) (90,40,6,1) (98,17,1,1) (80,84,2,1) (73,74,11,1) (24,62,17,1) (87,60,14,1) (71,42,22,1) (78,89,16,1) (8,3,10,1) (88,83,17,1) (44,57,5,1) (86,91,8,1) (69,16,15,1) (84,54,15,1) (44,7,12,1) (30,4,5,1) 
(62,6,14,1) (37,10,11,1) (84,70,15,1) (62,77,1,1) (64,24,4,1) (63,58,10,1) (44,7,17,1) (93,19,7,1) (42,86,4,1) (11,17,10,1) (93,4,8,1) (62,60,12,1) (21,12,5,1) (5,12,8,1) (31,16,13,1) (12,68,13,1) (91,25,10,1) (75,68,8,1) (31,38,2,1) (33,10,8,1) (65,54,13,1) (75,11,6,1) (30,3,12,1) (33,66,10,1) (47,69,4,1) (6,35,12,1) (94,82,1,1) (29,11,15,1) 
(97,70,16,1) (21,17,12,1) (87,98,15,1) (88,67,9,1) (75,21,13,1) (61,25,13,1) (94,85,2,1) (48,20,8,1) (33,84,5,1) (12,47,6,1) (23,51,5,1) (44,96,19,1) (62,65,14,1) (19,8,6,1) (39,43,11,1) (90,13,3,1) (66,46,13,1) (95,1,15,1) (22,20,2,1) (19,26,9,1) (23,40,5,1) (59,80,12,1) (87,94,16,1) (17,46,11,1) (80,53,8,1) (52,58,14,1) (39,16,2,1) (91,59,9,1) 
(51,14,8,1) (47,63,11,1) (38,14,9,1) (28,10,8,1) (59,20,13,1) (39,37,9,1) (75,68,9,1) (74,93,19,1) (30,95,7,1) (49,99,10,1) (83,19,14,1) (13,30,19,1) (2,26,13,1) (89,58,11,1) (18,12,7,1) (96,97,10,1) (95,46,11,1) (85,52,9,1) (26,22,11,1) (59,7,6,1) (86,7,10,1) (80,76,15,1) (78,85,5,1) (15,57,7,1) (8,90,12,1) (76,6,17,1) (69,36,8,1) (90,71,12,1) 
(67,3,19,1) (26,49,13,1) (25,18,12,1) (47,12,12,1) (63,83,10,1) (83,80,6,1) (36,56,5,1) (17,0,8,1) (47,39,9,1) (22,58,11,1) (78,53,21,1) (63,75,26,1) (0,40,5,1) (13,56,12,1) (86,40,12,1) (68,52,14,1) (36,68,15,1) (34,65,8,1) (82,13,12,1) (43,46,2,1) (43,71,12,1) (19,66,7,1) (12,84,14,1) (55,1,7,1) (83,29,15,1) (76,3,7,1) (74,44,16,1) (77,37,15,1) 
(3,86,11,1) (45,13,11,1) (46,61,12,1) (3,35,9,1) (58,65,16,1) (97,24,9,1) (11,65,12,1) (62,55,7,1) (34,44,3,1) (15,77,8,1) (68,35,10,1) (86,17,8,1) (65,75,12,1) (38,35,8,1) (19,23,16,1) (5,1,5,1) (40,87,18,1) (47,30,6,1) (52,32,7,1) (74,7,14,1) (59,39,7,1) (31,85,8,1) (12,26,6,1) (15,16,14,1) (51,9,12,1) (92,78,19,1) (8,2,11,1) (17,27,8,1) 
(41,10,7,1) (93,69,9,1) (28,6,4,1) (40,72,8,1) (89,15,4,1) (90,28,17,1) (4,37,11,1) (84,65,12,1) (29,60,14,1) (2,8,12,1) (8,91,7,1) (70,39,16,1) (62,11,10,1) (35,75,8,1) (22,77,6,1) (64,79,5,1) (92,40,10,1) (67,88,14,1) (78,70,10,1) (28,65,10,1) (17,67,11,1) (77,57,14,1) (20,76,8,1) (18,96,2,1) (18,41,9,1) (10,73,15,1) (23,86,7,1) (27,16,16,1) 
(52,54,6,1) (31,41,15,1) (26,36,13,1) (6,60,8,1) (97,79,11,1) (3,17,15,1) (90,98,12,1) (70,4,2,1) (80,19,18,1) (11,56,13,1) (8,58,2,1) (56,4,14,1) (84,6,3,1) (34,22,11,1) (28,39,18,1) (62,37,11,1) (37,21,14,1) (82,23,12,1) (88,93,3,1) (28,36,6,1) (9,61,12,1) (80,37,7,1) (32,96,7,1) (42,78,10,1) (17,15,8,1) (54,57,14,1) (57,32,17,1) (4,87,20,1) 
(21,11,7,1) (98,36,19,1) (91,56,1,1) (31,68,16,1) (34,82,14,1) (25,28,5,1) (33,38,18,1) (49,5,6,1) (63,8,10,1) (49,27,6,1) (90,41,12,1) (53,32,10,1) (8,50,11,1) (62,42,1,1) (83,19,5,1) (47,80,7,1) (25,91,2,1) (92,41,6,1) (47,19,5,1) (39,13,4,1) (87,75,12,1) (83,68,13,1) (35,9,8,1) (10,61,15,1) (73,7,10,1) (96,68,5,1) (21,48,11,1) (87,8,8,1) 
(56,39,14,1) (76,45,8,1) (6,82,12,1) (94,45,8,1) (22,1,7,1) (75,50,20,1) (64,49,11,1) (86,97,7,1) (41,96,9,1) (62,28,8,1) (84,36,5,1) (56,8,9,1) (94,89,10,1) (73,90,7,1) (75,26,6,1) (49,75,7,1) (15,59,18,1) (51,17,8,1) (83,42,10,1) (20,11,10,1) (14,91,6,1) (35,60,6,1) (53,74,8,1) (35,8,11,1) (71,5,19,1) (68,37,5,1) (11,42,7,1) (58,30,11,1) 
(67,46,5,1) (47,70,15,1) (68,67,9,1) (85,9,6,1) (18,66,12,1) (0,77,12,1) (23,32,10,1) (78,5,12,1) (77,64,4,1) (13,62,7,1) (57,9,12,1) (13,46,11,1) (45,47,3,1) (51,85,5,1) (45,59,6,1) (66,41,3,1) (68,10,14,1) (62,51,6,1) (57,29,3,1) (51,45,25,1) (89,23,12,1) (45,60,9,1) (51,3,22,1) (87,26,6,1) (1,43,4,1) (67,1,4,1) (13,23,13,1) (3,42,13,1) 
(13,88,16,1) (16,19,6,1) (86,44,11,1) (37,9,13,1) (80,14,8,1) (88,35,7,1) (88,29,3,1) (40,73,1,1) (88,70,10,1) (88,72,12,1) (41,93,9,1) (89,27,9,1) (85,91,5,1) (41,9,6,1) (27,73,9,1) (95,43,7,1) (64,84,8,1) (8,81,6,1) (38,96,13,1) (69,86,16,1) (50,84,10,1) (1,19,4,1) (61,19,6,1) (78,67,9,1) (54,90,9,1) (27,91,3,1) (25,28,1,1) (50,37,14,1) 
(50,83,5,1) (24,25,9,1) (1,69,12,1) (13,47,16,1) (70,67,12,1) (50,77,4,1) (29,34,12,1) (29,99,16,1) (84,63,6,1) (46,88,16,1) (2,52,2,1) (28,11,8,1) (57,21,11,1) (33,94,7,1) (40,0,3,1) (12,87,22,1) (56,13,6,1) (90,35,11,1) (23,45,11,1) (20,62,6,1) (81,39,11,1) (14,76,14,1) (99,47,7,1) (36,47,10,1) (26,82,10,1) (57,27,7,1) (40,41,10,1) (19,51,4,1) 
(71,42,18,1) (1,12,10,1) (51,55,9,1) (51,29,10,1) (10,33,14,1) (85,10,10,1) (94,1,14,1) (66,41,11,1) (96,77,11,1) (68,49,13,1) (5,92,11,1) (44,67,3,1) (10,34,10,1) (96,27,10,1) (31,56,9,1) (34,24,7,1) (85,94,6,1) (21,0,13,1) (49,53,10,1) (60,35,4,1) (36,38,15,1) (39,30,13,1) (33,28,8,1) (62,71,6,1) (82,50,12,1) (24,2,13,1) (43,99,17,1) (24,90,9,1) 
(54,63,11,1) (62,68,4,1) (11,23,20,1) (82,58,6,1) (41,27,11,1) (5,0,10,1) (49,82,12,1) (37,1,13,1) (21,87,16,1) (79,63,12,1) (6,71,17,1) (92,40,13,1) (3,91,12,1) (84,2,12,1) (48,62,9,1) (38,49,12,1) (75,40,11,1) (20,83,2,1) (36,26,5,1) (78,7,4,1) (9,88,5,1) (10,50,15,1) (27,86,14,1) (3,64,5,1) (41,34,9,1) (67,33,8,1) (38,66,3,1) (58,0,8,1) 
(33,62,17,1) (67,39,17,1) (15,98,22,1) (85,17,15,1) (24,77,15,1) (71,66,12,1) (74,32,17,1) (51,89,8,1) (36,71,15,1) (97,62,6,1) (26,2,15,1) (6,5,13,1) (75,62,17,1) (98,21,9,1) (23,68,6,1) (89,69,8,1) (83,15,11,1) (29,44,5,1) (48,75,8,1) (17,1,6,1) (46,57,13,1) (39,53,1,1) (71,26,9,1) (97,85,18,1) (83,71,10,1) (25,13,14,1) (88,98,12,1) (53,70,4,1) 
(15,46,9,1) (4,0,14,1) (32,64,8,1) (65,97,23,1) (45,55,15,1) (33,40,2,1) (26,80,9,1) (99,86,5,1) (51,11,14,1) (29,16,6,1) (47,84,13,1) (83,11,19,1) (55,68,14,1) (65,50,6,1) (75,39,10,1) (77,90,11,1) (40,93,5,1) (2,89,4,1) (73,98,5,1) (70,15,10,1) (1,81,18,1) (32,98,11,1) (1,74,3,1) (88,39,7,1) (51,7,10,1) (33,30,20,1) (96,84,13,1) (30,74,10,1) 
(86,1,2,1) (6,63,9,1) (51,94,11,1) (7,1,20,1) (90,75,10,1) (18,84,5,1) (57,55,7,1) (25,43,15,1) (24,39,9,1) (92,16,10,1) (98,19,11,1) (88,1,16,1) (75,0,6,1) (71,12,15,1) (83,64,1,1) (14,98,8,1) (12,53,2,1) (42,88,6,1) (95,89,7,1) (25,70,9,1) (31,77,11,1) (69,29,10,1) (81,23,13,1) (10,71,11,1) (60,65,7,1) (45,42,6,1) (57,23,8,1) (71,51,5,1) 
(96,3,1,1) (32,87,11,1) (8,4,1,1) (82,47,12,1) (84,62,10,1) (32,9,12,1) (77,5,7,1) (51,73,13,1) (13,62,12,1) (5,50,2,1) (79,85,3,1) (87,79,6,1) (72,48,19,1) (3,80,7,1) (25,5,1,1) (5,47,10,1) (41,15,3,1) (33,72,2,1) (88,30,1,1) (9,54,9,1) (13,67,9,1) (22,10,5,1) (39,15,4,1) (34,87,4,1) (80,94,6,1) (50,55,8,1) (66,33,13,1) (17,15,7,1) 
(68,52,12,1) (20,25,14,1) (6,17,10,1) (41,9,14,1) (88,50,13,1) (26,64,3,1) (35,78,21,1) (50,39,11,1) (56,78,4,1) (35,17,19,1) (87,92,1,1) (6,57,10,1) (35,14,5,1) (73,14,16,1) (91,66,1,1) (97,67,9,1) (57,70,11,1) (15,66,14,1) (62,58,15,1) (71,91,12,1) (6,75,1,1) (98,61,11,1) (22,20,19,1) (82,27,2,1) (33,65,20,1) (27,31,18,1) (81,28,8,1) (36,68,11,1) 
(82,9,4,1) (33,17,7,1) (14,11,14,1) (11,50,9,1) (18,70,13,1) (32,93,25,1) (44,23,14,1) (95,4,10,1) (22,65,17,1) (55,56,11,1) (13,36,18,1) (12,0,2,1) (3,6,22,1) (30,90,8,1) (40,70,11,1) (2,18,9,1) (42,76,9,1) (62,98,16,1) (36,57,2,1) (9,20,6,1) (69,72,10,1) (18,42,3,1) (36,7,3,1) (7,62,14,1) (28,35,12,1) (37,30,9,1) (86,97,14,1) (79,2,13,1) 
(60,1,13,1) (18,46,20,1) (17,65,17,1) (37,21,14,1) (19,16,8,1) (20,30,16,1) (87,32,8,1) (95,0,16,1) (51,13,14,1) (99,8,9,1) (37,49,12,1) (67,68,8,1) (87,77,5,1) (62,23,8,1) (60,26,14,1) (93,33,15,1) (1,98,12,1) (37,58,12,1) (30,26,6,1) (43,56,17,1) (52,1,9,1) (30,9,15,1) (43,97,14,1) (56,49,24,1) (53,13,12,1) (60,39,13,1) (24,50,12,1) (79,51,10,1) 
(83,36,7,1) (24,83,13,1) (88,79,8,1) (76,14,11,1) (91,88,8,1) (22,25,16,1) (4,31,6,1) (19,93,14,1) (25,79,3,1) (90,16,14,1) (84,61,7,1) (12,39,2,1) (39,54,7,1) (27,54,8,1) (9,15,17,1) (25,84,17,1) (0,68,9,1) (39,78,16,1) (45,79,8,1) (59,31,11,1) (84,20,7,1) (59,97,7,1) (87,46,2,1) (4,67,13,1) (51,62,12,1) (20,65,13,1) (84,4,12,1) (72,87,7,1) 
(61,69,12,1) (60,59,5,1) (97,91,5,1) (17,51,2,1) (56,25,6,1) (78,71,13,1) (66,43,11,1) (71,13,10,1) (82,60,9,1) (89,88,6,1) (26,30,3,1) (56,58,7,1) (66,72,15,1) (95,6,9,1) (52,0,13,1) (26,38,7,1) (65,11,26,1) (40,37,5,1) (42,43,11,1) (52,91,5,1) (40,7,10,1) (10,93,8,1) (46,33,3,1) (16,19,9,1) (37,50,7,1) (22,16,9,1) (99,46,11,1) (84,15,16,1) 
(42,82,13,1) (50,44,1,1) (78,12,4,1) (18,95,6,1) (55,20,13,1) (68,31,6,1) (40,96,10,1) (77,78,6,1) (2,95,11,1) (86,5,9,1) (96,13,15,1) (1,50,5,1) (22,55,11,1) (70,36,12,1) (91,13,6,1) (76,55,4,1) (0,91,12,1) (26,53,6,1) (57,44,6,1) (1,86,14,1) (27,19,13,1) (96,41,1,1) (24,53,8,1) (7,67,7,1) (76,74,13,1) (75,51,3,1) (65,1,7,1) (84,88,9,1) 
(70,15,14,1) (99,20,13,1) (11,66,11,1) (90,19,18,1) (63,47,11,1) (64,72,11,1) (10,25,21,1) (80,56,7,1) (64,9,10,1) (53,70,12,1) (62,6,10,1) (84,89,14,1) (12,32,3,1) (95,48,12,1) (68,32,5,1) (82,95,2,1) (93,9,3,1) (68,57,6,1) (21,32,7,1) (91,61,6,1) (45,1,16,1) (82,99,10,1) (0,77,7,1) (41,66,10,1) (43,37,2,1) (28,5,20,1) (57,64,19,1) (42,91,11,1) 
(56,55,1,1) (85,41,18,1) (29,54,7,1) (39,6,3,1) (92,53,12,1) (53,82,14,1) (24,0,9,1) (36,71,4,1) (13,24,18,1) (27,66,14,1) (42,7,15,1) (78,59,3,1) (10,97,10,1) (88,65,10,1) (7,40,10,1) (67,49,8,1) (53,74,12,1) (72,33,9,1) (0,53,4,1) (28,48,5,1) (1,55,6,1) (18,68,5,1) (83,5,16,1) (71,24,13,1) (33,70,7,1) (9,22,5,1) (41,95,14,1) (82,69,12,1) 
(98,83,5,1) (92,45,12,1) (27,26,16,1) (29,96,10,1) (47,3,14,1) (1,47,9,1) (53,2,7,1) (20,99,3,1) (89,19,5,1) (51,47,6,1) (89,91,13,1) (75,43,12,1) (5,60,5,1) (87,82,16,1) (25,79,17,1) (4,67,9,1) (84,13,9,1) (31,39,6,1) (98,95,10,1) (37,99,12,1) (88,52,3,1) (19,37,8,1) (35,4,7,1) (82,58,12,1) (15,97,8,1) (70,80,7,1) (36,95,12,1) (61,67,6,1) 
(55,64,10,1) (47,51,6,1) (62,17,10,1) (48,46,10,1) (67,97,18,1) (98,44,14,1) (54,62,11,1) (51,88,7,1) (26,37,11,1) (70,50,5,1) (38,74,2,1) (41,65,12,1) (96,73,8,1) (3,88,13,1) (92,1,3,1) (96,83,13,1) (60,70,7,1) (78,57,12,1) (6,63,11,1) (26,41,6,1) (63,23,18,1) (37,85,7,1) (10,81,15,1) (36,24,10,1) (27,5,12,1) (18,79,21,1) (12,38,15,1) (57,83,12,1) 
(75,63,8,1) (64,87,11,1) (15,33,10,1) (12,55,5,1) (68,15,15,1) (84,78,12,1) (94,74,7,1) (5,55,11,1) (86,21,3,1) (30,6,1,1) (87,13,18,1) (5,16,16,1) (63,52,6,1) (22,52,8,1) (44,98,14,1) (21,53,15,1) (17,32,12,1) (55,75,13,1) (57,47,4,1) (66,47,15,1) (99,25,12,1) (93,60,9,1) (89,18,14,1) (63,1,1,1) (85,51,13,1) (81,58,4,1) (76,22,14,1) (20,48,15,1) 
(91,99,4,1) (5,53,16,1) (6,43,14,1) (22,27,9,1) (29,79,7,1) (91,26,3,1) (6,8,2,1) (7,67,10,1) (24,36,5,1) (82,29,10,1) (24,82,7,1) (54,44,9,1) (93,94,8,1) (22,61,11,1) (97,58,8,1) (90,47,9,1) (5,38,10,1) (28,19,10,1) (88,6,14,1) (24,56,1,1) (47,19,7,1) (27,70,6,1) (88,36,5,1) (85,15,11,1) (35,63,17,1) (57,28,11,1) (36,22,12,1) (14,33,13,1) 
(26,75,3,1) (59,52,13,1) (99,49,10,1) (78,85,1,1) (9,58,3,1) (15,68,13,1) (48,95,21,1) (37,95,16,1) (18,33,15,1) (79,83,11,1) (26,2,12,1) (65,35,15,1) (63,97,11,1) (30,64,13,1) (54,19,13,1) (72,17,7,1) (68,95,11,1) (70,42,12,1) (30,56,14,1) (3,67,10,1) (76,20,4,1) (0,46,10,1) (64,43,16,1) (57,94,13,1) (54,75,9,1) (35,39,6,1) (86,0,16,1) (15,75,13,1) 
(5,32,8,1) (54,19,6,1) (29,78,5,1) (94,22,10,1) (46,14,17,1) (24,81,2,1) (21,11,2,1) (30,53,10,1) (82,29,11,1) (55,49,11,1) (40,24,11,1) (98,65,15,1) (78,45,11,1) (96,63,9,1) (82,95,4,1) (4,3,8,1) (39,2,11,1) (64,31,28,1) (65,22,11,1) (31,46,19,1) (72,15,9,1) (47,82,19,1) (88,72,15,1) (24,46,12,1) (16,36,6,1) (8,25,16,1) (64,5,13,1) (70,17,14,1) 
(20,38,14,1) (28,94,9,1) (72,17,5,1) (63,16,10,1) (61,34,3,1) (34,54,8,1) (73,87,11,1) (35,78,18,1) (44,91,1,1) (95,70,16,1) (9,19,10,1) (38,16,8,1) (74,56,2,1) (59,43,10,1) (53,9,15,1) (26,13,7,1) (48,58,9,1) (91,83,10,1) (60,64,11,1) (23,15,17,1) (28,2,4,1) (24,76,7,1) (35,43,7,1) (37,65,10,1) (31,22,4,1) (71,77,10,1) (78,20,15,1) (50,89,5,1) 
(85,90,18,1) (59,26,17,1) (88,5,13,1) (59,36,12,1) (56,49,7,1) (13,38,19,1) (71,60,2,1) (85,57,17,1) (43,23,15,1) (90,23,14,1) (66,93,16,1) (27,92,15,1) (5,0,7,1) (11,2,17,1) (81,54,4,1) (66,57,19,1) (55,66,8,1) (75,14,8,1) (1,16,15,1) (53,59,15,1) (42,26,19,1) (55,92,2,1) (41,24,13,1) (92,0,1,1) (35,88,10,1) (67,7,20,1) (79,94,8,1) (87,58,10,1) 
(70,78,11,1) (8,51,5,1) (85,43,11,1) (0,37,13,1) (63,37,12,1) (77,57,11,1) (34,5,7,1) (59,6,12,1) (44,27,6,1) (29,55,18,1) (92,35,9,1) (1,12,17,1) (73,8,9,1) (26,24,6,1) (69,4,5,1) (56,14,8,1) (50,7,6,1) (13,43,10,1) (83,12,6,1) (47,69,13,1) (75,8,13,1) (60,11,18,1) (48,56,14,1) (2,72,6,1) (56,69,6,1) (22,85,8,1) (40,87,23,1) (96,28,7,1) 
(27,91,8,1) (90,34,17,1) (33,37,11,1) (52,93,18,1) (19,96,5,1) (61,9,2,1) (1,85,15,1) (54,85,8,1) (94,59,9,1) (81,49,10,1) (39,86,10,1) (22,88,9,1) (28,1,8,1) (17,25,3,1) (69,94,8,1) (26,71,15,1) (42,33,11,1) (9,97,6,1) (46,3,7,1) (36,45,2,1) (6,16,9,1) (31,58,23,1) (41,38,6,1) (93,2,17,1) (79,64,6,1) (28,7,15,1) (24,10,11,1) (16,45,21,1) 
(39,37,14,1) (42,73,9,1) (47,26,11,1) (7,90,14,1) (79,49,14,1) (93,7,12,1) (53,18,11,1) (19,89,20,1) (13,92,15,1) (53,20,16,1) (76,88,5,1) (10,28,2,1) (67,86,9,1) (88,17,11,1) (55,68,10,1) (38,96,10,1) (95,22,14,1) (47,22,1,1) (62,75,19,1) (36,78,9,1) (3,91,10,1) (32,18,8,1) (11,36,18,1) (41,35,14,1) (9,67,7,1) (68,87,11,1) (81,29,5,1) (85,57,15,1) 
(76,54,7,1) (74,27,5,1) (78,79,16,1) (6,5,11,1) (80,52,18,1) (0,51,4,1) (84,59,7,1) (94,21,12,1) (25,55,12,1) (77,42,7,1) (18,78,12,1) (24,79,12,1) (24,15,16,1) (20,82,5,1) (55,43,14,1) (43,34,13,1) (1,21,16,1) (20,70,11,1) (30,2,4,1) (22,21,6,1) (2,62,10,1) (26,69,12,1) (34,93,12,1) (72,13,10,1) (68,2,5,1) (12,14,15,1) (70,8,17,1) (31,14,8,1) 
(83,62,8,1) (77,25,10,1) (29,42,13,1) (12,20,8,1) (93,1,12,1) (63,37,9,1) (15,29,11,1) (61,33,5,1) (51,86,13,1) (37,36,17,1) (3,63,11,1) (40,37,15,1) (77,16,5,1) (46,11,10,1) (36,51,9,1) (93,27,12,1) (47,86,11,1) (32,1,14,1) (94,55,8,1) (81,68,6,1) (41,35,13,1) (79,10,14,1) (15,3,1,1) (70,23,11,1) (65,71,9,1) (35,65,11,1) (39,69,15,1) (25,7,12,1) 
(84,21,14,1) (48,91,8,1) (47,91,16,1) (11,87,12,1) (95,99,22,1) (51,55,5,1) (54,28,16,1) (61,96,12,1) (89,52,15,1) (72,56,6,1) (88,91,11,1) (55,18,6,1) (38,0,18,1) (88,3,7,1) (11,51,1,1) (35,46,8,1) (63,95,12,1) (40,35,15,1) (78,54,5,1) (94,63,5,1) (85,21,15,1) (25,19,9,1) (18,19,9,1) (46,75,14,1) (61,5,16,1) (62,31,12,1) (45,50,14,1) (15,82,11,1) 
(40,73,18,1) (28,13,16,1) (62,50,17,1) (46,11,2,1) (3,23,12,1) (61,79,8,1) (32,0,8,1) (86,81,2,1) (32,93,16,1) (6,98,15,1) (92,85,12,1) (32,43,13,1) (81,41,18,1) (25,87,11,1) (56,11,12,1) (2,68,14,1) (53,82,10,1) (62,15,8,1) (32,50,20,1) (27,48,7,1) (5,55,9,1) (72,95,18,1) (35,78,8,1) (50,3,13,1) (19,45,8,1) (1,21,3,1) (72,5,5,1) (1,83,10,1) 
(12,57,13,1) (12,86,8,1) (12,35,9,1) (77,55,15,1) (53,19,16,1) (44,2,17,1) (5,7,5,1) (28,88,12,1) (30,25,11,1) (87,84,12,1) (23,81,10,1) (81,91,6,1) (63,38,2,1) (30,65,11,1) (12,50,9,1) (56,3,13,1) (1,96,6,1) (67,79,4,1) (99,66,12,1) (84,3,14,1) (97,52,16,1) (68,56,11,1) (70,99,15,1) (54,7,8,1) (8,44,11,1) (13,32,4,1) (0,94,12,1) (75,55,13,1) 
(66,24,11,1) (33,11,9,1) (16,76,10,1) (98,71,12,1) (46,86,3,1) (62,51,6,1) (54,74,12,1) (89,77,11,1) (77,1,11,1) (63,60,7,1) (11,92,10,1) (85,64,10,1) (42,15,10,1) (40,90,1,1) (33,83,14,1) (52,17,20,1) (55,72,5,1) (81,30,8,1) (62,76,13,1) (78,53,5,1) (9,17,9,1) (83,57,18,1) (85,89,8,1) (28,11,13,1) (98,25,12,1) (3,22,9,1) (4,37,19,1) (80,44,13,1) 
(18,65,9,1) (39,21,7,1) (7,56,6,1) (25,64,4,1) (73,85,17,1) (62,99,10,1) (39,63,11,1) (18,38,6,1) (95,81,12,1) (42,33,15,1) (87,25,2,1) (60,23,12,1) (75,71,5,1) (79,94,14,1) (7,59,9,1) (58,72,10,1) (85,75,10,1) (42,87,18,1) (48,67,12,1) (11,67,13,1) (72,82,13,1) (66,67,10,1) (94,48,7,1) (32,84,11,1) (83,11,4,1) (54,58,18,1) (49,57,9,1) (9,95,9,1) 
(47,17,14,1) (27,65,11,1) (69,84,17,1) (36,37,11,1) (92,24,9,1) (78,40,7,1) (43,31,13,1) (85,95,6,1) (86,53,11,1) (86,83,6,1) (62,59,12,1) (93,55,18,1) (80,19,12,1) (16,88,11,1) (55,98,2,1) (85,31,5,1) (22,11,10,1) (96,39,7,1) (89,59,1,1) (10,83,12,1) (32,8,8,1) (75,20,13,1) (7,62,11,1) (24,67,7,1) (10,72,12,1) (32,87,4,1) (94,54,16,1) (75,63,17,1) 
(49,32,13,1) (31,26,17,1) (69,63,8,1) (6,43,7,1) (60,17,15,1) (47,41,5,1) (52,38,11,1) (97,40,7,1) (61,10,3,1) (77,24,6,1) (79,81,8,1) (42,99,13,1) (15,66,10,1) (54,2,9,1) (58,59,16,1) (61,21,16,1) (46,30,1,1) (57,10,8,1) (89,42,7,1) (58,45,4,1) (33,38,15,1) (1,89,15,1) (17,47,15,1) (42,14,9,1) (98,79,10,1) (18,48,11,1) (0,97,12,1) (94,90,11,1) 
(70,44,8,1) (29,57,13,1) (22,93,14,1) (92,2,5,1) (23,11,9,1) (8,46,15,1) (87,10,21,1) (95,98,13,1) (51,63,6,1) (28,58,20,1) (40,24,3,1) (6,17,15,1) (17,81,11,1) (40,80,1,1) (44,99,11,1) (90,96,6,1) (60,96,17,1) (45,52,11,1) (13,5,6,1) (48,73,25,1) (46,90,8,1) (43,9,13,1) (15,20,10,1) (82,25,19,1) (54,52,2,1) (80,65,17,1) (55,76,5,1) (47,11,6,1) 
(78,53,5,1) (15,33,9,1) (50,85,11,1) (47,86,8,1) (29,7,19,1) (99,16,6,1) (25,49,15,1) (84,2,6,1) (32,43,21,1) (70,19,13,1) (6,72,5,1) (47,4,12,1) (43,4,14,1) (20,98,12,1) (56,49,6,1) (4,33,10,1) (89,26,17,1) (20,25,12,1) (86,91,16,1) (77,68,16,1) (98,66,12,1) (82,37,13,1) (83,35,10,1) (96,30,4,1) (46,98,9,1) (52,1,16,1) (76,2,9,1) (76,45,17,1) 
(45,39,10,1) (46,45,11,1) (76,31,9,1) (27,33,7,1) (26,94,6,1) (34,88,3,1) (47,95,12,1) (85,32,12,1) (99,9,12,1) (36,47,8,1) (48,60,11,1) (1,13,7,1) (31,42,8,1) (98,47,3,1) (92,50,11,1) (91,66,3,1) (47,62,19,1) (91,52,13,1) (93,4,8,1) (28,97,13,1) (64,28,6,1) (53,56,5,1) (68,91,18,1) (98,14,6,1) (56,29,14,1) (62,87,11,1) (90,47,17,1) (8,12,1,1) 
(87,50,4,1) (2,85,3,1) (86,98,15,1) (64,11,6,1) (98,44,1,1) (25,45,6,1) (97,50,12,1) (7,35,11,1) (30,68,4,1) (65,84,7,1) (98,18,11,1) (40,33,8,1) (17,58,18,1) (40,47,12,1) (22,26,10,1) (6,72,13,1) (34,98,4,1) (90,95,11,1) (81,32,13,1) (90,65,13,1) (23,20,4,1) (66,54,6,1) (29,98,11,1) (1,83,11,1) (47,36,7,1) (88,25,11,1) (60,56,12,1) (69,99,2,1) 
(23,74,2,1) (38,0,6,1) (33,14,18,1) (42,54,5,1) (31,42,11,1) (50,19,11,1) (69,56,9,1) (57,85,12,1) (77,19,8,1) (86,93,10,1) (99,60,1,1) (72,65,8,1) (37,76,17,1) (94,29,6,1) (95,24,17,1) (54,71,12,1) (99,10,16,1) (21,67,10,1) (50,8,14,1) (7,16,4,1) (70,50,8,1) (88,86,8,1) (79,87,5,1) (84,39,18,1) (29,42,18,1) (11,12,12,1) (93,50,10,1) (55,13,14,1) 
(14,92,11,1) (5,97,13,1) (64,78,12,1) (98,5,14,1) (46,92,14,1) (36,96,3,1) (59,69,10,1) (44,35,4,1) (62,82,5,1) (66,27,9,1) (90,2,13,1) (42,60,6,1) (85,46,6,1) (72,17,14,1) (24,69,24,1) (50,83,15,1) (37,53,2,1) (56,41,9,1) (14,9,14,1) (71,69,8,1) (98,48,4,1) (12,54,13,1) (55,31,12,1) (4,21,9,1) (9,41,13,1) (7,12,5,1) (55,75,19,1) (87,25,12,1) 
(36,70,11,1) (50,10,20,1) (1,77,6,1) (66,24,14,1) (15,65,4,1) (55,12,5,1) (87,2,13,1) (60,64,17,1) (38,91,6,1) (16,63,13,1) (4,81,17,1) (5,72,6,1) (65,92,10,1) (27,45,8,1) (46,87,12,1) (26,74,21,1) (50,11,8,1) (40,44,13,1) (63,64,12,1) (13,97,10,1) (97,15,5,1) (37,55,11,1) (66,6,11,1) (8,53,19,1) (21,80,20,1) (53,94,6,1) (0,70,13,1) (73,65,10,1) 
(75,96,14,1) (27,61,8,1) (89,0,10,1) (41,52,6,1) (15,47,16,1) (49,15,7,1) (60,13,20,1) (48,57,9,1) (21,37,7,1) (41,83,14,1) (75,10,13,1) (70,11,13,1) (33,18,10,1) (36,52,15,1) (12,32,10,1) (25,12,9,1) (85,57,10,1) (2,42,8,1) (29,68,4,1) (16,65,10,1) (61,44,9,1) (49,85,6,1) (89,87,8,1) (24,42,6,1) (44,91,12,1) (6,67,12,1) (91,71,2,1) (22,5,8,1) 
(46,65,5,1) (96,1,22,1) (45,63,10,1) (68,97,18,1) (81,88,10,1) (26,10,16,1) (69,74,12,1) (43,80,16,1) (44,77,13,1) (21,73,15,1) (1,68,13,1) (12,27,14,1) (3,31,10,1) (83,77,13,1) (17,24,3,1) (68,43,11,1) (37,48,11,1) (70,20,3,1) (6,43,11,1) (71,60,4,1) (51,36,23,1) (39,94,9,1) (67,32,13,1) (98,55,15,1) (39,52,12,1) (64,45,9,1) (4,20,10,1) (94,26,4,1) 
(64,0,10,1) (39,55,12,1) (77,89,4,1) (20,14,10,1) (21,70,7,1) (98,8,10,1) (84,62,24,1) (19,17,18,1) (52,63,7,1) (33,78,18,1) (45,51,9,1) (69,67,2,1) (63,39,16,1) (77,17,5,1) (42,1,25,1) (39,47,22,1) (5,65,9,1) (2,28,6,1) (89,62,11,1) (39,33,8,1) (71,83,10,1) (21,49,12,1) (92,41,13,1) (56,75,16,1) (96,93,8,1) (6,24,9,1) (83,54,8,1) (4,17,9,1) 
(37,29,6,1) (9,15,10,1) (45,26,8,1) (67,73,11,1) (61,65,7,1) (90,53,19,1) (53,34,10,1) (80,70,6,1) (91,28,16,1) (47,58,10,1) (55,40,12,1) (0,25,16,1) (22,69,13,1) (2,26,18,1) (31,57,8,1) (63,38,4,1) (30,82,21,1) (47,83,9,1) (87,46,9,1) (33,27,5,1) (71,12,8,1) (19,4,7,1) (35,90,12,1) (0,3,14,1) (29,16,18,1) (39,33,10,1) (71,35,9,1) (34,36,7,1) 
(35,65,11,1) (59,58,9,1) (55,85,8,1) (79,78,4,1) (13,25,17,1) (50,41,10,1) (19,92,15,1) (87,62,12,1) (74,81,20,1) (79,62,11,1) (11,22,12,1) (18,19,9,1) (4,22,3,1) (34,2,20,1) (34,29,7,1) (83,10,13,1) (1,12,7,1) (86,18,14,1) (5,73,14,1) (10,45,14,1) (60,8,15,1) (76,36,10,1) (97,88,5,1) (69,40,10,1) (12,7,4,1) (21,13,11,1) (0,13,10,1) (73,94,16,1) 
(20,86,4,1) (10,45,14,1) (63,0,7,1) (4,40,4,1) (78,56,16,1) (2,76,1,1) (99,32,4,1) (56,53,10,1) (23,0,8,1) (68,64,10,1) (19,35,5,1) (77,81,7,1) (98,21,8,1) (84,19,11,1) (91,73,18,1) (98,52,12,1) (94,10,14,1) (94,79,10,1) (45,27,11,1) (75,82,19,1) (30,4,19,1) (70,30,18,1) (68,44,6,1) (83,28,8,1) (31,14,10,1) (18,27,13,1) (61,23,8,1) (94,67,10,1) 
(93,38,9,1) (67,12,11,1) (5,25,3,1) (20,42,12,1) (93,10,16,1) (65,38,11,1) (5,92,13,1) (29,15,14,1) (57,95,2,1) (98,64,12,1) (89,84,2,1) (56,73,8,1) (79,2,5,1) (70,50,12,1) (86,47,10,1) (15,0,10,1) (71,48,8,1) (39,16,21,1) (19,52,7,1) (5,17,13,1) (38,63,4,1) (41,34,12,1) (84,11,12,1) (65,54,10,1) (26,73,15,1) (64,42,13,1) (68,26,9,1) (14,26,14,1) 
(24,14,15,1) (0,85,17,1) (77,35,12,1) (49,45,15,1) (65,46,20,1) (89,80,6,1) (41,0,17,1) (77,60,8,1) (46,11,7,1) (2,15,8,1) (47,8,12,1) (2,35,16,1) (38,37,4,1) (3,64,12,1) (59,25,17,1) (80,71,1,1) (72,18,9,1) (87,88,13,1) (86,94,9,1) (44,87,8,1) (82,60,10,1) (85,75,14,1) (74,85,10,1) (97,64,9,1) (32,0,12,1) (5,57,9,1) (30,6,10,1) (38,75,18,1) 
(15,39,17,1) (64,40,9,1) (20,88,4,1) (82,9,10,1) (43,14,11,1) (44,56,5,1) (24,49,3,1) (37,70,9,1) (59,3,11,1) (59,54,25,1) (1,19,3,1) (17,74,6,1) (74,25,15,1) (92,49,13,1) (19,47,5,1) (21,7,10,1) (4,33,6,1) (99,4,8,1) (70,4,10,1) (74,64,6,1) (3,76,8,1) (15,51,14,1) (43,77,10,1) (12,11,3,1) (99,0,11,1) (80,51,17,1) (22,53,8,1) (60,73,8,1) 
(79,39,13,1) (98,26,17,1) (68,26,8,1) (20,70,8,1) (27,85,12,1) (53,1,12,1) (40,67,15,1) (84,13,18,1) (99,67,17,1) (12,58,6,1) (62,67,8,1) (24,63,4,1) (63,6,7,1) (39,58,7,1) (6,49,15,1) (63,92,12,1) (62,74,11,1) (58,22,6,1) (50,49,21,1) (13,0,11,1) (57,44,15,1) (26,32,12,1) (0,52,4,1) (95,59,13,1) (0,27,11,1) (72,6,12,1) (55,77,12,1) (12,13,16,1) 
(40,70,12,1) (68,93,7,1) (37,39,11,1) (8,97,9,1) (99,56,7,1) (52,61,7,1) (53,50,10,1) (8,41,10,1) (94,63,10,1) (8,93,14,1) (1,87,18,1) (58,90,6,1) (83,42,10,1) (12,79,17,1) (10,58,11,1) (60,13,20,1) (30,61,3,1) (14,91,11,1) (2,42,1,1) (14,66,14,1) (51,64,3,1) (99,54,4,1) (14,37,19,1) (59,67,16,1) (77,26,10,1) (84,55,22,1) (26,84,11,1) (42,21,6,1) 
(50,39,9,1) (83,85,16,1) (8,81,20,1) (57,85,20,1) (33,10,11,1) (24,21,3,1) (91,53,11,1) (89,26,13,1) (21,71,12,1) (67,21,6,1) (46,68,12,1) (69,71,12,1) (28,79,22,1) (16,90,15,1) (87,2,4,1) (32,58,11,1) (47,89,11,1) (14,74,10,1) (86,76,7,1) (32,27,5,1) (94,75,13,1) (87,7,18,1) (87,49,10,1) (27,75,7,1) (62,41,14,1) (33,98,11,1) (85,78,11,1) (83,34,9,1) 
(4,6,11,1) (61,76,8,1) (6,62,12,1) (7,93,21,1) (42,72,12,1) (55,88,10,1) (47,84,11,1) (57,12,4,1) (9,19,11,1) (35,56,6,1) (78,93,18,1) (20,86,5,1) (92,5,1,1) (45,58,17,1) (31,9,8,1) (96,53,4,1) (64,87,10,1) (95,58,15,1) (93,43,9,1) (60,57,7,1) (96,72,19,1) (85,11,16,1) (30,58,12,1) (43,36,9,1) (93,88,4,1) (25,89,10,1) (29,9,14,1) (74,63,6,1) 
(2,67,21,1) (10,80,14,1) (28,99,14,1) (88,53,13,1) (9,69,5,1) (99,56,19,1) (72,30,13,1) (26,52,12,1) (16,5,11,1) (42,43,10,1) (41,31,6,1) (88,23,12,1) (20,12,5,1) (29,16,19,1) (17,3,6,1) (9,62,18,1) (55,23,14,1) (34,12,16,1) (86,51,1,1) (5,62,14,1) (58,53,16,1) (6,19,15,1) (18,34,14,1) (41,37,11,1) (54,90,8,1) (77,63,17,1) (38,29,4,1) (58,14,8,1) 
(61,10,8,1) (6,25,20,1) (96,2,7,1) (26,94,19,1) (96,70,5,1) (38,2,11,1) (50,29,8,1) (39,94,6,1) (30,94,15,1) (11,32,4,1) (9,7,11,1) (31,38,10,1) (23,17,11,1) (26,77,10,1) (43,63,13,1) (53,64,5,1) (57,61,12,1) (33,24,15,1) (23,89,4,1) (87,34,16,1) (44,56,4,1) (89,51,6,1) (48,52,3,1) (59,46,13,1) (50,61,8,1) (90,80,10,1) (44,29,8,1) (91,29,2,1) 
(46,45,12,1) (17,41,8,1) (59,25,8,1) (18,42,16,1) (65,0,7,1) (15,24,6,1) (3,88,9,1) (81,86,20,1) (56,62,6,1) (34,23,11,1) (88,40,2,1) (2,19,7,1) (91,46,13,1) (44,60,14,1) (40,70,15,1) (41,62,10,1) (32,11,6,1) (92,95,11,1) (17,62,5,1) (2,68,15,1) (46,36,8,1) (66,22,4,1) (76,75,10,1) (45,84,22,1) (24,99,11,1) (90,17,8,1) (51,96,20,1) (94,55,21,1) 
(88,66,6,1) (21,83,6,1) (72,37,4,1) (4,59,11,1) (76,89,4,1) (90,44,10,1) (89,59,15,1) (51,66,13,1) (13,79,8,1) (96,80,8,1) (66,47,5,1) (37,90,11,1) (60,73,12,1) (17,87,5,1) (94,18,8,1) (30,6,5,1) (51,28,5,1) (3,7,6,1) (52,89,1,1) (79,59,7,1) (14,46,12,1) (17,6,14,1) (54,89,16,1) (18,23,8,1) (30,93,14,1) (73,85,8,1) (11,90,15,1) (86,30,7,1) 
(71,63,18,1) (78,0,2,1) (25,26,7,1) (84,10,5,1) (11,72,7,1) (1,67,16,1) (88,15,15,1) (68,32,16,1) (58,26,9,1) (3,21,13,1) (48,16,19,1) (43,89,10,1) (41,79,12,1) (68,24,3,1) (10,14,10,1) (97,48,15,1) (53,48,10,1) (64,77,13,1) (8,58,11,1) (18,10,14,1) (61,52,9,1) (30,9,7,1) (98,64,8,1) (62,7,7,1) (21,49,10,1) (77,50,9,1) (36,66,18,1) (67,70,15,1) 
(48,35,4,1) (25,32,9,1) (65,27,17,1) (33,56,16,1) (1,22,17,1) (25,81,14,1) (27,30,12,1) (88,27,10,1) (67,29,5,1) (43,87,9,1) (83,71,8,1) (34,78,12,1) (46,63,13,1) (58,51,10,1) (36,32,13,1) (50,96,8,1) (96,67,14,1) (79,73,15,1) (98,6,10,1) (95,78,5,1) (57,64,3,1) (72,37,8,1) (90,78,19,1) (11,86,22,1) (25,78,1,1) (85,13,6,1) (68,8,9,1) (81,11,7,1) 
(29,36,6,1) (82,21,16,1) (26,9,8,1) (11,96,14,1) (84,64,19,1) (85,45,5,1) (36,79,2,1) (76,6,4,1) (33,0,14,1) (0,21,8,1) (66,61,1,1) (60,37,8,1) (93,44,12,1) (57,54,8,1) (66,51,9,1) (97,25,19,1) (96,72,7,1) (51,73,7,1) (55,81,13,1) (22,36,15,1) (22,21,15,1) (48,34,5,1) (68,82,12,1) (15,66,6,1) (79,70,4,1) (12,15,11,1) (38,1,9,1) (26,45,7,1) 
(38,67,14,1) (75,58,6,1) (7,59,8,1) (85,37,8,1) (72,54,8,1) (3,98,8,1) (16,81,14,1) (6,56,13,1) (30,16,13,1) (54,24,6,1) (60,80,14,1) (92,2,18,1) (81,99,6,1) (20,35,7,1) (64,95,6,1) (91,41,10,1) (68,66,14,1) (84,67,2,1) (43,70,11,1) (77,28,8,1) (55,9,8,1) (22,80,13,1) (36,65,10,1) (56,7,8,1) (18,16,12,1) (65,74,6,1) (24,0,12,1) (48,9,7,1) 
(41,26,15,1) (15,2,11,1) (36,82,15,1) (81,90,5,1) (35,6,10,1) (82,98,14,1) (94,7,12,1) (50,11,9,1) (35,85,16,1) (66,99,7,1) (57,24,7,1) (18,17,1,1) (30,2,4,1) (78,30,8,1) (39,70,11,1) (49,47,5,1) (69,71,12,1) (27,68,13,1) (56,31,5,1) (17,61,14,1) (9,86,10,1) (69,49,13,1) (8,9,6,1) (12,90,11,1) (17,72,13,1) (31,58,14,1) (98,24,8,1) (71,72,6,1) 