(60,82,8,1) (34,39,17,1) (27,32,7,1) (65,73,15,1) (80,4,20,1) (56,80,13,1) (83,96,12,1) (59,68,7,1) (69,21,16,1) (42,96,16,1) (95,53,2,1) (51,28,10,1) (81,99,10,1) (32,97,9,1) (57,16,2,1) (10,51,15,1) (48,44,10,1) (18,22,1,1) (19,78,16,1) (9,5,11,1) (64,99,11,1) (41,29,10,1) (8,62,11,1) (79,80,14,1) (98,44,10,1) (2,43,19,1) 
(59,73,22,1) (99,91,10,1) (90,34,3,1) (70,82,13,1) (35,40,4,1) (28,90,3,1) (37,80,14,1) (57,85,15,1) (71,5,20,1) (6,3,9,1) (79,14,13,1) (47,88,9,1) (88,63,2,1) (28,25,14,1) (81,2,8,1) (76,49,13,1) (95,12,7,1) (94,6,17,1) (28,67,19,1) (82,25,16,1) (49,62,8,1) (78,39,3,1) (43,57,8,1) (44,89,20,1) (60,99,10,1) (75,64,4,1) 
(96,92,9,1) (33,30,6,1) (51,38,11,1) (68,31,9,1) (32,96,9,1) (40,28,10,1) (57,12,3,1) (30,69,10,1) (37,88,5,1) (34,24,12,1) (27,78,14,1) (96,29,9,1) (15,32,16,1) (73,93,14,1) (12,15,19,1) (30,29,4,1) (85,55,9,1) (70,76,3,1) (33,91,6,1) (26,3,10,1) (36,83,9,1) (54,45,12,1) (30,66,28,1) (6,19,12,1) (34,39,11,1) (69,40,16,1) 
(34,57,13,1) (4,25,4,1) (83,87,5,1) (18,33,13,1) (85,16,13,1) (11,99,8,1) (70,49,6,1) (55,91,18,1) (25,38,4,1) (18,31,17,1) (11,87,13,1) (98,62,10,1) (23,66,18,1) (23,86,7,1) (75,18,12,1) (28,70,4,1) (98,4,8,1) (69,85,18,1) (81,43,9,1) (31,22,10,1) (35,80,6,1) (62,99,20,1) (69,71,8,1) (17,93,8,1) (67,22,4,1) (18,81,17,1) 
(88,66,17,1) (45,86,9,1) (97,15,15,1) (46,63,6,1) (27,74,9,1) (89,42,17,1) (28,52,14,1) (85,18,11,1) (0,26,8,1) (68,87,16,1) (76,86,9,1) (99,30,18,1) (35,47,6,1) (44,8,12,1) (78,59,8,1) (33,27,14,1) (76,22,10,1) (70,53,2,1) (23,98,7,1) (86,40,12,1) (75,51,9,1) (52,48,8,1) (49,20,15,1) (35,50,16,1) (43,48,14,1) (53,61,13,1) 
(10,78,17,1) (83,23,9,1) (89,85,9,1) (76,97,5,1) (10,73,6,1) (80,27,19,1) (77,74,12,1) (80,30,14,1) (3,49,10,1) (10,19,11,1) (22,96,11,1) (21,32,5,1) (13,95,10,1) (16,20,11,1) (18,24,7,1) (89,21,14,1) (66,42,6,1) (63,90,5,1) (23,29,9,1) (38,16,16,1) (11,78,16,1) (4,87,17,1) (39,33,21,1) (42,83,11,1) (12,16,10,1) (16,6,14,1) 
(14,98,11,1) (90,55,7,1) (6,23,11,1) (18,90,9,1) (25,61,12,1) (92,3,5,1) (77,66,10,1) (97,25,7,1) (83,70,6,1) (39,4,6,1) (80,43,1,1) (61,26,22,1) (8,28,14,1) (95,59,7,1) (58,40,22,1) (37,21,3,1) (2,13,10,1) (22,27,6,1) (56,51,11,1) (99,80,8,1) (12,89,2,1) (53,68,2,1) (75,21,13,1) (70,87,6,1) (96,87,3,1) (94,90,8,1) 
(49,98,11,1) (57,66,12,1) (51,96,3,1) (61,5,16,1) (5,60,13,1) (24,61,5,1) (86,29,16,1) (17,64,6,1) (23,2,6,1) (57,79,9,1) (66,41,23,1) (95,65,9,1) (69,53,11,1) (70,60,9,1) (95,43,12,1) (83,53,15,1) (32,67,9,1) (25,13,10,1) (93,48,5,1) (1,29,4,1) (8,48,18,1) (79,68,4,1) (31,59,6,1) (81,38,11,1) (39,46,9,1) (81,34,13,1) 
(39,51,10,1) (28,59,4,1) (22,25,6,1) (58,61,10,1) (2,94,19,1) (86,13,10,1) (80,19,4,1) (63,33,14,1) (94,14,5,1) (57,41,4,1) (70,98,10,1) (18,25,3,1) (66,50,6,1) (35,50,10,1) (44,38,9,1) (38,0,14,1) (73,34,10,1) (59,95,12,1) (58,29,1,1) (69,27,8,1) (45,39,10,1) (99,56,7,1) (11,24,13,1) (51,91,6,1) (14,68,13,1) (78,20,12,1) 
(66,65,15,1) (23,82,11,1) (82,88,8,1) (50,6,6,1) (32,64,19,1) (81,20,19,1) (33,5,15,1) (18,33,12,1) (23,1,8,1) (21,70,7,1) (90,19,12,1) (19,52,9,1) (78,5,22,1) (92,9,9,1) (98,54,13,1) (55,54,10,1) (86,72,17,1) (74,46,12,1) (16,86,12,1) (45,22,9,1) (57,30,10,1) (8,16,13,1) (8,60,6,1) (47,16,9,1) (70,53,2,1) (61,22,11,1) 
(11,30,4,1) (37,82,11,1) (51,38,24,1) (63,55,1,1) (1,4,12,1) (81,11,13,1) (59,80,4,1) (69,46,10,1) (63,87,9,1) (91,13,5,1) (16,27,12,1) (59,66,6,1) (92,11,10,1) (86,78,8,1) (42,31,20,1) (92,94,12,1) (19,47,10,1) (50,62,17,1) (76,71,14,1) (46,25,14,1) (96,53,12,1) (94,0,12,1) (79,51,17,1) (15,3,15,1) (52,58,8,1) (45,44,3,1) 
(2,51,6,1) (19,16,2,1) (10,6,4,1) (83,62,6,1) (36,54,9,1) (55,99,11,1) (63,62,8,1) (27,77,3,1) (34,45,13,1) (91,96,6,1) (99,40,12,1) (13,76,12,1) (89,30,10,1) (45,98,7,1) (39,57,9,1) (83,88,8,1) (60,45,10,1) (59,52,11,1) (6,68,14,1) (67,79,2,1) (33,7,7,1) (88,54,14,1) (42,55,2,1) (52,6,10,1) (77,39,13,1) (24,67,10,1) 
(97,71,17,1) (60,58,10,1) (34,64,6,1) (56,13,16,1) (12,89,16,1) (70,74,17,1) (62,2,9,1) (41,13,17,1) (63,97,13,1) (26,65,13,1) (62,92,6,1) (56,44,7,1) (35,14,18,1) (69,0,15,1) (16,56,12,1) (66,64,6,1) (17,4,14,1) (36,93,15,1) (84,15,8,1) (62,95,17,1) (3,23,5,1) (96,83,20,1) (10,59,1,1) (84,62,10,1) (2,83,13,1) (69,17,10,1) 
(48,99,18,1) (18,72,8,1) (41,94,9,1) (66,83,7,1) (66,65,4,1) (38,72,14,1) (54,3,9,1) (96,12,8,1) (78,83,24,1) (68,96,9,1) (18,79,10,1) (61,48,14,1) (69,98,9,1) (77,4,12,1) (6,15,16,1) (62,35,11,1) (74,27,10,1) (56,55,10,1) (9,36,11,1) (86,73,19,1) (67,46,7,1) (39,5,5,1) (95,88,3,1) (67,81,7,1) (94,24,7,1) (75,73,5,1) 
(67,9,10,1) (30,50,9,1) (16,74,13,1) (61,7,12,1) (77,87,1,1) (45,65,21,1) (28,46,20,1) (70,9,13,1) (48,63,6,1) (63,27,3,1) (8,35,5,1) (15,77,8,1) (50,15,11,1) (38,74,7,1) (40,73,7,1) (1,73,11,1) (93,85,9,1) (78,87,5,1) (16,73,12,1) (99,95,18,1) (99,31,12,1) (99,13,1,1) (13,57,10,1) (77,97,8,1) (82,1,6,1) (31,44,18,1) 
(48,51,20,1) (88,8,17,1) (86,88,3,1) (30,38,14,1) (88,13,9,1) (69,25,7,1) (8,95,14,1) (19,26,6,1) (57,10,16,1) (35,6,6,1) (6,49,15,1) (43,52,15,1) (75,55,2,1) (79,1,15,1) (68,61,15,1) (70,84,7,1) (59,52,3,1) (1,71,13,1) (81,88,11,1) (12,19,11,1) (19,14,11,1) (94,9,17,1) (33,96,8,1) (2,53,9,1) (4,7,11,1) (87,1,12,1) 
(13,5,13,1) (9,49,10,1) (97,4,6,1) (47,3,10,1) (54,5,15,1) (34,41,4,1) (34,49,10,1) (63,3,16,1) (11,37,16,1) (3,54,4,1) (69,12,9,1) (4,2,17,1) (33,98,5,1) (73,75,16,1) (65,80,18,1) (74,60,9,1) (87,96,8,1) (63,64,12,1) (93,0,15,1) (81,72,7,1) (97,87,13,1) (69,55,9,1) (54,21,15,1) (49,42,4,1) (22,28,8,1) (40,30,18,1) 
(96,98,7,1) (57,18,17,1) (83,52,8,1) (16,49,12,1) (84,72,16,1) (59,22,16,1) (32,41,6,1) (87,6,7,1) (37,87,12,1) (89,54,12,1) (53,57,10,1) (72,7,15,1) (33,25,13,1) (1,34,14,1) (96,28,12,1) (86,83,8,1) (77,69,11,1) (78,76,13,1) (7,25,13,1) (4,23,18,1) (87,25,6,1) (53,56,7,1) (25,63,9,1) (71,64,5,1) (53,43,9,1) (27,69,19,1) 
(32,6,8,1) (89,3,8,1) (65,69,9,1) (6,84,11,1) (14,34,2,1) (69,5,4,1) (36,64,8,1) (49,99,15,1) (65,21,7,1) (10,72,17,1) (5,46,15,1) (66,23,7,1) (53,61,13,1) (17,24,4,1) (12,83,10,1) (83,38,17,1) (92,81,9,1) (29,64,14,1) (67,57,10,1) (75,56,8,1) (2,32,11,1) (98,80,15,1) (33,22,5,1) (18,33,8,1) (82,27,12,1) (87,53,6,1) 
(29,14,9,1) (39,10,9,1) (52,26,5,1) (58,9,14,1) (33,38,14,1) (57,61,9,1) (5,15,16,1) (55,80,10,1) (56,82,16,1) (74,11,13,1) (42,96,7,1) (59,19,9,1) (90,82,12,1) (8,84,9,1) (65,35,12,1) (5,44,16,1) (3,52,8,1) (73,95,10,1) (74,8,12,1) (12,92,6,1) (15,0,11,1) (46,88,12,1) (4,33,8,1) (58,36,11,1) (30,83,5,1) (53,31,15,1) 
(15,8,10,1) (48,85,12,1) (31,90,7,1) (75,7,13,1) (15,97,9,1) (32,94,8,1) (90,26,17,1) (21,32,5,1) (7,99,5,1) (68,3,16,1) (0,27,8,1) (68,74,11,1) (50,42,17,1) (20,27,12,1) (88,18,10,1) (79,92,18,1) (66,36,8,1) (72,42,10,1) (90,32,20,1) (66,56,13,1) (43,23,17,1) (50,26,4,1) (54,87,15,1) (69,30,18,1) (15,90,11,1) (78,54,6,1) 
(39,2,6,1) (46,84,9,1) (80,9,9,1) (9,61,14,1) (97,50,15,1) (57,41,17,1) (8,14,5,1) (28,34,14,1) (35,24,12,1) (48,8,9,1) (71,97,11,1) (76,96,7,1) (25,51,5,1) (97,73,11,1) (69,62,8,1) (49,4,12,1) (94,35,16,1) (88,29,13,1) (83,51,9,1) (75,41,16,1) (87,11,13,1) (57,11,12,1) (83,43,16,1) (52,8,7,1) (13,91,8,1) (81,94,7,1) 
(67,71,5,1) (64,85,15,1) (32,74,4,1) (82,6,18,1) (77,41,5,1) (11,26,11,1) (88,95,2,1) (52,66,18,1) (63,69,13,1) (34,9,9,1) (50,36,4,1) (65,79,10,1) (21,47,16,1) (9,59,14,1) (39,64,10,1) (7,3,12,1) (87,4,11,1) (9,18,13,1) (92,84,4,1) (36,30,12,1) (37,58,11,1) (96,47,9,1) (62,3,5,1) (14,96,6,1) (36,51,7,1) (37,4,16,1) 
(29,47,14,1) (73,46,9,1) (59,50,10,1) (94,91,15,1) (17,70,15,1) (72,78,4,1) (35,2,6,1) (46,95,8,1) (67,85,8,1) (76,84,9,1) (66,45,7,1) (93,37,12,1) (71,27,8,1) (84,72,2,1) (64,14,15,1) (21,78,8,1) (47,97,2,1) (67,29,17,1) (96,92,12,1) (56,10,14,1) (98,13,11,1) (4,55,10,1) (57,4,5,1) (0,69,5,1) (65,1,20,1) (51,40,5,1) 
(21,49,12,1) (75,10,13,1) (27,1,15,1) (34,27,11,1) (90,80,5,1) (68,30,12,1) (44,20,9,1) (58,0,18,1) (61,87,13,1) (45,25,6,1) (44,2,20,1) (68,61,3,1) (16,72,3,1) (59,69,12,1) (46,82,13,1) (16,74,5,1) (40,81,4,1) (66,5,15,1) (91,17,10,1) (3,2,5,1) (23,31,7,1) (27,32,10,1) (72,4,2,1) (55,96,12,1) (52,5,6,1) (94,13,11,1) 
(42,89,10,1) (97,14,10,1) (89,76,13,1) (86,5,9,1) (84,39,12,1) (2,28,7,1) (82,26,15,1) (35,83,18,1) (61,37,7,1) (51,89,9,1) (80,10,11,1) (96,76,19,1) (1,64,6,1) (68,10,14,1) (96,77,8,1) (34,58,14,1) (36,68,9,1) (97,17,15,1) (19,41,5,1) (14,12,7,1) (67,44,10,1) (45,8,2,1) (47,43,15,1) (54,24,11,1) (67,73,4,1) (71,72,19,1) 
(63,87,11,1) (18,38,9,1) (49,63,7,1) (76,69,8,1) (64,42,15,1) (47,5,15,1) (12,7,11,1) (5,72,4,1) (43,20,13,1) (64,44,3,1) (55,48,7,1) (78,12,21,1) (70,53,12,1) (74,54,8,1) (34,95,6,1) (76,25,11,1) (68,37,6,1) (36,92,10,1) (63,59,14,1) (5,80,3,1) (40,97,13,1) (56,6,3,1) (29,95,9,1) (83,84,5,1) (43,59,15,1) (65,80,11,1) 
(44,52,10,1) (57,30,5,1) (31,36,14,1) (87,46,12,1) (74,2,10,1) (58,22,10,1) (44,34,17,1) (36,78,7,1) (96,51,4,1) (37,21,10,1) (66,85,13,1) (89,47,14,1) (63,34,4,1) (6,54,2,1) (18,46,13,1) (49,66,9,1) (86,11,11,1) (42,17,13,1) (65,26,10,1) (6,76,5,1) (19,10,18,1) (30,76,8,1) (76,46,1,1) (81,21,1,1) (51,28,1,1) (0,42,12,1) 
(61,59,6,1) (77,15,7,1) (34,80,1,1) (20,70,3,1) (2,3,3,1) (99,65,5,1) (23,60,6,1) (60,93,8,1) (66,32,18,1) (35,33,9,1) (60,2,15,1) (88,83,18,1) (43,27,5,1) (14,7,11,1) (24,74,11,1) (36,59,12,1) (9,71,10,1) (66,89,5,1) (48,39,2,1) (29,3,8,1) (10,91,9,1) (49,74,8,1) (9,59,12,1) (55,39,14,1) (6,73,12,1) (84,69,9,1) 
(12,31,8,1) (18,37,12,1) (32,30,12,1) (55,41,5,1) (12,24,7,1) (50,54,5,1) (19,87,15,1) (86,69,3,1) (81,17,6,1) (98,70,14,1) (57,41,11,1) (89,23,7,1) (29,28,10,1) (53,16,2,1) (63,46,3,1) (54,59,19,1) (49,77,13,1) (51,92,19,1) (96,31,8,1) (72,8,12,1) (7,81,16,1) (66,95,8,1) (33,78,9,1) (66,2,11,1) (27,35,1,1) (21,33,11,1) 
(41,20,11,1) (78,36,10,1) (5,13,8,1) (55,63,11,1) (3,1,1,1) (86,36,3,1) (4,61,3,1) (30,43,10,1) (95,26,10,1) (92,39,6,1) (80,21,9,1) (89,50,17,1) (33,75,4,1) (97,84,8,1) (97,5,14,1) (28,31,10,1) (72,95,12,1) (44,93,17,1) (89,6,10,1) (84,37,17,1) (75,24,9,1) (8,34,11,1) (52,43,10,1) (69,78,10,1) (94,71,11,1) (51,10,9,1) 
(88,24,14,1) (38,89,14,1) (64,24,6,1) (44,12,10,1) (2,93,12,1) (25,95,10,1) (24,85,21,1) (83,57,11,1) (26,11,15,1) (9,62,16,1) (94,51,12,1) (30,61,8,1) (41,16,13,1) (74,69,11,1) (27,56,12,1) (16,22,13,1) (97,1,13,1) (26,13,17,1) (60,40,12,1) (35,53,6,1) (75,8,11,1) (49,21,15,1) (15,94,16,1) (94,13,7,1) (50,93,14,1) (80,46,11,1) 
(24,70,8,1) (15,51,10,1) (77,43,13,1) (86,98,11,1) (19,76,15,1) (61,63,10,1) (44,29,13,1) (77,70,9,1) (69,36,18,1) (90,77,10,1) (72,46,12,1) (14,51,5,1) (80,99,6,1) (7,17,6,1) (99,18,3,1) (42,8,2,1) (56,42,10,1) (1,2,10,1) (46,29,17,1) (93,83,12,1) (21,76,11,1) (80,60,14,1) (10,34,4,1) (11,76,17,1) (39,50,14,1) (51,9,3,1) 
(0,69,7,1) (55,22,4,1) (31,19,11,1) (40,42,9,1) (63,76,8,1) (19,60,6,1) (46,38,7,1) (32,25,5,1) (83,2,13,1) (77,84,15,1) (42,69,10,1) (47,3,15,1) (63,59,1,1) (68,12,1,1) (69,90,11,1) (27,39,19,1) (4,62,6,1) (56,78,17,1) (37,72,8,1) (89,12,10,1) (64,9,7,1) (67,61,4,1) (34,94,5,1) (45,68,12,1) (14,67,12,1) (12,99,5,1) 
(16,10,11,1) (13,25,9,1) (90,54,15,1) (58,4,13,1) (52,19,16,1) (25,37,8,1) (89,41,18,1) (20,64,17,1) (70,16,13,1) (68,86,11,1) (88,65,12,1) (59,47,1,1) (33,69,10,1) (9,32,4,1) (88,49,11,1) (22,7,1,1) (59,7,6,1) (3,4,13,1) (44,84,16,1) (83,94,12,1) (16,14,10,1) (82,60,2,1) (59,22,13,1) (18,37,8,1) (7,73,8,1) (8,26,21,1) 
(36,72,11,1) (93,42,10,1) (43,16,8,1) (43,35,5,1) (71,63,11,1) (1,85,7,1) (5,26,13,1) (59,73,7,1) (85,95,11,1) (96,48,10,1) (28,63,7,1) (18,81,5,1) (3,12,12,1) (61,99,16,1) (41,23,10,1) (35,12,6,1) (77,57,9,1) (98,10,7,1) (53,81,9,1) (28,72,10,1) (95,25,12,1) (22,73,7,1) (15,14,5,1) (49,71,10,1) (93,56,11,1) (52,65,9,1) 
(84,0,22,1) (93,51,11,1) (35,57,4,1) (70,31,21,1) (39,55,8,1) (84,83,18,1) (48,3,7,1) (20,54,11,1) (87,56,5,1) (28,81,18,1) (79,42,15,1) (13,63,4,1) (88,50,14,1) (96,26,9,1) (29,51,10,1) (83,69,3,1) (94,24,12,1) (74,92,6,1) (45,65,4,1) (17,69,12,1) (93,17,6,1) (55,43,10,1) (21,39,8,1) (70,13,12,1) (67,71,13,1) (4,14,12,1) 
(46,7,11,1) (68,40,15,1) (95,58,6,1) (59,95,2,1) (84,30,7,1) (10,79,8,1) (7,58,17,1) (16,72,13,1) (96,92,10,1) (51,27,23,1) (83,93,12,1) (79,2,6,1) (17,40,10,1) (49,60,8,1) (11,60,6,1) (4,61,12,1) (88,93,6,1) (93,82,14,1) (28,76,3,1) (45,30,14,1) (33,59,7,1) (95,5,8,1) (34,49,6,1) (19,39,3,1) (53,38,15,1) (21,42,5,1) 
(7,55,17,1) (31,10,13,1) (19,14,7,1) (8,68,11,1) (45,94,13,1) (39,32,4,1) (92,18,9,1) (3,85,14,1) (78,69,10,1) (20,49,9,1) (23,54,15,1) (18,21,14,1) (82,24,11,1) (44,38,11,1) (4,91,8,1) (2,35,13,1) (79,10,12,1) (85,26,10,1) (23,61,7,1) (54,46,17,1) (95,86,7,1) (10,74,13,1) (6,67,12,1) (63,90,13,1) (62,94,9,1) (6,13,10,1) 
(63,8,11,1) (77,86,11,1) (49,90,5,1) (16,39,18,1) (58,55,14,1) (40,96,7,1) (59,26,7,1) (83,61,6,1) (66,59,8,1) (56,53,14,1) (9,58,8,1) (5,98,13,1) (26,39,13,1) (83,68,6,1) (40,52,15,1) (61,58,14,1) (26,98,11,1) (98,92,13,1) (43,21,18,1) (30,89,17,1) (98,14,23,1) (17,43,16,1) (11,24,10,1) (81,70,8,1) (99,41,12,1) (32,14,13,1) 
(13,53,7,1) (10,30,16,1) (75,78,16,1) (39,93,6,1) (67,2,12,1) (3,25,11,1) (71,76,7,1) (68,79,8,1) (68,16,16,1) (6,90,7,1) (97,95,13,1) (69,97,9,1) (31,94,7,1) (77,73,5,1) (69,44,19,1) (82,2,15,1) (19,51,9,1) (95,64,3,1) (6,65,13,1) (73,90,14,1) (37,59,11,1) (17,14,8,1) (3,40,3,1) (49,28,6,1) (19,55,4,1) (84,32,10,1) 
(61,44,8,1) (38,84,3,1) (45,33,13,1) (89,17,4,1) (47,68,8,1) (46,78,10,1) (59,27,7,1) (53,74,5,1) (78,67,7,1) (73,94,17,1) (7,59,11,1) (90,4,17,1) (35,21,2,1) (57,32,9,1) (57,30,4,1) (22,5,12,1) (17,21,10,1) (49,76,8,1) (30,55,8,1) (90,65,11,1) (33,8,10,1) (47,9,20,1) (34,2,12,1) (36,21,4,1) (97,19,7,1) (47,59,9,1) 
(98,67,9,1) (31,28,17,1) (35,65,1,1) (44,80,17,1) (18,49,7,1) (46,22,9,1) (11,6,11,1) (43,88,6,1) (35,19,20,1) (50,63,11,1) (25,64,14,1) (66,89,13,1) (81,76,18,1) (43,57,18,1) (91,82,3,1) (10,58,15,1) (33,29,7,1) (93,86,20,1) (8,60,18,1) (14,41,5,1) (48,86,13,1) (79,71,3,1) (16,72,5,1) (87,99,19,1) (4,97,8,1) (8,13,16,1) 
(26,54,10,1) (73,40,3,1) (89,82,13,1) (8,69,7,1) (16,39,11,1) (29,44,10,1) (52,4,12,1) (39,86,23,1) (45,44,10,1) (68,85,17,1) (6,64,9,1) (74,19,13,1) (6,97,18,1) (61,18,8,1) (72,23,6,1) (33,36,10,1) (81,37,11,1) (45,76,5,1) (64,49,9,1) (95,70,16,1) (35,61,10,1) (8,62,15,1) (20,48,7,1) (30,67,9,1) (67,81,13,1) (29,99,8,1) 
(63,99,7,1) (11,99,17,1) (79,82,14,1) (64,0,13,1) (48,14,7,1) (60,67,17,1) (12,13,8,1) (11,31,15,1) (92,26,10,1) (68,78,11,1) (31,83,18,1) (52,18,9,1) (40,9,6,1) (63,27,11,1) (65,8,7,1) (50,58,19,1) (98,41,14,1) (74,4,11,1) (77,24,7,1) (50,81,14,1) (18,61,7,1) (98,93,8,1) (80,26,8,1) (4,51,11,1) (43,13,19,1) (84,92,5,1) 
(40,7,14,1) (22,32,9,1) (17,94,9,1) (22,60,3,1) (81,7,13,1) (23,72,10,1) (39,96,12,1) (12,75,2,1) (20,51,20,1) (97,2,10,1) (85,97,13,1) (76,1,20,1) (35,49,8,1) (51,31,16,1) (79,28,13,1) (24,22,21,1) (67,88,8,1) (34,23,11,1) (35,52,16,1) (54,76,3,1) (55,11,5,1) (91,92,16,1) (72,16,5,1) (63,69,4,1) (94,32,11,1) (38,54,8,1) 
(29,85,11,1) (39,68,13,1) (38,78,9,1) (29,8,13,1) (50,73,16,1) (91,88,15,1) (19,71,4,1) (56,9,11,1) (93,7,16,1) (17,10,22,1) (21,87,11,1) (24,83,11,1) (40,54,3,1) (3,7,15,1) (35,30,3,1) (84,40,6,1) (12,14,10,1) (23,15,7,1) (22,46,2,1) (96,2,15,1) (16,89,2,1) (58,46,5,1) (54,20,13,1) (11,73,15,1) (49,40,18,1) (86,77,13,1) 
(63,49,5,1) (87,75,17,1) (58,28,10,1) (92,27,14,1) (56,45,3,1) (49,4,6,1) (5,22,7,1) (81,41,20,1) (75,51,4,1) (88,87,9,1) (85,60,10,1) (80,73,10,1) (30,52,9,1) (79,87,6,1) (94,95,11,1) (90,23,13,1) (42,76,3,1) (92,22,12,1) (61,15,3,1) (83,54,12,1) (98,50,9,1) (6,56,9,1) (0,55,10,1) (20,18,2,1) (81,57,3,1) (91,69,23,1) 
(16,2,5,1) (51,25,10,1) (80,17,9,1) (85,73,13,1) (66,94,5,1) (45,56,12,1) (72,20,21,1) (21,70,5,1) (9,1,13,1) (35,73,17,1) (72,1,17,1) (55,84,10,1) (8,77,15,1) (57,72,2,1) (91,88,14,1) (51,72,9,1) (82,51,7,1) (98,39,12,1) (91,47,10,1) (73,71,14,1) (56,88,2,1) (63,50,4,1) (90,61,8,1) (52,36,7,1) (80,38,10,1) (43,19,5,1) 
(97,40,21,1) (71,62,10,1) (91,93,8,1) (43,58,10,1) (99,67,13,1) (1,65,6,1) (25,95,6,1) (74,21,5,1) (8,86,18,1) (30,4,17,1) (54,30,6,1) (91,20,13,1) (94,85,12,1) (56,90,6,1) (37,9,13,1) (83,87,12,1) (91,22,6,1) (20,90,10,1) (13,63,8,1) (75,5,10,1) (74,23,3,1) (67,77,6,1) (60,55,10,1) (44,47,13,1) (8,74,11,1) (38,22,14,1) 
(9,36,16,1) (21,14,8,1) (85,79,7,1) (29,75,17,1) (4,22,15,1) (76,75,15,1) (5,18,17,1) (2,94,14,1) (83,53,8,1) (39,7,12,1) (99,17,10,1) (20,18,16,1) (1,70,10,1) (18,66,12,1) (26,8,8,1) (87,50,8,1) (3,19,14,1) (26,52,9,1) (51,30,9,1) (36,34,14,1) (86,99,8,1) (21,19,7,1) (25,42,18,1) (65,36,10,1) (82,23,15,1) (68,94,10,1) 
(49,78,1,1) (71,73,1,1) (56,67,15,1) (10,67,8,1) (65,33,17,1) (68,86,13,1) (64,61,14,1) (26,81,17,1) (84,40,11,1) (8,94,7,1) (43,16,14,1) (23,69,9,1) (2,1,9,1) (10,85,12,1) (87,44,11,1) (33,15,4,1) (43,87,13,1) (8,43,4,1) (77,15,10,1) (23,1,16,1) (41,38,17,1) (92,36,15,1) (4,15,11,1) (14,49,5,1) (3,80,5,1) (51,27,6,1) 
(47,64,1,1) (8,53,18,1) (22,80,10,1) (14,22,5,1) (78,93,11,1) (46,0,9,1) (28,55,7,1) (62,87,16,1) (80,7,12,1) (75,90,10,1) (96,9,12,1) (28,17,12,1) (31,57,16,1) (11,60,8,1) (94,53,11,1) (25,83,9,1) (88,66,18,1) (75,62,9,1) (12,66,10,1) (31,1,16,1) (91,7,7,1) (8,99,6,1) (86,98,13,1) (67,98,9,1) (60,18,6,1) (87,68,16,1) 
(60,6,15,1) (8,29,4,1) (46,91,3,1) (98,31,5,1) (22,81,6,1) (63,15,10,1) (70,64,9,1) (42,9,7,1) (24,45,9,1) (53,80,5,1) (84,19,6,1) (86,47,11,1) (73,38,16,1) (99,19,6,1) (69,16,7,1) (64,10,3,1) (7,58,12,1) (15,26,6,1) (81,60,8,1) (24,91,14,1) (63,44,5,1) (89,64,12,1) (12,40,12,1) (18,24,18,1) (58,74,8,1) (25,95,15,1) 
(10,9,5,1) (84,78,11,1) (23,30,13,1) (48,35,15,1) (76,14,14,1) (76,49,8,1) (57,11,5,1) (40,44,8,1) (90,19,13,1) (5,55,9,1) (87,21,9,1) (17,16,9,1) (42,1,13,1) (86,51,15,1) (81,62,3,1) (4,81,10,1) (3,82,5,1) (18,20,3,1) (75,83,9,1) (77,4,7,1) (17,68,3,1) (75,90,18,1) (13,14,18,1) (15,21,19,1) (49,55,8,1) (67,73,9,1) 
(83,45,11,1) (93,71,1,1) (4,74,14,1) (72,62,10,1) (27,64,5,1) (81,50,11,1) (45,98,8,1) (16,92,18,1) (83,28,16,1) (13,30,10,1) (93,72,17,1) (53,25,9,1) (15,33,11,1) (74,56,5,1) (7,13,8,1) (66,4,5,1) (95,38,8,1) (82,25,12,1) (64,31,8,1) (57,88,12,1) (53,3,6,1) (11,69,10,1) (99,80,3,1) (99,33,5,1) (99,74,8,1) (20,42,10,1) 
(95,42,5,1) (16,54,13,1) (88,60,4,1) (72,53,13,1) (12,89,13,1) (98,57,10,1) (26,74,1,1) (50,92,9,1) (63,30,9,1) (77,84,11,1) (20,93,3,1) (2,73,9,1) (86,46,4,1) (28,16,16,1) (66,72,10,1) (16,67,11,1) (3,86,6,1) (11,1,15,1) (39,46,4,1) (34,28,16,1) (4,70,5,1) (53,63,11,1) (6,17,7,1) (86,34,9,1) (66,97,7,1) (65,46,12,1) 
(99,49,7,1) (5,97,3,1) (89,82,11,1) (30,1,7,1) (56,40,3,1) (95,42,15,1) (48,27,12,1) (11,17,9,1) (0,54,9,1) (23,28,13,1) (62,78,4,1) (68,78,16,1) (31,26,12,1) (54,23,11,1) (23,87,4,1) (29,47,13,1) (68,3,13,1) (44,49,4,1) (78,47,11,1) (80,4,9,1) (40,69,2,1) (51,3,14,1) (53,25,5,1) (11,20,4,1) (4,71,21,1) (77,23,10,1) 
(73,21,19,1) (44,88,5,1) (38,33,2,1) (89,78,7,1) (76,24,2,1) (17,55,15,1) (62,5,17,1) (19,63,9,1) (44,71,8,1) (7,78,8,1) (24,6,17,1) (0,33,9,1) (30,18,15,1) (95,92,12,1) (47,15,4,1) (63,28,11,1) (8,82,10,1) (46,58,16,1) (33,87,22,1) (98,36,8,1) (51,75,3,1) (56,55,9,1) (47,49,11,1) (55,37,6,1) (87,5,8,1) (43,97,6,1) 
(8,22,9,1) (77,29,5,1) (25,47,12,1) (2,69,9,1) (51,25,17,1) (94,92,1,1) (46,96,11,1) (63,62,18,1) (77,33,18,1) (60,9,9,1) (34,37,19,1) (77,19,14,1) (3,38,10,1) (65,94,2,1) (81,5,11,1) (74,31,7,1) (66,28,8,1) (27,71,11,1) (26,69,9,1) (80,97,12,1) (22,93,14,1) (27,45,11,1) (13,74,18,1) (67,52,14,1) (53,13,14,1) (0,73,13,1) 
(23,25,10,1) (22,18,7,1) (13,56,17,1) (17,32,13,1) (74,29,10,1) (63,4,6,1) (39,57,14,1) (36,21,10,1) (68,19,13,1) (97,78,6,1) (28,91,7,1) (88,51,10,1) (92,98,18,1) (96,47,2,1) (88,85,10,1) (38,7,8,1) (70,1,5,1) (54,39,10,1) (59,5,5,1) (64,75,4,1) (47,3,15,1) (19,87,5,1) (34,41,12,1) (99,49,8,1) (95,30,7,1) (37,8,21,1) 
(82,76,8,1) (35,59,7,1) (86,37,12,1) (77,85,10,1) (73,20,9,1) (62,80,5,1) (17,59,20,1) (0,59,13,1) (0,30,2,1) (2,68,9,1) (8,74,9,1) (44,48,12,1) (55,69,12,1) (96,28,15,1) (71,93,14,1) (38,26,10,1) (37,56,6,1) (40,98,11,1) (6,82,11,1) (1,21,4,1) (84,62,5,1) (13,73,10,1) (49,7,6,1) (24,84,6,1) (0,34,17,1) (66,9,14,1) 
(64,68,12,1) (70,30,8,1) (87,95,19,1) (32,11,5,1) (65,11,12,1) (17,82,13,1) (16,30,10,1) (25,23,10,1) (25,39,9,1) (17,56,8,1) (42,46,8,1) (13,23,4,1) (86,19,5,1) (90,53,16,1) (38,68,6,1) (48,43,13,1) (4,33,13,1) (38,6,13,1) (4,16,12,1) (71,78,4,1) (44,77,15,1) (83,14,14,1) (62,4,8,1) (3,43,6,1) (99,70,6,1) (62,48,3,1) 
(50,80,11,1) (44,79,6,1) (43,65,10,1) (48,58,12,1) (95,18,7,1) (73,29,17,1) (71,66,13,1) (31,92,6,1) (45,37,3,1) (69,64,5,1) (57,50,17,1) (41,20,4,1) (78,22,12,1) (23,21,11,1) (69,93,8,1) (59,96,11,1) (26,23,7,1) (23,31,13,1) (8,7,13,1) (53,44,14,1) (73,89,7,1) (10,88,17,1) (72,33,5,1) (96,26,3,1) (13,99,16,1) (97,39,7,1) 
(99,77,19,1) (98,97,18,1) (87,77,15,1) (63,92,7,1) (69,38,10,1) (40,83,13,1) (19,68,10,1) (20,6,6,1) (65,72,18,1) (62,75,8,1) (80,95,13,1) (80,85,11,1) (19,54,6,1) (59,87,22,1) (57,70,12,1) (43,82,5,1) (86,99,10,1) (36,87,11,1) (60,69,1,1) (5,23,5,1) (77,13,14,1) (84,1,12,1) (97,25,16,1) (95,23,12,1) (43,50,15,1) (62,7,10,1) 
(88,52,6,1) (87,62,7,1) (61,44,3,1) (74,53,5,1) (68,81,21,1) (73,1,10,1) (0,97,11,1) (15,23,12,1) (39,10,23,1) (70,33,13,1) (62,30,10,1) (72,24,8,1) (46,31,1,1) (95,24,14,1) (68,47,7,1) (18,49,9,1) (82,18,2,1) (32,53,12,1) (96,83,6,1) (67,51,12,1) (24,9,14,1) (46,44,8,1) (67,19,24,1) (74,19,12,1) (72,13,18,1) (23,51,15,1) 
(73,51,3,1) (50,8,15,1) (83,6,8,1) (56,15,9,1) (23,62,6,1) (49,65,13,1) (62,77,4,1) (90,80,12,1) (28,39,7,1) (96,18,6,1) (23,73,14,1) (96,45,7,1) (99,18,1,1) (18,69,14,1) (52,55,12,1) (2,59,19,1) (21,20,4,1) (39,71,17,1) (21,47,10,1) (52,24,14,1) (47,93,9,1) (2,66,14,1) (63,89,4,1) (84,86,8,1) (71,94,6,1) (87,70,8,1) 
(38,39,8,1) (52,25,7,1) (97,34,18,1) (80,72,15,1) (58,36,14,1) (11,73,5,1) (82,37,11,1) (97,78,6,1) (44,95,10,1) (13,58,8,1) (59,53,8,1) (76,47,11,1) (17,14,12,1) (10,77,10,1) (14,38,7,1) (10,75,6,1) (81,18,3,1) (38,49,12,1) (41,68,6,1) (82,44,15,1) (24,72,15,1) (17,29,10,1) (29,60,5,1) (60,10,15,1) (87,73,16,1) (69,95,8,1) 
(65,36,6,1) (10,7,12,1) (73,92,15,1) (17,67,8,1) (86,38,11,1) (93,28,12,1) (22,96,13,1) (62,15,12,1) (7,73,14,1) (15,73,17,1) (94,82,8,1) (43,94,8,1) (6,25,7,1) (26,78,12,1) (97,26,8,1) (69,72,11,1) (33,78,4,1) (40,54,13,1) (9,61,12,1) (13,21,13,1) (91,89,11,1) (43,84,14,1) (92,39,19,1) (30,54,10,1) (44,97,11,1) (66,22,6,1) 
(59,18,9,1) (88,1,13,1) (75,15,13,1) (33,35,5,1) (67,49,6,1) (44,11,16,1) (4,82,17,1) (61,4,4,1) (87,70,1,1) (82,79,4,1) (89,5,15,1) (65,3,8,1) (10,37,9,1) (59,91,14,1) (60,97,11,1) (80,42,11,1) (16,46,12,1) (8,35,14,1) (11,66,15,1) (90,92,4,1) (89,61,11,1) (50,67,7,1) (49,5,12,1) (24,84,14,1) (63,95,14,1) (43,24,14,1) 
(10,99,4,1) (57,72,14,1) (40,73,7,1) (33,7,8,1) (19,38,9,1) (43,14,18,1) (48,47,10,1) (72,88,6,1) (7,22,16,1) (23,99,10,1) (10,11,8,1) (41,44,2,1) (93,83,6,1) (45,91,12,1) (7,54,13,1) (88,15,15,1) (81,69,2,1) (12,28,6,1) (20,50,13,1) (34,1,4,1) (70,42,19,1) (35,51,11,1) (9,47,9,1) (3,49,8,1) (21,63,5,1) (88,21,10,1) 
(49,19,11,1) (39,81,6,1) (57,72,12,1) (61,23,11,1) (43,61,14,1) (65,60,13,1) (48,60,12,1) (86,4,13,1) (59,91,10,1) (60,32,13,1) (48,30,13,1) (74,87,10,1) (64,76,20,1) (45,11,13,1) (42,54,7,1) (92,79,8,1) (44,38,3,1) (92,84,9,1) (94,16,18,1) (23,87,2,1) (55,44,6,1) (69,16,13,1) (77,45,12,1) (8,48,12,1) (91,66,14,1) (55,61,11,1) 
(85,15,9,1) (22,41,17,1) (87,18,23,1) (8,41,10,1) (59,64,13,1) (89,86,12,1) (51,2,10,1) (70,11,15,1) (12,43,14,1) (54,86,5,1) (47,64,17,1) (82,91,9,1) (24,51,6,1) (40,48,8,1) (81,63,11,1) (61,37,7,1) (60,16,15,1) (26,87,17,1) (42,80,4,1) (68,60,18,1) (84,92,13,1) (63,11,7,1) (31,14,5,1) (78,45,10,1) (19,4,9,1) (83,84,8,1) 
(34,19,12,1) (27,48,7,1) (19,57,9,1) (94,20,11,1) (64,88,9,1) (34,96,2,1) (81,72,14,1) (22,19,13,1) (70,86,1,1) (40,76,14,1) (76,33,17,1) (63,48,14,1) (89,11,12,1) (81,70,10,1) (72,17,9,1) (57,44,23,1) (13,3,9,1) (84,14,15,1) (76,31,9,1) (55,32,7,1) (91,55,16,1) (12,10,12,1) (94,29,15,1) (27,87,8,1) (11,0,14,1) (38,84,14,1) 
(28,92,14,1) (21,85,12,1) (81,32,11,1) (51,34,8,1) (14,23,12,1) (51,59,8,1) (50,40,22,1) (80,88,20,1) (75,41,14,1) (21,7,22,1) (4,86,7,1) (47,87,19,1) (95,9,11,1) (64,11,8,1) (34,18,9,1) (76,33,12,1) (7,24,9,1) (95,52,15,1) (59,80,10,1) (18,8,10,1) (7,88,10,1) (13,22,7,1) (27,71,18,1) (63,94,8,1) (51,79,13,1) (70,85,1,1) 
(72,60,8,1) (59,28,12,1) (61,95,8,1) (11,73,6,1) (57,98,17,1) (25,54,15,1) (83,66,6,1) (75,42,18,1) (4,59,13,1) (20,8,3,1) (20,92,17,1) (6,56,11,1) (87,82,10,1) (83,21,4,1) (88,33,6,1) (98,54,6,1) (29,78,14,1) (40,77,9,1) (81,35,22,1) (62,61,10,1) (11,95,7,1) (52,38,5,1) (23,24,9,1) (39,55,3,1) (88,59,11,1) (9,50,13,1) 
(92,68,5,1) (14,11,4,1) (10,80,13,1) (9,77,9,1) (75,92,3,1) (31,88,13,1) (63,3,12,1) (15,44,8,1) (57,29,9,1) (46,23,13,1) (82,50,2,1) (15,20,11,1) (92,53,1,1) (12,65,9,1) (4,83,5,1) (95,93,5,1) (16,2,14,1) (99,83,14,1) (92,5,11,1) (18,80,6,1) (48,21,9,1) (21,30,12,1) (63,75,6,1) (57,10,13,1) (60,34,7,1) (23,39,7,1) 
(58,20,11,1) (79,91,15,1) (0,26,11,1) (44,37,14,1) (43,21,12,1) (53,93,18,1) (88,24,10,1) (97,63,9,1) (48,88,15,1) (72,28,13,1) (72,25,10,1) (5,64,1,1) (22,32,9,1) (1,12,4,1) (1,46,10,1) (47,19,5,1) (78,19,16,1) (5,68,9,1) (34,89,6,1) (64,51,9,1) (82,84,7,1) (54,75,19,1) (36,7,12,1) (90,53,6,1) (91,1,10,1) (62,79,8,1) 
(90,92,2,1) (66,44,9,1) (60,40,8,1) (63,85,18,1) (97,3,18,1) (59,36,18,1) (46,16,4,1) (13,75,9,1) (32,30,18,1) (68,3,6,1) (91,99,12,1) (49,30,18,1) (8,7,7,1) (81,89,9,1) (47,90,14,1) (92,67,12,1) (37,50,10,1) (94,76,7,1) (56,78,5,1) (58,28,4,1) (77,24,14,1) (57,41,19,1) (19,77,5,1) (98,24,11,1) (17,33,9,1) (8,79,9,1) 
(88,96,16,1) (58,51,8,1) (90,28,8,1) (2,89,3,1) (61,74,6,1) (35,84,14,1) (18,1,8,1) (73,89,11,1) (57,39,2,1) (87,30,1,1) (99,94,14,1) (62,87,13,1) (74,40,3,1) (59,38,17,1) (55,42,18,1) (91,11,2,1) (90,45,9,1) (95,20,9,1) (1,34,12,1) (3,48,8,1) (76,84,13,1) (19,56,8,1) (53,85,13,1) (19,12,6,1) (42,53,13,1) (28,52,17,1) 
(37,88,10,1) (81,49,14,1) (0,85,4,1) (25,60,16,1) (29,68,13,1) (98,85,15,1) (56,8,17,1) (79,82,10,1) (41,86,10,1) (46,98,10,1) (13,91,10,1) (34,77,6,1) (6,39,10,1) (70,7,15,1) (80,29,8,1) (76,55,8,1) (97,34,6,1) (1,62,10,1) (79,4,25,1) (9,61,8,1) (23,87,12,1) (27,39,5,1) (98,79,12,1) (15,17,11,1) (29,70,10,1) (88,31,14,1) 
(55,31,14,1) (74,30,1,1) (84,68,12,1) (90,51,6,1) (77,76,22,1) (20,71,21,1) (49,14,17,1) (48,56,3,1) (9,2,8,1) (47,64,10,1) (94,85,10,1) (76,70,9,1) (78,30,24,1) (20,99,13,1) (10,36,11,1) (58,77,3,1) (54,63,14,1) (62,83,10,1) (81,98,8,1) (77,27,12,1) (44,58,13,1) (11,67,9,1) (38,91,6,1) (74,19,7,1) (13,33,11,1) (81,57,11,1) 
(81,8,6,1) (29,34,11,1) (41,31,13,1) (67,94,9,1) (88,83,8,1) (24,96,12,1) (31,92,17,1) (31,16,7,1) (13,98,8,1) (51,31,9,1) (59,93,15,1) (71,32,15,1) (84,52,8,1) (19,51,5,1) (59,88,5,1) (4,52,8,1) (26,31,1,1) (28,6,19,1) (73,85,3,1) (66,85,24,1) (87,82,5,1) (31,82,11,1) (14,86,10,1) (97,60,5,1) (34,92,17,1) (64,15,7,1) 
(98,52,13,1) (68,23,23,1) (25,21,9,1) (55,36,16,1) (9,77,10,1) (62,77,11,1) (15,80,4,1) (90,39,13,1) (7,41,9,1) (99,48,17,1) (54,8,15,1) (79,62,21,1) (8,28,23,1) (79,52,12,1) (83,36,8,1) (31,89,12,1) (49,46,7,1) (70,56,5,1) (66,85,11,1) (56,63,7,1) (19,36,20,1) (82,52,3,1) (8,45,16,1) (73,74,9,1) (56,7,6,1) (26,52,6,1) 
(38,96,15,1) (0,21,17,1) (11,99,12,1) (2,14,8,1) (64,47,13,1) (77,11,14,1) (69,11,18,1) (8,21,10,1) (82,46,17,1) (82,31,12,1) (59,26,15,1) (60,63,10,1) (81,75,16,1) (94,19,10,1) (76,66,5,1) (47,63,13,1) (62,43,12,1) (98,41,13,1) (30,56,12,1) (74,77,3,1) (5,77,8,1) (94,37,3,1) (78,65,8,1) (11,21,12,1) (99,61,20,1) (96,31,11,1) 
(27,48,3,1) (1,34,4,1) (1,0,9,1) (55,22,12,1) (58,7,11,1) (16,79,15,1) (87,8,19,1) (55,84,8,1) (97,71,18,1) (38,21,10,1) (74,60,4,1) (1,31,16,1) (69,34,6,1) (50,21,15,1) (29,43,5,1) (55,19,16,1) (84,33,8,1) (12,48,7,1) (94,24,11,1) (9,16,3,1) (90,86,10,1) (88,9,10,1) (69,20,18,1) (9,79,13,1) (80,24,12,1) (45,14,5,1) 
(64,48,13,1) (4,66,14,1) (42,73,5,1) (18,7,7,1) (26,53,3,1) (39,16,16,1) (63,36,2,1) (59,4,10,1) (26,72,11,1) (17,69,11,1) (67,74,9,1) (58,41,13,1) (99,10,10,1) (86,22,16,1) (19,92,6,1) (84,12,18,1) (48,92,14,1) (5,64,9,1) (30,23,11,1) (64,20,7,1) (85,87,4,1) (14,85,6,1) (84,6,14,1) (25,93,12,1) (97,5,4,1) (81,21,18,1) 
(9,16,3,1) (37,57,20,1) (56,99,8,1) (47,43,8,1) (69,10,20,1) (81,71,8,1) (10,66,4,1) (39,55,16,1) (0,12,8,1) (22,24,9,1) (74,78,9,1) (16,12,11,1) (96,52,18,1) (92,45,13,1) (94,18,9,1) (35,77,9,1) (45,19,7,1) (76,83,15,1) (46,61,6,1) (94,84,10,1) (17,68,10,1) (20,38,14,1) (77,99,17,1) (33,29,3,1) (70,60,15,1) (74,95,7,1) 
(33,69,9,1) (19,3,7,1) (49,3,8,1) (64,2,11,1) (15,28,11,1) (21,30,1,1) (75,56,11,1) (49,94,17,1) (77,40,5,1) (34,48,13,1) (45,61,6,1) (52,36,18,1) (95,52,14,1) (28,24,18,1) (38,11,16,1) (12,4,17,1) (88,5,16,1) (79,19,1,1) (4,56,7,1) (38,23,15,1) (82,50,13,1) (27,24,11,1) (91,73,18,1) (9,92,17,1) (9,44,17,1) (74,7,11,1) 
(92,38,8,1) (47,99,18,1) (27,28,11,1) (46,0,9,1) (88,38,9,1) (43,8,13,1) (17,70,9,1) (23,57,5,1) (63,39,9,1) (90,32,12,1) (53,44,4,1) (9,70,3,1) (23,53,5,1) (23,61,11,1) (51,27,17,1) (94,87,7,1) (22,18,10,1) (38,36,5,1) (87,62,7,1) (7,1,3,1) (50,79,12,1) (48,59,3,1) (42,79,2,1) (14,71,4,1) (33,40,6,1) (56,79,13,1) 
(95,48,7,1) (45,58,10,1) (17,61,16,1) (63,83,14,1) (10,89,16,1) (46,90,4,1) (19,38,16,1) (82,74,9,1) (50,87,9,1) (24,61,12,1) (73,30,3,1) (31,70,5,1) (8,40,21,1) (55,6,14,1) (65,20,6,1) (41,56,4,1) (45,90,11,1) (1,97,13,1) (7,92,10,1) (34,18,8,1) (16,49,8,1) (18,67,8,1) (32,12,11,1) (96,20,6,1) (74,21,7,1) (89,90,10,1) 
(9,83,10,1) (16,32,9,1) (57,95,15,1) (44,97,11,1) (30,74,9,1) (79,36,4,1) (62,52,16,1) (73,13,8,1) (99,12,2,1) (37,23,9,1) (78,70,14,1) (12,50,1,1) (90,74,5,1) (1,27,16,1) (62,13,3,1) (52,43,16,1) (52,22,7,1) (12,45,14,1) (78,90,10,1) (20,77,7,1) (32,23,4,1) (60,13,2,1) (13,96,9,1) (77,94,12,1) (28,54,12,1) (29,18,4,1) 
(68,36,6,1) (5,58,14,1) (53,99,6,1) (19,87,9,1) (53,6,2,1) (87,84,16,1) (30,2,2,1) (53,7,10,1) (77,72,14,1) (20,31,15,1) (74,60,18,1) (46,53,13,1) (77,33,12,1) (92,98,20,1) (11,43,4,1) (67,7,21,1) (84,29,9,1) (31,9,12,1) (20,93,14,1) (7,36,3,1) (48,19,14,1) (21,81,11,1) (23,32,6,1) (58,73,4,1) (37,16,7,1) (82,25,16,1) 
(47,28,6,1) (81,89,14,1) (59,99,19,1) (79,34,7,1) (43,57,17,1) (95,67,9,1) (36,68,8,1) (40,67,19,1) (5,39,6,1) (7,63,6,1) (28,11,8,1) (10,84,9,1) (59,4,11,1) (37,94,17,1) (7,47,10,1) (56,97,7,1) (39,22,9,1) (55,44,10,1) (49,37,16,1) (34,58,1,1) (33,20,8,1) (43,32,12,1) (74,51,14,1) (14,30,11,1) (1,93,8,1) (48,42,8,1) 
(93,37,11,1) (43,82,17,1) (47,9,6,1) (34,48,9,1) (34,64,6,1) (11,87,7,1) (79,86,22,1) (18,9,11,1) (21,33,3,1) (8,22,8,1) (65,29,11,1) (40,20,13,1) (3,93,17,1) (8,73,1,1) (43,91,3,1) (28,81,5,1) (7,61,11,1) (56,5,6,1) (26,64,9,1) (78,89,13,1) (99,42,11,1) (23,18,12,1) (41,19,10,1) (90,85,16,1) (32,90,7,1) (57,45,2,1) 
(78,53,1,1) (60,51,12,1) (37,73,7,1) (93,42,5,1) (99,34,15,1) (27,2,2,1) (44,33,16,1) (58,97,2,1) (81,9,4,1) (73,85,1,1) (5,89,8,1) (51,70,9,1) (28,33,5,1) (86,59,4,1) (55,74,10,1) (70,80,6,1) (39,53,12,1) (68,63,10,1) (49,9,4,1) (42,55,15,1) (32,34,11,1) (44,7,14,1) (20,42,6,1) (82,94,9,1) (8,26,8,1) (6,91,14,1) 
(77,54,18,1) (7,81,14,1) (2,39,12,1) (25,43,17,1) (70,58,8,1) (47,65,2,1) (84,94,14,1) (34,3,5,1) (92,29,6,1) (44,20,7,1) (18,82,12,1) (84,74,8,1) (72,16,13,1) (46,59,7,1) (57,9,12,1) (72,21,9,1) (72,30,11,1) (65,24,7,1) (11,59,18,1) (69,35,12,1) (65,60,23,1) (84,26,4,1) (39,49,6,1) (46,62,7,1) (11,4,20,1) (91,76,15,1) 
(0,24,15,1) (35,96,4,1) (72,64,5,1) (43,26,2,1) (18,87,3,1) (49,40,7,1) (65,35,9,1) (7,16,14,1) (49,7,7,1) (7,51,12,1) (90,42,11,1) (1,59,8,1) (79,69,11,1) (50,56,13,1) (3,92,17,1) (95,71,9,1) (8,99,17,1) (89,25,17,1) (34,26,11,1) (56,25,5,1) (87,48,15,1) (72,31,15,1) (32,2,8,1) (36,91,4,1) (63,55,14,1) (51,74,13,1) 
(84,94,16,1) (55,68,2,1) (41,44,13,1) (99,19,3,1) (30,51,12,1) (22,51,9,1) (80,16,16,1) (31,13,15,1) (59,12,11,1) (91,81,9,1) (12,24,4,1) (29,42,9,1) (78,18,9,1) (88,37,10,1) (98,59,21,1) (61,6,6,1) (25,47,7,1) (27,96,9,1) (51,92,8,1) (64,66,10,1) (27,42,5,1) (44,99,8,1) (25,83,4,1) (23,46,13,1) (7,45,13,1) (22,68,13,1) 
(98,84,11,1) (72,22,11,1) (61,53,2,1) (49,36,18,1) (0,29,5,1) (83,44,3,1) (32,71,11,1) (11,48,13,1) (31,20,10,1) (33,17,11,1) (74,54,16,1) (91,25,10,1) (46,44,4,1) (28,96,15,1) (72,44,11,1) (78,48,15,1) (33,35,5,1) (4,67,6,1) (39,29,14,1) (20,13,7,1) (27,85,11,1) (87,21,3,1) (68,89,13,1) (68,30,10,1) (63,72,6,1) (21,34,2,1) 