(74,66,16,1) (25,26,8,1) (4,44,1,1) (29,73,4,1) (97,62,13,1) (66,45,10,1) (15,87,11,1) (80,91,13,1) (89,46,7,1) (98,78,9,1) (41,93,10,1) (50,81,6,1) (2,91,3,1) (22,5,8,1) (48,14,11,1) (20,83,13,1) (23,12,16,1) (54,0,15,1) (90,27,7,1) (66,71,15,1) (46,63,25,1) (43,91,8,1) (1,89,7,1) (18,31,13,1) (12,61,6,1) (16,87,7,1) (32,30,18,1) (32,98,7,1) (1,34,11,1) (46,49,5,1) 
(9,74,1,1) (50,19,8,1) (97,79,12,1) (25,3,4,1) (20,12,9,1) (46,8,8,1) (88,96,13,1) (82,3,11,1) (48,98,5,1) (69,61,9,1) (78,80,10,1) (3,27,10,1) (86,46,5,1) (59,79,15,1) (28,52,15,1) (39,9,6,1) (19,81,10,1) (3,63,11,1) (95,25,8,1) (18,25,10,1) (69,16,7,1) (91,26,7,1) (62,29,13,1) (20,8,14,1) (58,86,6,1) (84,74,5,1) (90,80,11,1) (63,48,7,1) (33,0,8,1) (66,10,8,1) 
(14,42,6,1) (35,94,8,1) (38,89,16,1) (11,64,11,1) (21,62,13,1) (19,6,8,1) (53,36,14,1) (2,79,7,1) (82,24,13,1) (37,68,3,1) (21,65,9,1) (82,23,14,1) (5,22,13,1) (78,11,6,1) (1,85,15,1) (36,32,18,1) (96,8,10,1) (24,65,16,1) (39,59,15,1) (70,88,9,1) (95,0,13,1) (96,53,9,1) (54,51,4,1) (65,34,9,1) (72,80,10,1) (52,53,8,1) (88,79,14,1) (6,47,15,1) (8,95,15,1) (53,24,8,1) 
(2,92,4,1) (33,28,7,1) (39,83,8,1) (67,35,8,1) (30,92,13,1) (25,22,7,1) (75,36,9,1) (95,72,8,1) (68,80,1,1) (87,4,14,1) (2,88,6,1) (36,2,13,1) (31,45,12,1) (49,1,9,1) (7,12,6,1) (45,89,11,1) (76,86,21,1) (4,93,13,1) (46,92,9,1) (98,82,11,1) (23,94,11,1) (24,67,7,1) (23,24,12,1) (42,3,14,1) (37,89,12,1) (62,15,18,1) (49,72,6,1) (94,27,12,1) (92,82,19,1) (24,73,7,1) 
(39,45,13,1) (59,13,5,1) (59,29,10,1) (18,33,2,1) (79,94,16,1) (47,99,8,1) (25,45,7,1) (34,62,12,1) (71,80,2,1) (33,71,12,1) (15,50,14,1) (81,78,8,1) (1,14,6,1) (27,2,6,1) (88,38,9,1) (27,38,7,1) (57,69,11,1) (98,28,10,1) (79,59,10,1) (57,13,11,1) (55,88,12,1) (89,13,13,1) (1,91,15,1) (48,59,18,1) (97,82,9,1) (64,99,7,1) (56,72,21,1) (88,30,4,1) (51,81,10,1) (3,90,9,1) 
(94,79,6,1) (55,67,17,1) (87,49,17,1) (21,13,16,1) (6,5,11,1) (40,2,10,1) (60,46,17,1) (61,52,11,1) (38,10,14,1) (4,70,5,1) (99,24,2,1) (83,79,18,1) (96,82,5,1) (40,53,12,1) (43,35,14,1) (25,28,4,1) (5,68,5,1) (54,53,13,1) (65,34,16,1) (88,98,4,1) (10,55,10,1) (17,35,12,1) (99,30,11,1) (44,87,14,1) (73,37,8,1) (67,83,16,1) (57,27,9,1) (32,7,12,1) (71,55,12,1) (3,41,6,1) 
(22,94,22,1) (96,36,9,1) (18,86,11,1) (98,66,17,1) (40,4,20,1) (23,65,9,1) (49,17,11,1) (93,74,11,1) (42,84,13,1) (42,36,13,1) (96,23,19,1) (58,17,11,1) (61,91,20,1) (52,55,9,1) (27,70,11,1) (65,94,10,1) (65,31,12,1) (11,62,21,1) (66,83,3,1) (79,85,11,1) (51,96,5,1) (33,62,8,1) (5,30,10,1) (55,74,13,1) (72,76,9,1) (56,31,12,1) (4,13,6,1) (54,1,7,1) (48,35,17,1) (4,8,8,1) 
(44,39,13,1) (33,7,9,1) (66,52,13,1) (26,52,8,1) (68,17,11,1) (95,62,5,1) (80,97,12,1) (27,25,10,1) (54,95,16,1) (55,61,12,1) (29,61,14,1) (44,23,12,1) (93,96,3,1) (89,66,11,1) (46,21,5,1) (72,54,10,1) (5,95,7,1) (45,88,14,1) (75,3,7,1) (73,8,16,1) (63,94,10,1) (65,18,20,1) (59,22,5,1) (25,49,6,1) (47,25,8,1) (36,46,9,1) (90,2,12,1) (25,83,6,1) (77,2,19,1) (15,82,12,1) 
(61,0,16,1) (4,52,11,1) (37,87,11,1) (51,77,16,1) (56,45,8,1) (56,95,22,1) (72,67,12,1) (63,92,10,1) (19,68,10,1) (71,42,7,1) (72,58,5,1) (93,67,13,1) (38,70,7,1) (71,10,16,1) (5,35,5,1) (24,2,6,1) (46,86,6,1) (39,93,9,1) (76,69,18,1) (11,36,12,1) (72,10,12,1) (11,52,6,1) (30,11,5,1) (16,13,13,1) (88,44,15,1) (29,25,5,1) (97,98,12,1) (43,92,6,1) (29,14,7,1) (20,37,7,1) 
(70,4,12,1) (56,30,7,1) (47,63,10,1) (36,90,7,1) (63,76,13,1) (41,51,8,1) (99,91,2,1) (15,3,11,1) (99,64,7,1) (60,27,12,1) (43,47,5,1) (54,36,12,1) (88,12,8,1) (64,36,9,1) (20,75,7,1) (41,44,14,1) (46,50,6,1) (97,54,5,1) (33,27,10,1) (88,90,16,1) (57,2,9,1) (58,93,11,1) (27,29,13,1) (2,15,11,1) (32,71,10,1) (39,37,19,1) (77,31,11,1) (3,20,10,1) (83,81,5,1) (28,13,9,1) 
(31,12,18,1) (58,41,6,1) (79,15,15,1) (24,86,4,1) (39,6,12,1) (63,0,6,1) (56,65,8,1) (23,38,19,1) (37,91,10,1) (86,72,15,1) (56,52,17,1) (65,75,1,1) (57,6,8,1) (54,63,3,1) (55,80,11,1) (41,22,14,1) (79,38,3,1) (38,28,10,1) (83,92,11,1) (44,38,8,1) (81,79,5,1) (21,28,6,1) (33,13,2,1) (71,78,19,1) (43,80,13,1) (67,75,5,1) (89,35,10,1) (53,37,7,1) (64,74,11,1) (50,4,16,1) 
(14,34,7,1) (53,39,15,1) (80,28,10,1) (45,95,12,1) (13,40,9,1) (84,12,7,1) (0,3,12,1) (1,49,12,1) (5,7,5,1) (71,70,15,1) (90,18,7,1) (15,47,16,1) (65,64,17,1) (41,8,13,1) (62,59,10,1) (23,20,7,1) (62,37,21,1) (86,97,11,1) (2,0,9,1) (21,36,12,1) (47,32,15,1) (18,31,17,1) (56,14,10,1) (89,66,8,1) (51,95,7,1) (94,24,4,1) (18,39,17,1) (3,5,12,1) (1,70,9,1) (51,48,15,1) 
(39,99,7,1) (63,69,14,1) (67,35,9,1) (99,87,10,1) (51,64,18,1) (16,9,12,1) (40,92,9,1) (84,95,10,1) (85,35,12,1) (49,7,9,1) (13,87,9,1) (76,23,2,1) (25,53,9,1) (92,89,8,1) (96,22,10,1) (7,15,21,1) (53,13,14,1) (27,70,11,1) (88,71,12,1) (65,57,6,1) (12,38,7,1) (2,20,10,1) (40,72,11,1) (60,10,2,1) (97,74,7,1) (43,16,12,1) (25,36,11,1) (31,92,17,1) (84,51,9,1) (70,65,6,1) 
(74,27,8,1) (79,32,4,1) (53,97,8,1) (6,88,9,1) (1,65,8,1) (60,41,13,1) (6,95,15,1) (27,73,13,1) (87,50,14,1) (21,66,10,1) (84,42,6,1) (67,99,8,1) (98,30,16,1) (4,50,2,1) (27,0,11,1) (94,66,11,1) (42,83,8,1) (10,44,10,1) (70,41,6,1) (18,46,18,1) (70,22,6,1) (86,34,17,1) (8,99,1,1) (9,1,17,1) (10,55,9,1) (63,46,10,1) (16,83,7,1) (13,48,10,1) (26,56,5,1) (94,84,15,1) 
(10,19,10,1) (43,96,13,1) (2,39,9,1) (79,51,13,1) (49,72,8,1) (10,71,13,1) (11,36,5,1) (22,67,14,1) (28,97,4,1) (53,5,2,1) (15,68,6,1) (38,0,13,1) (51,48,14,1) (78,85,9,1) (13,46,14,1) (7,35,10,1) (86,98,9,1) (91,12,16,1) (85,23,12,1) (85,56,15,1) (51,86,9,1) (50,52,6,1) (88,91,13,1) (9,83,18,1) (93,89,18,1) (29,48,9,1) (13,22,12,1) (51,3,6,1) (49,22,4,1) (22,10,7,1) 
(47,16,9,1) (22,9,10,1) (80,39,8,1) (17,1,10,1) (31,21,15,1) (73,83,15,1) (2,45,2,1) (87,62,6,1) (22,17,11,1) (99,91,4,1) (57,4,18,1) (71,36,10,1) (97,37,5,1) (60,38,7,1) (61,45,15,1) (33,13,4,1) (53,42,6,1) (83,55,13,1) (24,92,14,1) (4,62,6,1) (58,1,11,1) (17,83,10,1) (52,94,13,1) (85,33,5,1) (95,44,6,1) (39,62,1,1) (95,4,13,1) (72,59,8,1) (59,48,2,1) (31,86,4,1) 
(66,14,17,1) (71,45,11,1) (68,51,3,1) (26,77,13,1) (89,54,8,1) (14,0,13,1) (87,59,6,1) (0,81,9,1) (19,57,8,1) (5,46,11,1) (17,92,9,1) (71,62,15,1) (80,73,7,1) (92,69,22,1) (21,36,13,1) (89,43,6,1) (49,88,19,1) (98,22,12,1) (50,86,10,1) (66,17,8,1) (15,17,6,1) (8,87,14,1) (2,73,12,1) (2,86,15,1) (0,52,11,1) (87,80,8,1) (61,73,13,1) (53,22,17,1) (13,6,9,1) (26,11,16,1) 
(15,5,17,1) (93,88,14,1) (25,5,21,1) (38,56,6,1) (94,73,8,1) (47,81,6,1) (33,30,17,1) (55,16,16,1) (25,34,12,1) (24,35,14,1) (77,6,8,1) (30,71,12,1) (7,60,14,1) (89,26,15,1) (2,75,7,1) (40,30,8,1) (74,56,19,1) (76,34,6,1) (93,37,13,1) (28,47,10,1) (24,31,8,1) (25,26,5,1) (13,35,13,1) (18,90,5,1) (61,40,14,1) (39,3,5,1) (53,4,10,1) (92,19,11,1) (5,6,10,1) (30,81,4,1) 
(35,4,6,1) (7,78,9,1) (26,91,17,1) (44,82,4,1) (81,80,12,1) (97,48,8,1) (88,75,15,1) (43,47,3,1) (69,26,12,1) (80,43,8,1) (9,76,11,1) (9,38,2,1) (61,58,15,1) (68,88,11,1) (68,42,4,1) (18,90,8,1) (44,34,8,1) (31,7,1,1) (15,22,12,1) (79,21,13,1) (28,78,3,1) (75,55,9,1) (59,34,2,1) (86,34,11,1) (56,87,8,1) (58,22,10,1) (12,62,12,1) (44,62,11,1) (63,83,3,1) (62,32,9,1) 
(68,52,16,1) (61,98,4,1) (31,97,8,1) (39,92,5,1) (20,25,22,1) (2,38,10,1) (32,41,8,1) (84,82,10,1) (35,70,15,1) (27,69,8,1) (55,82,7,1) (96,35,9,1) (80,99,14,1) (80,50,10,1) (24,82,4,1) (53,64,9,1) (89,97,20,1) (38,51,9,1) (10,70,12,1) (20,3,20,1) (12,26,17,1) (2,63,12,1) (57,13,6,1) (53,84,6,1) (25,32,15,1) (26,80,13,1) (34,28,7,1) (69,74,8,1) (55,62,13,1) (38,4,19,1) 
(19,27,9,1) (11,97,11,1) (92,54,12,1) (60,4,14,1) (33,23,12,1) (43,53,10,1) (92,7,10,1) (54,87,12,1) (79,92,10,1) (7,39,11,1) (86,92,7,1) (21,47,14,1) (99,34,6,1) (94,53,8,1) (42,77,12,1) (34,42,17,1) (47,99,6,1) (62,51,9,1) (86,13,9,1) (49,91,5,1) (73,24,15,1) (78,89,10,1) (70,50,5,1) (88,83,8,1) (56,37,8,1) (2,28,6,1) (20,83,1,1) (80,2,11,1) (36,31,19,1) (11,28,8,1) 
(1,37,14,1) (88,71,12,1) (80,43,15,1) (19,62,12,1) (12,24,15,1) (90,81,16,1) (63,8,12,1) (5,73,8,1) (46,25,17,1) (89,30,13,1) (47,41,16,1) (92,90,2,1) (35,70,17,1) (2,82,13,1) (47,3,13,1) (90,27,10,1) (52,43,8,1) (38,65,2,1) (4,38,8,1) (0,98,22,1) (14,63,7,1) (59,77,11,1) (29,69,21,1) (55,76,8,1) (22,75,16,1) (56,77,9,1) (56,18,7,1) (46,53,19,1) (10,85,8,1) (51,80,11,1) 
(97,37,16,1) (31,55,12,1) (64,21,11,1) (66,54,5,1) (42,60,12,1) (26,85,12,1) (10,23,10,1) (51,72,11,1) (27,61,7,1) (7,38,4,1) (63,95,8,1) (89,67,9,1) (40,87,16,1) (82,57,7,1) (72,45,17,1) (1,25,18,1) (73,44,9,1) (10,58,21,1) (15,45,11,1) (83,35,9,1) (71,80,9,1) (74,14,14,1) (5,57,7,1) (28,70,7,1) (84,3,11,1) (50,29,18,1) (6,35,6,1) (33,42,11,1) (4,14,2,1) (32,16,12,1) 
(7,2,14,1) (84,66,3,1) (59,6,1,1) (82,48,16,1) (22,44,19,1) (67,50,19,1) (89,2,18,1) (36,55,9,1) (10,86,5,1) (82,53,13,1) (15,34,14,1) (15,14,13,1) (54,65,2,1) (66,33,8,1) (28,97,13,1) (35,0,12,1) (68,89,15,1) (2,47,8,1) (17,4,13,1) (47,71,14,1) (62,29,11,1) (57,62,2,1) (75,93,15,1) (44,11,5,1) (10,16,6,1) (32,43,8,1) (26,5,21,1) (78,7,14,1) (47,14,10,1) (32,25,4,1) 
(3,78,18,1) (70,49,8,1) (4,85,5,1) (69,91,6,1) (20,39,15,1) (48,43,14,1) (50,48,5,1) (38,79,10,1) (90,83,10,1) (19,92,14,1) (95,74,9,1) (79,75,20,1) (99,53,14,1) (13,72,7,1) (41,60,21,1) (74,91,10,1) (69,18,10,1) (67,2,7,1) (1,27,13,1) (19,96,16,1) (38,8,12,1) (37,69,8,1) (1,46,7,1) (12,15,8,1) (2,3,12,1) (43,77,6,1) (76,60,8,1) (69,3,12,1) (35,24,12,1) (45,22,9,1) 
(69,99,3,1) (73,52,11,1) (66,87,5,1) (41,73,13,1) (19,67,11,1) (15,83,8,1) (64,2,7,1) (59,15,13,1) (78,43,5,1) (55,85,9,1) (75,7,7,1) (88,17,15,1) (94,83,14,1) (22,5,8,1) (47,89,5,1) (64,28,16,1) (60,67,6,1) (20,5,10,1) (8,1,13,1) (33,74,8,1) (49,7,12,1) (86,48,7,1) (85,92,14,1) (93,56,6,1) (22,32,6,1) (86,55,13,1) (20,23,5,1) (75,78,9,1) (21,99,7,1) (43,1,7,1) 
(51,67,8,1) (90,51,4,1) (77,11,9,1) (97,32,4,1) (95,46,12,1) (98,0,20,1) (88,22,10,1) (82,80,8,1) (96,62,13,1) (16,57,6,1) (70,13,13,1) (97,44,15,1) (94,70,8,1) (59,39,7,1) (58,29,17,1) (57,17,9,1) (84,29,3,1) (15,91,6,1) (41,37,8,1) (58,66,21,1) (7,82,16,1) (97,58,10,1) (19,47,11,1) (75,9,13,1) (30,93,8,1) (85,88,2,1) (98,82,9,1) (76,6,16,1) (7,44,15,1) (49,36,7,1) 
(93,15,6,1) (17,47,3,1) (16,0,16,1) (68,31,11,1) (6,62,11,1) (5,61,2,1) (53,56,11,1) (49,23,12,1) (74,89,14,1) (2,35,6,1) (94,92,4,1) (86,24,15,1) (63,99,8,1) (51,54,11,1) (15,53,3,1) (93,13,5,1) (75,49,14,1) (86,13,8,1) (18,93,9,1) (86,19,12,1) (23,3,6,1) (63,36,3,1) (15,76,13,1) (39,26,10,1) (18,1,19,1) (79,68,16,1) (93,10,5,1) (55,78,7,1) (14,75,6,1) (28,66,9,1) 
(59,58,9,1) (71,44,11,1) (45,49,10,1) (56,30,14,1) (98,66,14,1) (71,48,11,1) (21,19,13,1) (1,93,9,1) (7,48,10,1) (92,9,5,1) (30,21,8,1) (9,47,11,1) (35,39,3,1) (12,15,3,1) (41,40,9,1) (9,38,14,1) (99,81,11,1) (67,12,14,1) (60,21,11,1) (45,37,3,1) (92,17,7,1) (28,38,18,1) (7,95,20,1) (38,30,4,1) (66,46,11,1) (27,15,16,1) (86,89,14,1) (23,47,12,1) (35,28,12,1) (96,49,11,1) 
(91,81,1,1) (35,33,14,1) (95,54,6,1) (70,3,15,1) (38,59,11,1) (3,11,5,1) (68,85,15,1) (7,22,6,1) (79,82,14,1) (15,34,5,1) (57,10,11,1) (67,4,10,1) (35,16,17,1) (9,0,6,1) (58,68,18,1) (38,47,10,1) (37,21,14,1) (31,64,6,1) (37,52,5,1) (81,73,5,1) (3,56,13,1) (43,46,14,1) (3,51,9,1) (38,50,5,1) (7,65,10,1) (30,31,23,1) (38,52,9,1) (82,98,4,1) (19,55,1,1) (19,77,10,1) 
(8,19,12,1) (75,31,12,1) (66,19,8,1) (11,77,15,1) (11,23,9,1) (1,40,19,1) (95,60,13,1) (1,93,14,1) (59,10,13,1) (72,11,11,1) (48,39,8,1) (91,86,13,1) (56,21,10,1) (49,50,10,1) (97,95,7,1) (22,61,7,1) (79,19,7,1) (93,79,12,1) (68,91,15,1) (59,23,16,1) (74,69,17,1) (16,86,18,1) (20,98,1,1) (83,56,9,1) (1,33,7,1) (75,12,8,1) (0,96,9,1) (39,17,8,1) (64,80,6,1) (21,41,5,1) 
(21,55,12,1) (73,80,4,1) (19,29,14,1) (84,63,11,1) (96,7,22,1) (39,98,13,1) (74,73,13,1) (28,44,15,1) (73,76,5,1) (2,59,10,1) (65,31,13,1) (59,51,19,1) (90,99,5,1) (25,32,9,1) (14,12,7,1) (79,40,14,1) (32,39,7,1) (72,43,22,1) (9,65,19,1) (14,49,7,1) (95,52,2,1) (11,9,5,1) (4,28,10,1) (95,92,7,1) (91,63,11,1) (22,98,11,1) (57,43,19,1) (42,20,11,1) (30,93,6,1) (75,96,6,1) 
(87,2,10,1) (90,57,8,1) (33,3,9,1) (14,2,4,1) (83,91,7,1) (35,49,10,1) (22,86,9,1) (60,82,13,1) (48,92,15,1) (56,19,10,1) (23,99,8,1) (39,65,5,1) (69,90,8,1) (3,59,6,1) (12,86,6,1) (65,80,9,1) (81,90,13,1) (83,54,11,1) (77,2,7,1) (34,74,8,1) (40,31,2,1) (78,44,12,1) (42,35,4,1) (38,10,15,1) (98,25,12,1) (16,6,15,1) (16,25,28,1) (90,6,11,1) (68,1,6,1) (73,54,8,1) 
(37,89,10,1) (68,87,2,1) (83,27,14,1) (59,42,6,1) (60,28,3,1) (90,69,13,1) (44,34,11,1) (75,80,17,1) (72,23,3,1) (88,35,9,1) (80,20,9,1) (7,96,13,1) (26,24,11,1) (2,75,14,1) (19,91,21,1) (53,34,17,1) (69,81,10,1) (49,33,10,1) (95,26,11,1) (31,11,7,1) (46,44,6,1) (89,82,3,1) (64,63,7,1) (78,19,8,1) (6,55,17,1) (16,83,10,1) (23,93,8,1) (52,7,13,1) (94,40,4,1) (66,99,10,1) 
(1,65,7,1) (54,8,5,1) (51,70,10,1) (50,82,6,1) (47,11,18,1) (79,57,15,1) (41,50,11,1) (93,16,6,1) (9,49,12,1) (94,28,12,1) (2,8,7,1) (49,76,14,1) (76,35,7,1) (8,7,8,1) (92,63,5,1) (24,9,9,1) (14,25,5,1) (51,37,15,1) (42,4,17,1) (22,99,11,1) (65,81,13,1) (80,77,11,1) (83,40,9,1) (66,65,11,1) (75,4,11,1) (36,41,6,1) (19,4,3,1) (58,89,13,1) (25,9,9,1) (38,30,7,1) 
(41,25,15,1) (79,41,9,1) (84,4,13,1) (20,11,17,1) (8,98,7,1) (94,47,14,1) (8,57,7,1) (42,75,20,1) (91,13,7,1) (25,69,12,1) (74,91,11,1) (78,48,14,1) (73,45,7,1) (20,83,14,1) (53,87,6,1) (17,55,1,1) (74,21,21,1) (85,75,8,1) (28,31,12,1) (4,31,5,1) (46,27,14,1) (7,15,12,1) (21,24,10,1) (87,81,8,1) (57,23,6,1) (1,90,12,1) (58,83,14,1) (13,25,5,1) (19,14,15,1) (77,57,8,1) 
(51,67,12,1) (73,28,13,1) (18,36,8,1) (92,19,16,1) (27,32,3,1) (28,95,14,1) (24,55,4,1) (63,46,7,1) (60,41,6,1) (73,70,8,1) (34,86,6,1) (28,36,17,1) (72,23,14,1) (73,78,12,1) (31,6,13,1) (23,83,14,1) (4,43,11,1) (84,85,13,1) (82,56,1,1) (66,80,4,1) (6,0,21,1) (56,17,19,1) (58,18,11,1) (0,46,4,1) (70,8,8,1) (3,58,1,1) (0,50,5,1) (16,28,10,1) (47,97,9,1) (50,40,19,1) 
(22,87,13,1) (2,85,17,1) (20,65,16,1) (54,77,18,1) (35,53,12,1) (21,59,10,1) (71,1,15,1) (19,38,2,1) (54,72,7,1) (26,38,1,1) (61,93,4,1) (17,15,2,1) (50,68,10,1) (44,37,4,1) (54,29,7,1) (90,42,14,1) (56,47,5,1) (89,78,9,1) (14,42,21,1) (78,15,15,1) (95,30,14,1) (18,41,8,1) (73,82,13,1) (76,95,12,1) (19,77,8,1) (12,41,3,1) (57,90,1,1) (88,7,7,1) (78,49,16,1) (9,92,6,1) 
(47,43,10,1) (59,79,12,1) (0,66,10,1) (28,40,11,1) (93,95,11,1) (57,82,17,1) (68,63,14,1) (47,90,12,1) (68,4,11,1) (43,96,8,1) (8,12,15,1) (75,62,5,1) (88,55,14,1) (57,92,11,1) (96,8,2,1) (93,2,16,1) (6,47,8,1) (72,40,8,1) (24,45,11,1) (90,27,11,1) (73,49,13,1) (40,34,23,1) (93,66,14,1) (1,46,16,1) (11,17,3,1) (65,63,14,1) (21,39,10,1) (58,37,8,1) (54,29,13,1) (40,58,12,1) 
(53,19,11,1) (32,34,13,1) (8,46,12,1) (54,4,15,1) (79,28,14,1) (6,71,9,1) (64,59,13,1) (60,93,17,1) (83,49,16,1) (36,58,14,1) (7,21,2,1) (35,7,15,1) (82,44,9,1) (5,86,6,1) (39,74,10,1) (21,82,6,1) (72,74,1,1) (21,83,11,1) (14,48,9,1) (86,20,9,1) (83,45,18,1) (46,12,16,1) (99,74,17,1) (9,87,4,1) (60,29,8,1) (57,72,5,1) (83,69,1,1) (49,50,12,1) (15,40,13,1) (21,77,17,1) 
(42,40,3,1) (71,50,14,1) (60,69,14,1) (34,58,15,1) (11,53,2,1) (15,91,8,1) (73,48,11,1) (2,33,10,1) (59,74,6,1) (50,36,15,1) (42,7,12,1) (71,13,12,1) (17,12,5,1) (98,85,6,1) (82,57,9,1) (92,1,7,1) (7,37,16,1) (28,25,10,1) (64,23,8,1) (9,92,9,1) (78,31,12,1) (77,29,11,1) (30,54,13,1) (88,29,6,1) (82,30,7,1) (42,17,3,1) (3,25,6,1) (81,74,17,1) (43,89,15,1) (96,70,6,1) 
(77,69,7,1) (61,99,16,1) (18,97,9,1) (98,1,6,1) (34,95,9,1) (65,56,8,1) (10,86,15,1) (21,92,5,1) (66,55,8,1) (36,12,12,1) (56,49,13,1) (3,51,12,1) (49,79,9,1) (29,36,14,1) (47,82,10,1) (38,47,6,1) (41,91,11,1) (22,49,8,1) (59,95,15,1) (0,69,3,1) (15,73,2,1) (52,25,19,1) (13,49,11,1) (7,57,6,1) (54,51,8,1) (12,51,6,1) (56,32,6,1) (36,9,8,1) (85,89,10,1) (35,3,5,1) 
(65,20,14,1) (78,34,6,1) (25,87,15,1) (66,76,10,1) (0,95,9,1) (39,56,14,1) (11,97,15,1) (38,57,14,1) (21,0,11,1) (10,62,7,1) (61,73,11,1) (62,53,10,1) (36,29,1,1) (1,37,6,1) (76,71,14,1) (17,16,12,1) (36,87,16,1) (82,81,14,1) (44,63,14,1) (99,18,5,1) (9,14,11,1) (48,82,4,1) (98,5,11,1) (60,96,10,1) (86,59,4,1) (46,8,9,1) (71,14,12,1) (69,73,10,1) (87,62,7,1) (70,22,13,1) 
(19,26,10,1) (61,95,7,1) (70,98,9,1) (28,4,9,1) (54,1,18,1) (87,74,4,1) (61,32,10,1) (76,50,6,1) (31,30,10,1) (87,94,10,1) (57,22,1,1) (5,61,16,1) (29,27,6,1) (69,12,1,1) (13,1,10,1) (84,47,10,1) (82,88,4,1) (29,83,4,1) (72,39,6,1) (49,76,12,1) (4,94,2,1) (2,91,14,1) (94,81,5,1) (2,66,5,1) (32,1,13,1) (91,8,12,1) (30,56,9,1) (43,84,15,1) (27,4,15,1) (48,7,12,1) 
(92,35,14,1) (43,14,13,1) (20,25,4,1) (63,8,12,1) (72,58,18,1) (52,54,10,1) (14,37,13,1) (3,43,21,1) (40,14,10,1) (4,19,8,1) (11,89,8,1) (98,20,9,1) (37,59,18,1) (90,3,15,1) (39,63,8,1) (98,91,8,1) (53,4,17,1) (35,21,9,1) (23,96,10,1) (2,73,2,1) (42,34,14,1) (40,5,4,1) (75,46,9,1) (19,66,13,1) (41,80,11,1) (44,98,8,1) (12,77,6,1) (73,35,4,1) (1,4,12,1) (15,22,4,1) 
(91,34,7,1) (49,69,11,1) (84,4,12,1) (81,10,13,1) (68,87,4,1) (4,41,8,1) (26,66,9,1) (93,74,9,1) (63,86,9,1) (67,78,14,1) (49,92,8,1) (57,60,15,1) (51,26,3,1) (1,54,13,1) (2,85,3,1) (82,32,9,1) (64,91,6,1) (8,72,7,1) (40,71,6,1) (72,76,1,1) (90,18,11,1) (83,90,15,1) (37,58,14,1) (69,76,10,1) (7,98,9,1) (43,99,13,1) (78,87,18,1) (16,36,10,1) (45,7,9,1) (60,21,4,1) 
(66,6,16,1) (10,7,15,1) (76,9,9,1) (76,41,7,1) (38,20,12,1) (19,80,11,1) (25,56,19,1) (64,8,4,1) (4,79,10,1) (92,18,6,1) (32,52,6,1) (50,98,7,1) (3,23,18,1) (19,71,9,1) (44,70,14,1) (60,43,16,1) (98,22,11,1) (44,77,19,1) (30,41,10,1) (24,2,1,1) (94,51,17,1) (30,63,8,1) (21,87,9,1) (79,40,17,1) (60,32,3,1) (85,13,8,1) (66,60,4,1) (98,56,3,1) (56,60,8,1) (56,97,13,1) 
(32,13,8,1) (2,60,7,1) (19,97,6,1) (66,3,11,1) (43,54,10,1) (61,18,8,1) (1,86,13,1) (18,59,12,1) (41,54,16,1) (10,54,2,1) (29,75,4,1) (97,23,18,1) (72,45,5,1) (94,98,13,1) (47,63,6,1) (23,87,14,1) (96,8,10,1) (83,88,22,1) (30,65,4,1) (32,98,10,1) (47,45,13,1) (67,96,7,1) (65,25,15,1) (95,29,16,1) (47,85,11,1) (4,3,11,1) (25,39,8,1) (48,61,16,1) (28,25,4,1) (18,54,10,1) 
(94,85,9,1) (91,81,18,1) (57,67,16,1) (48,8,1,1) (54,97,4,1) (2,51,7,1) (32,33,18,1) (61,63,8,1) (85,58,13,1) (1,37,5,1) (59,33,13,1) (80,62,19,1) (36,30,14,1) (81,16,15,1) (4,0,13,1) (83,45,13,1) (34,35,8,1) (55,38,14,1) (74,9,15,1) (73,90,8,1) (94,50,4,1) (65,46,11,1) (23,82,6,1) (49,93,10,1) (44,95,11,1) (1,18,8,1) (56,29,8,1) (34,82,10,1) (14,84,20,1) (3,12,15,1) 
(18,38,12,1) (90,79,14,1) (58,9,7,1) (26,37,10,1) (3,78,15,1) (66,95,7,1) (61,68,13,1) (49,14,12,1) (43,13,10,1) (68,65,7,1) (78,1,12,1) (9,38,12,1) (78,38,12,1) (30,12,16,1) (18,58,11,1) (32,24,16,1) (71,55,13,1) (40,26,14,1) (55,99,17,1) (55,19,14,1) (99,48,15,1) (46,84,4,1) (48,66,10,1) (71,39,13,1) (59,94,10,1) (85,84,13,1) (85,83,12,1) (85,69,24,1) (86,85,12,1) (66,7,9,1) 
(88,5,8,1) (17,78,8,1) (74,77,15,1) (87,59,16,1) (40,18,20,1) (0,29,9,1) (5,41,5,1) (20,26,7,1) (83,80,2,1) (69,84,15,1) (99,0,15,1) (25,57,10,1) (72,29,13,1) (36,45,9,1) (78,7,13,1) (82,20,15,1) (57,73,11,1) (91,53,7,1) (42,81,17,1) (67,27,9,1) (82,60,11,1) (3,20,8,1) (75,56,5,1) (16,90,5,1) (86,17,7,1) (38,86,7,1) (60,28,5,1) (18,46,8,1) (11,18,17,1) (90,69,5,1) 
(42,66,14,1) (46,75,21,1) (37,99,16,1) (22,55,7,1) (98,10,12,1) (10,64,10,1) (98,4,7,1) (53,39,11,1) (61,36,7,1) (90,94,12,1) (55,8,14,1) (82,42,12,1) (39,63,17,1) (75,45,12,1) (78,8,5,1) (32,63,12,1) (22,98,15,1) (79,73,10,1) (46,98,7,1) (96,66,9,1) (94,87,10,1) (6,66,5,1) (0,60,10,1) (53,46,13,1) (45,63,16,1) (15,38,4,1) (45,58,3,1) (39,97,11,1) (16,70,9,1) (15,97,9,1) 
(36,21,14,1) (72,20,6,1) (24,16,5,1) (53,45,10,1) (22,91,11,1) (98,54,12,1) (2,83,12,1) (51,1,12,1) (48,40,11,1) (60,64,17,1) (87,6,7,1) (69,26,7,1) (74,11,2,1) (94,79,7,1) (33,83,8,1) (75,12,14,1) (52,86,13,1) (0,5,8,1) (65,77,11,1) (1,32,19,1) (46,56,17,1) (98,69,18,1) (43,12,11,1) (24,41,8,1) (52,4,12,1) (12,41,15,1) (32,25,13,1) (44,84,4,1) (87,98,19,1) (42,73,10,1) 
(10,32,10,1) (63,28,12,1) (28,37,9,1) (26,25,9,1) (30,87,11,1) (2,38,5,1) (48,30,8,1) (13,89,8,1) (68,32,10,1) (32,59,9,1) (76,84,4,1) (80,85,21,1) (87,58,10,1) (29,18,9,1) (47,70,8,1) (6,12,16,1) (64,51,3,1) (79,3,25,1) (85,63,17,1) (64,39,8,1) (24,12,14,1) (42,94,9,1) (76,86,7,1) (69,11,19,1) (75,78,9,1) (14,78,5,1) (47,72,14,1) (42,21,20,1) (58,83,7,1) (83,93,8,1) 
(98,32,8,1) (97,37,3,1) (20,53,15,1) (28,29,16,1) (81,97,10,1) (33,76,8,1) (6,55,15,1) (42,77,19,1) (65,45,14,1) (81,18,6,1) (70,73,10,1) (78,56,5,1) (36,99,13,1) (88,86,14,1) (1,71,15,1) (74,77,9,1) (13,26,15,1) (58,2,8,1) (91,59,13,1) (79,35,14,1) (64,77,3,1) (8,63,6,1) (38,13,9,1) (60,71,12,1) (70,42,10,1) (94,29,10,1) (91,52,7,1) (45,11,15,1) (23,83,17,1) (31,52,11,1) 
(85,66,18,1) (50,2,8,1) (35,38,10,1) (50,20,14,1) (85,59,6,1) (63,51,12,1) (48,70,12,1) (45,2,8,1) (63,78,7,1) (21,55,13,1) (38,69,9,1) (50,48,7,1) (6,24,17,1) (41,56,15,1) (64,2,11,1) (10,60,6,1) (57,75,11,1) (88,92,17,1) (84,13,10,1) (46,58,2,1) (18,25,13,1) (29,46,7,1) (18,88,8,1) (45,12,8,1) (85,0,14,1) (34,56,13,1) (84,45,3,1) (34,21,10,1) (95,46,9,1) (99,71,14,1) 
(92,32,7,1) (20,66,7,1) (46,33,25,1) (18,90,8,1) (69,68,7,1) (34,33,13,1) (28,29,10,1) (71,24,15,1) (61,7,16,1) (81,19,10,1) (52,12,10,1) (2,76,1,1) (53,10,10,1) (21,6,6,1) (66,58,11,1) (37,32,3,1) (13,8,12,1) (7,70,12,1) (39,50,9,1) (74,92,5,1) (5,80,5,1) (93,42,4,1) (25,42,11,1) (9,66,14,1) (95,59,18,1) (45,6,9,1) (52,74,9,1) (61,33,9,1) (30,76,16,1) (90,40,8,1) 
(26,65,11,1) (55,8,9,1) (10,76,11,1) (31,86,14,1) (29,76,13,1) (91,67,14,1) (25,47,16,1) (72,36,5,1) (90,54,5,1) (48,57,10,1) (15,62,12,1) (71,50,11,1) (65,46,14,1) (90,84,12,1) (80,0,3,1) (13,94,5,1) (29,9,11,1) (77,96,23,1) (76,24,21,1) (6,82,10,1) (76,45,3,1) (29,43,4,1) (49,95,8,1) (61,38,17,1) (27,51,4,1) (37,94,6,1) (45,86,14,1) (35,52,19,1) (29,4,7,1) (67,35,11,1) 
(54,69,8,1) (44,85,22,1) (36,92,6,1) (37,53,4,1) (52,59,7,1) (54,76,11,1) (38,58,9,1) (86,70,2,1) (49,67,17,1) (30,61,5,1) (24,95,5,1) (37,4,7,1) (48,71,15,1) (7,30,8,1) (25,92,25,1) (85,89,10,1) (24,36,8,1) (61,83,2,1) (35,21,18,1) (67,89,6,1) (58,68,7,1) (94,66,14,1) (2,27,2,1) (45,92,17,1) (47,92,8,1) (93,55,10,1) (32,1,16,1) (91,93,8,1) (63,65,6,1) (27,91,7,1) 
(39,22,5,1) (85,43,6,1) (49,58,3,1) (97,34,16,1) (44,61,14,1) (22,67,15,1) (90,1,15,1) (74,64,11,1) (9,41,7,1) (91,12,11,1) (5,3,6,1) (53,2,3,1) (83,89,11,1) (46,37,9,1) (78,95,9,1) (93,99,19,1) (92,77,12,1) (48,12,5,1) (11,21,18,1) (76,2,24,1) (32,68,8,1) (9,95,14,1) (36,21,12,1) (3,30,9,1) (45,12,9,1) (15,64,10,1) (33,61,14,1) (95,21,9,1) (83,11,8,1) (64,45,7,1) 
(92,28,11,1) (82,44,7,1) (35,98,9,1) (8,60,24,1) (81,83,2,1) (60,64,7,1) (28,17,13,1) (3,96,13,1) (57,19,8,1) (63,6,11,1) (12,64,9,1) (36,29,10,1) (7,74,9,1) (13,6,10,1) (56,1,4,1) (44,27,16,1) (61,59,3,1) (90,71,16,1) (62,74,10,1) (4,88,6,1) (70,44,12,1) (46,9,15,1) (26,28,13,1) (89,97,11,1) (38,30,2,1) (83,76,11,1) (63,34,1,1) (10,80,9,1) (13,17,12,1) (92,39,6,1) 
(46,53,4,1) (35,68,8,1) (87,10,13,1) (85,48,18,1) (54,92,10,1) (94,51,9,1) (95,99,13,1) (66,68,5,1) (90,38,10,1) (37,53,2,1) (36,95,2,1) (16,5,9,1) (13,85,10,1) (65,18,17,1) (91,27,7,1) (70,66,17,1) (3,59,8,1) (23,31,12,1) (76,70,14,1) (69,89,8,1) (67,98,8,1) (38,70,2,1) (23,1,6,1) (40,3,12,1) (7,12,7,1) (40,25,14,1) (18,28,7,1) (89,85,13,1) (16,86,10,1) (83,30,13,1) 
(90,10,8,1) (57,95,5,1) (87,21,5,1) (19,14,8,1) (20,87,12,1) (16,92,7,1) (71,83,11,1) (71,4,15,1) (4,6,15,1) (24,84,9,1) (50,46,8,1) (25,39,9,1) (92,83,13,1) (46,45,6,1) (64,88,5,1) (94,38,12,1) (95,32,4,1) (7,24,1,1) (43,15,3,1) (6,72,13,1) (8,96,15,1) (14,26,13,1) (40,45,3,1) (91,27,10,1) (18,8,15,1) (56,92,12,1) (94,63,13,1) (36,23,6,1) (61,90,19,1) (4,94,21,1) 
(16,84,8,1) (22,46,7,1) (20,75,13,1) (98,48,14,1) (15,63,17,1) (92,9,10,1) (59,44,12,1) (8,89,5,1) (48,57,9,1) (19,25,8,1) (87,55,8,1) (53,18,9,1) (92,15,16,1) (80,35,6,1) (4,66,3,1) (88,83,11,1) (3,23,14,1) (8,54,7,1) (96,37,17,1) (80,39,4,1) (93,17,13,1) (26,99,6,1) (87,82,15,1) (63,13,18,1) (23,43,10,1) (78,59,17,1) (17,91,6,1) (6,55,4,1) (88,12,11,1) (10,96,7,1) 
(97,93,13,1) (48,34,16,1) (56,50,3,1) (38,82,11,1) (59,39,21,1) (48,22,7,1) (57,50,7,1) (35,37,14,1) (2,3,3,1) (90,74,7,1) (16,97,4,1) (6,92,10,1) (70,80,7,1) (52,29,13,1) (96,52,11,1) (57,21,3,1) (8,1,17,1) (73,93,7,1) (40,2,18,1) (56,33,4,1) (33,88,7,1) (74,60,11,1) (62,31,10,1) (2,41,9,1) (95,29,6,1) (26,94,7,1) (53,69,19,1) (59,37,13,1) (58,36,10,1) (61,77,5,1) 
(78,33,16,1) (65,48,12,1) (39,88,18,1) (15,21,3,1) (99,61,11,1) (94,97,10,1) (16,41,16,1) (11,0,12,1) (25,17,3,1) (63,86,15,1) (8,36,5,1) (85,62,12,1) (7,57,6,1) (3,99,7,1) (19,12,19,1) (96,47,19,1) (8,30,7,1) (34,48,8,1) (30,90,14,1) (5,87,15,1) (0,84,4,1) (80,68,5,1) (67,0,10,1) (75,27,14,1) (41,94,2,1) (0,57,4,1) (12,68,8,1) (88,46,8,1) (17,27,11,1) (85,66,4,1) 
(50,70,9,1) (73,31,3,1) (47,7,3,1) (75,29,16,1) (79,20,4,1) (73,79,11,1) (15,65,13,1) (38,59,8,1) (8,72,3,1) (29,87,14,1) (48,32,9,1) (42,11,12,1) (98,6,10,1) (76,64,18,1) (24,38,13,1) (60,49,10,1) (26,58,2,1) (18,85,14,1) (99,39,16,1) (15,26,5,1) (6,88,18,1) (43,12,6,1) (1,92,6,1) (71,42,12,1) (61,38,12,1) (27,6,15,1) (50,57,3,1) (9,41,12,1) (18,62,10,1) (73,7,17,1) 
(43,35,6,1) (65,81,12,1) (0,83,13,1) (52,15,14,1) (9,89,13,1) (21,98,6,1) (33,38,15,1) (74,48,10,1) (60,33,4,1) (80,99,13,1) (34,32,7,1) (3,35,14,1) (99,5,8,1) (31,26,17,1) (84,51,7,1) (24,35,3,1) (98,5,10,1) (43,31,10,1) (30,64,3,1) (13,78,13,1) (55,63,14,1) (72,38,15,1) (68,97,14,1) (89,55,7,1) (37,42,15,1) (0,12,5,1) (65,38,13,1) (7,5,6,1) (46,56,21,1) (98,45,22,1) 
(47,34,9,1) (20,57,18,1) (50,75,10,1) (38,3,2,1) (10,4,7,1) (58,64,5,1) (39,79,5,1) (61,31,4,1) (11,4,14,1) (41,23,4,1) (62,37,12,1) (29,46,8,1) (79,84,14,1) (88,56,7,1) (31,76,4,1) (92,24,4,1) (29,36,16,1) (34,2,8,1) (90,81,6,1) (49,66,12,1) (22,4,8,1) (28,78,19,1) (55,44,4,1) (33,71,14,1) (6,73,8,1) (3,67,12,1) (98,34,6,1) (95,83,11,1) (95,22,13,1) (81,11,5,1) 
(86,46,5,1) (6,4,9,1) (37,43,10,1) (89,34,9,1) (70,27,14,1) (33,19,19,1) (11,20,11,1) (57,24,14,1) (62,3,12,1) (80,32,17,1) (17,50,13,1) (52,44,9,1) (67,36,17,1) (35,56,13,1) (4,97,13,1) (36,0,8,1) (66,89,9,1) (13,91,19,1) (26,10,11,1) (12,6,9,1) (49,32,14,1) (60,40,1,1) (75,35,9,1) (62,95,9,1) (47,6,11,1) (98,35,1,1) (6,35,16,1) (97,78,8,1) (72,32,10,1) (24,11,7,1) 
(67,37,14,1) (82,36,13,1) (50,28,11,1) (55,88,13,1) (79,21,3,1) (66,21,8,1) (19,69,3,1) (36,59,9,1) (82,90,13,1) (3,59,19,1) (51,87,9,1) (25,73,1,1) (55,7,23,1) (74,42,5,1) (64,7,12,1) (29,73,8,1) (56,62,6,1) (32,97,8,1) (32,66,2,1) (31,55,15,1) (48,56,8,1) (73,68,7,1) (16,37,13,1) (18,64,8,1) (42,13,17,1) (70,46,4,1) (1,61,3,1) (47,61,2,1) (3,89,5,1) (60,21,9,1) 
(68,51,16,1) (17,37,8,1) (16,42,11,1) (15,74,6,1) (38,44,5,1) (2,91,9,1) (30,36,18,1) (54,88,1,1) (66,80,16,1) (96,71,8,1) (8,19,18,1) (21,24,12,1) (92,97,17,1) (28,75,19,1) (94,86,4,1) (11,10,6,1) (2,58,7,1) (84,64,10,1) (93,21,25,1) (56,8,6,1) (46,6,7,1) (98,97,13,1) (69,81,7,1) (94,37,7,1) (65,51,15,1) (79,57,15,1) (40,59,17,1) (23,96,7,1) (95,67,10,1) (94,55,9,1) 
(93,35,9,1) (43,93,10,1) (60,22,14,1) (94,99,7,1) (92,35,2,1) (8,51,13,1) (75,24,10,1) (0,39,12,1) (29,14,3,1) (0,81,13,1) (2,57,16,1) (44,86,4,1) (62,41,11,1) (37,44,9,1) (81,21,10,1) (40,92,7,1) (92,29,5,1) (79,27,12,1) (72,69,17,1) (49,95,12,1) (60,18,13,1) (77,23,15,1) (11,59,2,1) (25,42,9,1) (85,77,8,1) (2,12,14,1) (46,54,11,1) (11,83,17,1) (21,59,7,1) (79,62,6,1) 
(33,29,9,1) (1,30,10,1) (12,76,5,1) (43,23,9,1) (68,83,8,1) (82,30,13,1) (33,43,9,1) (17,9,5,1) (37,19,9,1) (7,19,11,1) (23,37,6,1) (43,18,12,1) (66,14,9,1) (57,12,17,1) (28,20,10,1) (39,76,7,1) (12,73,12,1) (18,93,5,1) (89,59,8,1) (6,53,11,1) (67,32,6,1) (17,57,5,1) (55,47,17,1) (34,21,17,1) (55,81,10,1) (42,63,14,1) (56,10,9,1) (78,70,12,1) (6,72,11,1) (3,35,16,1) 
(38,83,4,1) (15,3,1,1) (75,97,4,1) (30,45,2,1) (94,25,10,1) (12,33,8,1) (2,70,6,1) (65,11,11,1) (63,17,22,1) (19,1,8,1) (37,34,13,1) (12,4,5,1) (44,86,17,1) (91,57,10,1) (54,25,18,1) (86,60,4,1) (56,30,14,1) (52,69,7,1) (57,20,19,1) (21,47,20,1) (27,64,12,1) (66,5,6,1) (12,59,11,1) (53,84,16,1) (56,50,17,1) (19,58,10,1) (1,86,5,1) (87,75,13,1) (81,9,12,1) (89,78,3,1) 
(28,73,12,1) (80,42,23,1) (73,55,15,1) (94,28,7,1) (93,66,10,1) (6,71,4,1) (35,72,8,1) (24,64,11,1) (82,99,4,1) (49,39,8,1) (76,95,19,1) (6,22,11,1) (13,73,5,1) (78,41,7,1) (65,83,6,1) (91,75,10,1) (32,58,12,1) (80,87,5,1) (35,26,5,1) (94,55,14,1) (90,3,10,1) (54,6,2,1) (27,95,13,1) (61,84,3,1) (82,51,8,1) (11,36,12,1) (88,76,3,1) (53,23,10,1) (0,96,11,1) (71,51,10,1) 
(91,62,15,1) (35,70,5,1) (22,14,14,1) (48,61,7,1) (4,87,11,1) (8,51,11,1) (65,76,6,1) (64,63,11,1) (41,88,4,1) (67,62,11,1) (50,3,13,1) (36,35,9,1) (55,50,11,1) (52,77,6,1) (35,40,7,1) (2,63,9,1) (2,55,18,1) (45,79,6,1) (64,32,4,1) (42,90,17,1) (89,22,3,1) (16,18,13,1) (66,43,10,1) (53,78,14,1) (36,20,8,1) (84,33,11,1) (65,90,5,1) (96,5,15,1) (60,43,11,1) (7,8,1,1) 
(2,94,14,1) (89,40,4,1) (7,62,10,1) (95,26,2,1) (99,4,10,1) (66,28,8,1) (29,93,9,1) (15,51,12,1) (23,95,5,1) (75,51,5,1) (92,85,11,1) (12,98,15,1) (14,30,6,1) (96,27,10,1) (53,50,10,1) (43,8,6,1) (90,21,9,1) (70,45,11,1) (55,51,8,1) (28,41,12,1) (94,23,7,1) (96,88,17,1) (65,30,5,1) (29,62,12,1) (94,44,6,1) (60,38,10,1) (4,36,15,1) (96,66,14,1) (93,77,9,1) (85,63,14,1) 
(39,56,7,1) (92,74,14,1) (39,0,17,1) (46,74,8,1) (9,43,12,1) (5,9,21,1) (34,52,12,1) (73,21,10,1) (56,78,4,1) (46,82,8,1) (80,40,12,1) (96,80,13,1) (63,64,10,1) (43,27,9,1) (88,71,9,1) (22,92,6,1) (60,25,12,1) (58,75,8,1) (98,99,12,1) (36,2,14,1) (68,62,3,1) (30,48,10,1) (4,66,5,1) (63,90,10,1) (24,42,10,1) (85,28,17,1) (12,38,13,1) (12,23,9,1) (64,40,4,1) (46,5,13,1) 
(43,21,7,1) (74,60,22,1) (5,30,13,1) (11,72,2,1) (22,82,22,1) (62,46,9,1) (41,53,16,1) (96,91,5,1) (20,73,12,1) (50,24,14,1) (53,66,10,1) (40,66,11,1) (88,66,17,1) (36,34,17,1) (43,95,6,1) (77,90,9,1) (95,67,12,1) (19,54,17,1) (41,68,1,1) (8,16,8,1) (88,59,17,1) (35,97,9,1) (93,24,15,1) (83,35,15,1) (93,80,13,1) (95,11,6,1) (5,87,5,1) (77,57,7,1) (8,55,9,1) (15,19,8,1) 
(78,3,6,1) (85,48,9,1) (63,33,10,1) (80,75,10,1) (43,30,15,1) (3,52,19,1) (58,80,8,1) (42,94,18,1) (92,9,16,1) (3,56,9,1) (97,68,9,1) (42,10,5,1) (79,62,13,1) (89,85,11,1) (49,73,14,1) (23,56,1,1) (93,5,2,1) (77,2,9,1) (89,91,20,1) (64,98,10,1) (18,94,6,1) (66,86,5,1) (49,29,14,1) (25,80,9,1) (71,99,10,1) (1,56,15,1) (91,18,12,1) (85,6,15,1) (11,86,12,1) (19,74,14,1) 
(25,44,7,1) (28,66,3,1) (30,64,7,1) (97,65,8,1) (60,86,4,1) (55,90,6,1) (95,2,21,1) (39,34,9,1) (49,92,7,1) (48,57,8,1) (75,54,8,1) (76,14,6,1) (92,81,7,1) (73,68,4,1) (99,69,14,1) (36,55,13,1) (55,62,7,1) (10,15,14,1) (24,99,8,1) (34,0,12,1) (19,63,10,1) (29,64,19,1) (67,32,6,1) (22,27,9,1) (58,78,13,1) (51,67,4,1) (64,98,6,1) (5,56,4,1) (11,85,3,1) (37,81,12,1) 
(62,70,10,1) (74,55,11,1) (10,66,5,1) (20,45,7,1) (79,74,19,1) (19,5,12,1) (94,82,9,1) (62,31,12,1) (55,96,3,1) (93,99,17,1) (1,20,5,1) (84,64,11,1) (4,65,7,1) (75,94,5,1) (2,20,14,1) (99,27,12,1) (86,53,6,1) (94,58,15,1) (62,78,6,1) (42,84,8,1) (47,88,8,1) (90,9,20,1) (41,25,9,1) (53,95,6,1) (88,67,15,1) (20,72,15,1) (37,96,18,1) (56,47,4,1) (54,18,6,1) (50,75,5,1) 
(56,41,10,1) (31,29,9,1) (89,73,6,1) (66,93,15,1) (83,33,10,1) (24,72,11,1) (24,29,13,1) (49,82,13,1) (25,17,9,1) (4,75,4,1) (8,64,10,1) (18,81,8,1) (29,12,11,1) (55,35,6,1) (73,71,8,1) (33,87,5,1) (47,53,1,1) (26,6,10,1) (66,32,14,1) (51,86,5,1) (52,14,14,1) (54,61,9,1) (19,38,6,1) (32,8,3,1) (35,59,7,1) (51,84,8,1) (1,32,8,1) (47,71,11,1) (44,30,13,1) (85,34,19,1) 
(76,28,9,1) (6,37,21,1) (34,88,6,1) (85,28,12,1) (11,34,11,1) (15,54,7,1) (51,94,3,1) (67,33,7,1) (27,75,3,1) (93,18,7,1) (38,65,5,1) (25,28,8,1) (12,97,2,1) (38,32,19,1) (64,86,6,1) (91,28,8,1) (47,11,6,1) (14,30,12,1) (94,79,11,1) (48,4,14,1) (40,59,11,1) (54,82,17,1) (41,98,7,1) (61,35,7,1) (84,44,10,1) (23,67,14,1) (92,41,22,1) (3,17,16,1) (46,11,12,1) (89,26,11,1) 
(16,40,11,1) (49,5,16,1) (93,1,10,1) (82,58,15,1) (57,61,11,1) (87,68,8,1) (66,91,8,1) (18,64,9,1) (60,40,5,1) (57,82,15,1) (27,74,16,1) (83,63,4,1) (85,38,7,1) (69,63,11,1) (17,56,8,1) (32,49,4,1) (91,53,21,1) (33,93,1,1) (81,72,5,1) (40,24,7,1) (68,83,3,1) (79,21,6,1) (83,78,14,1) (4,42,12,1) (59,53,9,1) (39,55,4,1) (94,15,13,1) (25,14,18,1) (91,72,17,1) (45,62,16,1) 
(87,81,6,1) (33,90,16,1) (86,97,14,1) (86,42,7,1) (12,13,10,1) (8,51,17,1) (9,48,6,1) (40,95,13,1) (53,42,12,1) (41,95,13,1) (63,0,7,1) (33,91,2,1) (35,40,13,1) (95,32,14,1) (62,8,10,1) (1,24,10,1) (40,21,6,1) (52,0,15,1) (74,54,4,1) (82,37,9,1) (81,95,14,1) (55,34,7,1) (9,77,1,1) (51,2,11,1) (47,19,13,1) (83,80,4,1) (54,92,13,1) (53,1,9,1) (20,31,6,1) (32,96,3,1) 
(29,21,14,1) (40,17,2,1) (2,77,11,1) (59,48,8,1) (18,24,1,1) (11,47,12,1) (97,23,2,1) (67,18,1,1) (49,19,9,1) (89,39,21,1) (85,68,14,1) (58,67,4,1) (70,81,11,1) (14,67,6,1) (30,79,6,1) (33,56,17,1) (6,5,18,1) (37,0,16,1) (99,36,13,1) (71,24,9,1) (48,82,6,1) (71,72,10,1) (93,61,11,1) (64,8,5,1) (35,99,5,1) (59,12,16,1) (64,14,11,1) (35,96,11,1) (42,54,6,1) (71,92,11,1) 
(74,39,9,1) (5,32,12,1) (72,34,12,1) (75,93,4,1) (49,24,3,1) (10,11,6,1) (9,5,10,1) (10,93,5,1) (23,59,2,1) (10,5,16,1) (23,85,7,1) (6,38,13,1) (90,72,8,1) (40,16,7,1) (70,13,12,1) (78,71,14,1) (6,39,14,1) (55,42,13,1) (18,67,11,1) (53,37,5,1) (93,9,9,1) (54,99,11,1) (74,79,7,1) (16,82,9,1) (73,67,14,1) (26,4,15,1) (32,87,7,1) (85,41,8,1) (88,19,10,1) (93,45,9,1) 
(21,20,16,1) (87,23,10,1) (39,23,9,1) (11,27,15,1) (68,45,12,1) (60,2,13,1) (73,50,5,1) (29,51,8,1) (84,28,5,1) (13,53,6,1) (67,73,10,1) (5,33,5,1) (7,28,13,1) (53,33,1,1) (59,48,6,1) (56,6,15,1) (54,68,10,1) (39,59,10,1) (64,14,8,1) (60,70,17,1) (62,86,7,1) (68,94,18,1) (43,69,8,1) (71,37,12,1) (96,83,7,1) (25,2,10,1) (46,79,11,1) (89,19,11,1) (54,66,19,1) (76,10,20,1) 
(58,96,16,1) (97,82,7,1) (37,53,11,1) (39,23,10,1) (26,50,4,1) (48,74,12,1) (13,22,9,1) (25,50,12,1) (56,58,9,1) (91,48,3,1) (54,41,17,1) (79,96,6,1) (23,68,8,1) (98,6,6,1) (24,84,14,1) (68,17,1,1) (51,39,9,1) (63,96,10,1) (3,86,7,1) (7,84,15,1) (80,45,9,1) (13,19,4,1) (27,80,4,1) (40,17,8,1) (20,73,6,1) (28,16,12,1) (6,61,4,1) (15,23,11,1) (7,39,9,1) (82,81,9,1) 
(92,48,16,1) (22,71,15,1) (86,61,11,1) (3,66,4,1) (56,88,17,1) (0,87,8,1) (28,40,6,1) (10,70,8,1) (80,92,10,1) (96,22,11,1) (30,11,15,1) (89,62,11,1) (55,44,12,1) (2,73,4,1) (0,29,12,1) (82,28,18,1) (93,42,14,1) (64,27,9,1) (0,24,14,1) (23,7,7,1) (77,2,11,1) (59,45,9,1) (97,68,5,1) (6,90,11,1) (80,14,16,1) (95,22,10,1) (82,99,16,1) (80,50,7,1) (57,15,6,1) (28,31,5,1) 
(18,49,9,1) (99,76,12,1) (97,77,14,1) (2,65,14,1) (74,67,6,1) (57,46,4,1) (85,94,15,1) (21,62,2,1) (91,50,16,1) (97,46,10,1) (55,60,14,1) (63,96,9,1) (99,6,4,1) (88,73,5,1) (81,92,9,1) (58,18,21,1) (86,18,13,1) (4,63,6,1) (91,11,24,1) (69,83,11,1) (84,36,11,1) (64,31,15,1) (6,49,1,1) (20,59,14,1) (14,4,7,1) (91,60,3,1) (36,9,12,1) (82,7,13,1) (22,17,8,1) (35,48,2,1) 
(31,28,10,1) (88,64,2,1) (96,17,11,1) (7,19,11,1) (43,80,3,1) (28,54,12,1) (25,61,17,1) (28,19,10,1) (18,24,19,1) (15,55,7,1) (64,54,2,1) (26,0,11,1) (23,9,12,1) (26,67,5,1) (59,2,5,1) (31,60,10,1) (19,34,16,1) (62,13,17,1) (19,18,10,1) (92,79,13,1) (21,2,10,1) (67,86,17,1) (61,14,9,1) (14,9,9,1) (68,91,11,1) (68,81,6,1) (97,52,12,1) (11,9,16,1) (19,16,9,1) (85,14,8,1) 
(87,75,12,1) (5,23,18,1) (26,89,3,1) (1,16,2,1) (22,30,10,1) (68,0,11,1) (68,6,10,1) (48,83,10,1) (0,84,7,1) (9,51,12,1) (42,98,13,1) (46,5,5,1) (64,75,14,1) (12,52,3,1) (42,25,4,1) (47,44,15,1) (35,72,8,1) (8,99,3,1) (42,38,9,1) (15,58,7,1) (8,55,10,1) (21,54,13,1) (16,90,12,1) (4,31,14,1) (81,37,2,1) (55,28,13,1) (52,89,10,1) (23,62,4,1) (29,75,15,1) (34,84,12,1) 
(44,93,19,1) (19,97,12,1) (35,28,6,1) (98,66,10,1) (55,89,14,1) (24,43,12,1) (48,11,11,1) (6,28,2,1) (12,83,4,1) (22,19,17,1) (42,27,10,1) (47,34,9,1) (66,11,4,1) (79,61,7,1) (92,27,7,1) (60,28,4,1) (90,59,16,1) (65,69,16,1) (54,1,8,1) (4,14,8,1) (95,24,14,1) (13,52,12,1) (96,55,5,1) (53,22,7,1) (86,11,15,1) (40,63,9,1) (34,76,9,1) (52,92,7,1) (12,37,8,1) (65,75,11,1) 
(35,12,22,1) (4,11,7,1) (98,37,16,1) (62,49,17,1) (27,40,8,1) (34,73,15,1) (57,70,13,1) (34,11,8,1) (60,34,18,1) (22,6,8,1) (25,12,5,1) (10,85,4,1) (40,51,4,1) (24,84,9,1) (84,98,6,1) (89,98,7,1) (98,27,8,1) (59,89,7,1) (44,36,18,1) (59,33,7,1) (25,85,13,1) (79,90,6,1) (95,79,9,1) (49,47,13,1) (61,18,9,1) (59,11,19,1) (44,41,15,1) (90,70,14,1) (26,67,9,1) (29,35,6,1) 
(15,82,15,1) (4,47,2,1) (76,44,14,1) (80,35,8,1) (31,52,7,1) (43,83,11,1) (57,10,9,1) (89,75,10,1) (79,25,10,1) (75,50,8,1) (79,15,6,1) (85,13,19,1) (45,91,10,1) (11,22,14,1) (77,54,12,1) (38,26,9,1) (74,57,10,1) (63,84,8,1) (52,66,5,1) (97,47,3,1) (97,53,16,1) (5,20,15,1) (2,99,23,1) (67,63,14,1) (69,92,1,1) (54,59,8,1) (7,48,13,1) (25,34,15,1) (78,21,9,1) (4,20,4,1) 
(22,67,10,1) (90,98,9,1) (30,15,14,1) (56,76,10,1) (91,63,13,1) (75,57,10,1) (80,91,4,1) (87,33,8,1) (9,65,15,1) (59,87,12,1) (3,66,12,1) (54,86,9,1) (13,23,9,1) (5,0,9,1) (49,71,4,1) (69,9,11,1) (32,8,13,1) (24,15,6,1) (71,58,9,1) (83,96,11,1) (7,48,6,1) (66,39,9,1) (33,43,7,1) (45,35,11,1) (80,36,7,1) (91,38,16,1) (55,86,14,1) (84,76,10,1) (75,6,12,1) (82,72,13,1) 
(41,24,11,1) (55,3,13,1) (96,6,10,1) (51,62,13,1) (23,68,6,1) (50,79,9,1) (92,89,7,1) (95,13,11,1) (29,54,4,1) (78,75,3,1) (68,77,3,1) (71,44,12,1) (12,17,17,1) (15,23,10,1) (85,96,6,1) (50,68,13,1) (30,65,19,1) (90,45,13,1) (94,65,4,1) (42,41,18,1) (30,63,14,1) (58,49,4,1) (62,38,16,1) (74,42,5,1) (16,60,17,1) (39,94,10,1) (82,50,11,1) (38,55,13,1) (82,48,9,1) (94,40,3,1) 