(9,70,11,1) (17,51,5,1) (59,23,18,1) (73,82,11,1) (82,3,8,1) (39,92,14,1) (59,7,18,1) (54,86,13,1) (24,90,15,1) (22,94,4,1) (52,77,10,1) (32,82,20,1) (54,16,11,1) (1,77,4,1) (52,72,1,1) (72,21,10,1) (96,51,1,1) (6,1,9,1) (81,66,9,1) (87,89,15,1) (31,45,6,1) (97,20,8,1) (43,77,9,1) (57,99,14,1) 
(6,14,13,1) (33,82,5,1) (48,40,9,1) (76,30,4,1) (77,23,20,1) (93,5,16,1) (83,36,17,1) (71,56,17,1) (8,66,14,1) (58,70,12,1) (25,20,6,1) (57,92,7,1) (14,32,11,1) (81,82,11,1) (61,39,9,1) (61,93,11,1) (84,36,13,1) (71,29,9,1) (62,46,11,1) (60,49,19,1) (6,28,9,1) (5,61,2,1) (1,55,6,1) (89,95,15,1) 
(76,89,6,1) (28,98,7,1) (22,11,6,1) (42,6,5,1) (31,92,11,1) (51,42,12,1) (52,56,12,1) (33,8,6,1) (54,17,20,1) (97,59,9,1) (18,21,11,1) (55,95,6,1) (52,87,8,1) (65,2,11,1) (57,20,14,1) (34,45,14,1) (10,56,7,1) (3,15,12,1) (71,79,1,1) (62,48,4,1) (19,36,11,1) (16,5,14,1) (5,38,16,1) (85,66,11,1) 
(27,77,9,1) (90,9,5,1) (37,79,7,1) (82,57,14,1) (84,61,7,1) (37,2,11,1) (27,2,3,1) (29,86,9,1) (26,83,14,1) (68,35,16,1) (54,59,16,1) (72,27,16,1) (12,91,2,1) (74,59,12,1) (29,70,18,1) (43,33,15,1) (40,79,7,1) (64,4,10,1) (36,47,7,1) (13,75,16,1) (72,56,21,1) (78,92,8,1) (37,89,11,1) (89,31,14,1) 
(38,34,3,1) (89,18,8,1) (68,80,4,1) (13,32,6,1) (58,85,18,1) (20,95,19,1) (5,98,7,1) (57,21,9,1) (30,21,10,1) (14,16,2,1) (30,3,12,1) (21,26,8,1) (71,44,12,1) (20,85,3,1) (23,30,12,1) (74,70,9,1) (40,54,13,1) (78,93,10,1) (85,22,13,1) (46,69,18,1) (90,7,7,1) (46,78,13,1) (42,2,5,1) (75,24,7,1) 
(59,11,12,1) (93,32,5,1) (86,91,20,1) (9,84,4,1) (2,65,4,1) (90,32,6,1) (46,98,11,1) (85,42,11,1) (17,54,7,1) (84,33,7,1) (63,50,10,1) (63,86,11,1) (10,32,7,1) (7,59,4,1) (3,71,2,1) (29,15,12,1) (10,60,6,1) (14,50,10,1) (11,46,12,1) (83,40,6,1) (26,44,10,1) (92,31,11,1) (91,97,9,1) (69,15,3,1) 
(20,90,10,1) (23,60,6,1) (13,64,13,1) (35,51,11,1) (64,60,13,1) (90,29,11,1) (80,57,16,1) (28,35,11,1) (4,88,13,1) (83,17,17,1) (70,25,10,1) (43,54,7,1) (53,31,5,1) (9,54,8,1) (72,35,6,1) (77,97,10,1) (11,40,15,1) (18,68,14,1) (38,65,8,1) (7,56,6,1) (14,22,7,1) (20,66,7,1) (33,89,9,1) (34,38,6,1) 
(94,49,11,1) (25,5,7,1) (52,67,6,1) (5,49,7,1) (48,77,6,1) (62,24,11,1) (15,49,9,1) (2,55,6,1) (6,66,6,1) (90,76,11,1) (99,23,14,1) (72,50,7,1) (72,9,13,1) (78,61,9,1) (44,57,9,1) (4,91,3,1) (30,5,10,1) (83,63,13,1) (57,31,8,1) (82,38,17,1) (6,37,21,1) (51,23,7,1) (13,32,7,1) (9,85,1,1) 
(60,8,16,1) (47,75,11,1) (55,54,5,1) (76,34,15,1) (14,23,11,1) (0,21,5,1) (21,72,10,1) (4,30,12,1) (20,34,9,1) (95,53,9,1) (29,84,15,1) (59,18,18,1) (40,51,15,1) (83,6,11,1) (7,8,6,1) (60,51,10,1) (69,21,12,1) (38,91,18,1) (81,23,6,1) (12,83,2,1) (31,10,12,1) (78,85,16,1) (47,87,6,1) (96,11,12,1) 
(8,11,15,1) (26,88,9,1) (60,82,9,1) (55,85,12,1) (30,91,15,1) (11,29,11,1) (4,73,7,1) (71,18,12,1) (37,66,11,1) (28,55,1,1) (23,92,9,1) (24,92,11,1) (99,46,3,1) (66,98,10,1) (82,14,2,1) (56,5,9,1) (40,63,13,1) (54,64,15,1) (75,40,14,1) (81,34,12,1) (3,58,15,1) (47,41,15,1) (14,81,6,1) (38,51,9,1) 
(22,65,7,1) (96,6,6,1) (33,19,12,1) (27,59,12,1) (90,91,9,1) (42,92,15,1) (66,75,6,1) (98,85,13,1) (37,17,12,1) (29,80,14,1) (60,10,8,1) (69,72,5,1) (55,2,12,1) (22,17,16,1) (11,0,11,1) (36,67,6,1) (35,64,17,1) (59,4,10,1) (95,78,14,1) (15,12,14,1) (11,40,17,1) (58,5,6,1) (56,79,14,1) (88,19,10,1) 
(37,68,14,1) (15,79,7,1) (27,88,7,1) (98,78,14,1) (76,16,21,1) (68,8,21,1) (0,57,10,1) (56,6,9,1) (42,31,6,1) (91,61,12,1) (11,59,9,1) (47,62,9,1) (34,42,10,1) (85,12,4,1) (90,81,9,1) (79,99,9,1) (32,70,7,1) (14,49,16,1) (58,19,14,1) (81,57,17,1) (6,51,8,1) (77,28,11,1) (38,90,16,1) (22,75,11,1) 
(1,31,14,1) (40,75,9,1) (70,47,13,1) (43,79,9,1) (48,8,3,1) (99,27,12,1) (77,80,16,1) (69,25,8,1) (36,80,13,1) (2,3,13,1) (57,31,13,1) (47,57,8,1) (33,70,16,1) (7,35,19,1) (43,6,17,1) (20,25,15,1) (34,7,9,1) (89,44,15,1) (39,27,5,1) (67,51,14,1) (9,88,20,1) (48,82,7,1) (94,39,12,1) (13,10,22,1) 
(53,95,12,1) (26,14,6,1) (41,29,12,1) (67,35,18,1) (38,22,9,1) (82,4,13,1) (64,23,8,1) (90,23,9,1) (69,93,18,1) (27,70,9,1) (66,83,3,1) (97,88,13,1) (21,72,12,1) (8,30,6,1) (99,69,7,1) (12,35,10,1) (1,56,8,1) (74,52,4,1) (1,42,5,1) (31,90,9,1) (17,87,12,1) (50,23,11,1) (86,2,11,1) (28,90,4,1) 
(11,47,14,1) (34,75,8,1) (67,35,6,1) (8,61,4,1) (26,10,9,1) (10,7,2,1) (33,61,11,1) (22,72,12,1) (21,81,9,1) (50,21,16,1) (38,28,10,1) (46,51,9,1) (13,43,3,1) (39,13,10,1) (13,27,11,1) (3,26,8,1) (15,52,12,1) (70,99,15,1) (28,94,4,1) (27,15,8,1) (19,43,7,1) (51,88,8,1) (34,39,7,1) (44,3,17,1) 
(13,42,12,1) (65,34,9,1) (61,55,15,1) (81,49,13,1) (94,6,10,1) (52,85,11,1) (77,38,10,1) (60,35,5,1) (87,27,19,1) (81,76,14,1) (72,57,10,1) (63,77,3,1) (28,55,8,1) (63,19,13,1) (88,26,2,1) (35,90,11,1) (79,88,8,1) (26,1,3,1) (52,43,9,1) (10,87,8,1) (88,85,11,1) (83,29,11,1) (4,25,15,1) (73,55,7,1) 
(13,86,6,1) (26,87,9,1) (89,23,22,1) (34,20,9,1) (95,37,3,1) (5,58,9,1) (37,15,8,1) (16,15,6,1) (91,83,18,1) (26,69,4,1) (36,89,14,1) (61,38,3,1) (37,1,6,1) (94,32,7,1) (46,0,3,1) (52,82,12,1) (64,13,14,1) (13,7,8,1) (29,41,5,1) (66,87,10,1) (75,40,16,1) (83,10,10,1) (21,10,5,1) (27,28,12,1) 
(15,24,16,1) (20,93,5,1) (48,14,11,1) (13,66,9,1) (0,16,9,1) (28,41,16,1) (90,39,13,1) (61,20,15,1) (77,74,16,1) (83,69,17,1) (12,14,13,1) (88,11,16,1) (68,98,10,1) (95,55,6,1) (98,37,5,1) (72,65,11,1) (66,18,12,1) (12,31,10,1) (41,22,8,1) (74,71,14,1) (76,12,11,1) (30,72,9,1) (22,14,10,1) (26,76,24,1) 
(33,95,8,1) (36,10,16,1) (30,67,14,1) (80,67,15,1) (64,19,3,1) (79,39,18,1) (58,81,10,1) (33,83,14,1) (60,76,14,1) (99,78,6,1) (84,81,10,1) (65,61,13,1) (16,33,14,1) (82,94,13,1) (18,17,21,1) (53,25,5,1) (52,95,13,1) (39,18,15,1) (54,44,13,1) (22,53,9,1) (67,62,18,1) (10,24,11,1) (55,22,21,1) (50,53,4,1) 
(32,3,13,1) (71,9,7,1) (71,21,6,1) (24,28,12,1) (75,47,7,1) (98,4,15,1) (90,56,12,1) (44,39,11,1) (16,9,4,1) (65,68,5,1) (51,67,14,1) (79,77,14,1) (60,58,17,1) (30,96,8,1) (58,33,13,1) (25,54,20,1) (65,85,11,1) (49,25,15,1) (55,67,13,1) (77,63,5,1) (9,53,14,1) (6,80,16,1) (1,92,8,1) (95,48,19,1) 
(91,3,11,1) (7,9,18,1) (95,71,13,1) (39,18,9,1) (31,76,17,1) (86,56,5,1) (49,12,7,1) (51,57,13,1) (28,16,7,1) (67,46,7,1) (97,82,9,1) (22,75,6,1) (84,86,6,1) (33,87,17,1) (28,11,6,1) (14,42,18,1) (10,16,17,1) (19,62,8,1) (44,48,19,1) (81,28,10,1) (43,83,10,1) (69,77,10,1) (73,17,15,1) (31,88,9,1) 
(54,97,15,1) (40,91,5,1) (17,25,12,1) (25,83,17,1) (14,7,18,1) (13,33,13,1) (88,77,12,1) (53,62,15,1) (62,19,8,1) (96,62,13,1) (7,28,17,1) (84,5,8,1) (54,49,12,1) (98,0,9,1) (57,95,9,1) (23,90,6,1) (23,43,13,1) (78,61,8,1) (22,39,6,1) (47,28,23,1) (51,15,14,1) (75,10,16,1) (43,31,16,1) (0,18,7,1) 
(2,8,10,1) (82,84,3,1) (61,27,5,1) (72,5,11,1) (85,52,3,1) (99,82,10,1) (48,77,9,1) (98,24,13,1) (10,64,9,1) (17,92,13,1) (38,57,18,1) (51,30,13,1) (33,34,8,1) (24,11,12,1) (21,17,10,1) (16,13,10,1) (84,75,10,1) (16,74,19,1) (16,28,14,1) (79,82,7,1) (4,21,6,1) (90,77,9,1) (89,73,11,1) (7,84,10,1) 
(95,7,12,1) (55,80,9,1) (31,85,9,1) (13,64,18,1) (54,57,6,1) (75,48,9,1) (4,26,19,1) (45,62,14,1) (48,64,17,1) (6,35,19,1) (97,32,5,1) (24,99,18,1) (77,99,15,1) (51,26,14,1) (62,74,1,1) (18,84,1,1) (36,26,7,1) (91,68,13,1) (82,22,11,1) (89,35,15,1) (77,65,7,1) (93,0,4,1) (45,0,12,1) (40,43,7,1) 
(91,62,11,1) (63,72,5,1) (14,6,17,1) (35,37,10,1) (53,78,2,1) (82,89,13,1) (14,21,9,1) (54,70,11,1) (50,57,20,1) (65,1,7,1) (19,51,14,1) (21,45,11,1) (99,56,4,1) (62,17,13,1) (60,87,7,1) (22,17,13,1) (7,33,9,1) (17,23,7,1) (72,51,16,1) (4,2,7,1) (44,86,15,1) (75,67,15,1) (91,43,7,1) (31,5,5,1) 
(4,76,7,1) (94,49,14,1) (54,11,13,1) (95,3,16,1) (61,71,5,1) (93,31,9,1) (0,71,19,1) (81,61,11,1) (21,93,8,1) (77,64,19,1) (16,40,1,1) (33,47,12,1) (51,80,14,1) (36,81,21,1) (10,8,3,1) (95,71,11,1) (88,98,16,1) (76,29,7,1) (71,94,9,1) (48,80,7,1) (79,61,10,1) (45,48,14,1) (94,81,8,1) (47,55,11,1) 
(42,27,2,1) (7,2,10,1) (5,16,3,1) (48,77,6,1) (95,44,12,1) (62,53,5,1) (31,87,4,1) (38,46,4,1) (97,28,2,1) (64,89,4,1) (55,0,15,1) (60,85,10,1) (82,81,10,1) (68,76,5,1) (51,65,8,1) (94,52,13,1) (31,30,9,1) (17,26,15,1) (2,34,13,1) (94,7,6,1) (88,2,7,1) (52,56,3,1) (85,15,7,1) (81,13,10,1) 
(78,50,8,1) (12,94,2,1) (48,78,7,1) (57,1,5,1) (90,44,15,1) (18,46,9,1) (42,93,15,1) (4,82,15,1) (59,78,14,1) (87,20,14,1) (21,27,8,1) (26,17,7,1) (28,70,12,1) (4,67,15,1) (73,3,15,1) (8,78,2,1) (0,93,7,1) (11,33,7,1) (44,61,8,1) (97,51,14,1) (61,86,11,1) (38,29,9,1) (52,33,10,1) (62,54,3,1) 
(67,68,12,1) (21,25,11,1) (83,98,7,1) (46,33,12,1) (16,83,13,1) (52,20,12,1) (91,45,3,1) (38,25,4,1) (29,57,9,1) (93,69,17,1) (88,71,12,1) (38,59,13,1) (86,38,8,1) (57,42,11,1) (22,62,12,1) (99,14,16,1) (22,83,15,1) (53,69,8,1) (52,23,11,1) (55,77,10,1) (98,68,2,1) (39,21,5,1) (73,25,10,1) (4,98,4,1) 
(29,56,12,1) (11,86,1,1) (41,36,8,1) (11,91,10,1) (57,6,11,1) (46,5,8,1) (87,70,9,1) (45,99,9,1) (43,16,15,1) (63,61,8,1) (65,81,5,1) (25,83,9,1) (23,0,3,1) (67,22,12,1) (23,27,19,1) (13,78,5,1) (82,32,4,1) (23,15,7,1) (37,30,8,1) (86,37,9,1) (75,37,12,1) (99,14,10,1) (12,47,5,1) (4,23,9,1) 
(95,19,8,1) (73,2,12,1) (11,95,13,1) (53,71,16,1) (88,43,3,1) (25,46,9,1) (80,89,17,1) (14,48,9,1) (16,70,11,1) (62,66,8,1) (84,75,7,1) (72,17,14,1) (87,67,14,1) (32,30,14,1) (85,90,7,1) (34,18,5,1) (68,91,10,1) (3,18,11,1) (55,60,9,1) (92,26,16,1) (21,53,13,1) (19,37,15,1) (70,59,20,1) (77,10,10,1) 
(37,12,16,1) (71,24,8,1) (82,30,11,1) (35,77,2,1) (40,0,5,1) (40,90,4,1) (76,47,6,1) (62,42,9,1) (7,23,11,1) (5,52,19,1) (31,63,12,1) (81,3,1,1) (5,4,8,1) (66,67,11,1) (32,42,12,1) (52,82,4,1) (96,65,7,1) (1,78,2,1) (94,68,11,1) (88,35,13,1) (44,59,14,1) (40,24,7,1) (15,9,3,1) (41,85,10,1) 
(24,3,16,1) (57,29,17,1) (16,47,3,1) (54,60,12,1) (20,71,14,1) (95,93,5,1) (74,92,5,1) (93,13,6,1) (52,16,15,1) (59,63,10,1) (37,36,14,1) (72,16,9,1) (50,78,1,1) (21,77,12,1) (61,6,12,1) (90,54,10,1) (64,0,9,1) (41,54,15,1) (0,2,20,1) (30,64,8,1) (57,21,14,1) (0,68,16,1) (36,97,4,1) (21,53,23,1) 
(51,74,5,1) (21,33,22,1) (26,55,20,1) (37,97,20,1) (40,2,8,1) (85,7,12,1) (97,87,4,1) (97,55,8,1) (52,28,11,1) (13,65,10,1) (45,48,11,1) (60,84,11,1) (80,58,4,1) (37,51,17,1) (29,89,8,1) (18,97,10,1) (71,96,12,1) (75,18,8,1) (46,83,13,1) (70,76,6,1) (4,28,6,1) (99,39,13,1) (39,80,8,1) (11,35,9,1) 
(18,22,19,1) (0,91,6,1) (18,14,15,1) (18,29,11,1) (30,12,9,1) (7,34,5,1) (36,91,6,1) (14,60,16,1) (80,75,14,1) (34,69,14,1) (10,70,12,1) (7,92,11,1) (2,73,16,1) (7,75,8,1) (53,82,10,1) (70,40,8,1) (46,81,4,1) (90,16,15,1) (89,21,6,1) (61,33,1,1) (36,53,8,1) (93,64,18,1) (63,14,14,1) (97,1,7,1) 
(91,84,3,1) (81,27,7,1) (53,21,4,1) (51,9,9,1) (15,99,7,1) (40,87,14,1) (17,8,9,1) (12,29,12,1) (29,25,3,1) (27,33,19,1) (92,68,10,1) (23,70,2,1) (38,22,10,1) (5,76,11,1) (44,18,12,1) (7,67,13,1) (95,0,4,1) (89,28,4,1) (59,7,9,1) (45,63,13,1) (73,82,4,1) (3,96,8,1) (39,89,21,1) (23,29,5,1) 
(58,89,4,1) (86,52,15,1) (28,70,3,1) (40,82,14,1) (15,8,10,1) (92,36,10,1) (59,64,9,1) (95,8,11,1) (38,1,9,1) (4,9,15,1) (0,47,9,1) (50,70,7,1) (59,14,5,1) (37,99,7,1) (26,98,5,1) (40,4,3,1) (9,60,19,1) (42,88,11,1) (92,14,21,1) (89,36,10,1) (18,57,21,1) (4,61,7,1) (21,11,14,1) (71,33,11,1) 
(97,74,10,1) (16,68,7,1) (9,67,11,1) (7,81,14,1) (62,27,2,1) (49,37,12,1) (78,73,22,1) (92,71,7,1) (54,62,3,1) (18,15,12,1) (28,93,6,1) (41,13,4,1) (78,10,11,1) (73,92,16,1) (25,98,17,1) (92,10,14,1) (99,7,5,1) (68,45,9,1) (88,45,11,1) (0,1,15,1) (61,21,13,1) (62,89,12,1) (84,32,8,1) (53,9,5,1) 
(82,12,5,1) (20,44,18,1) (7,9,2,1) (98,68,14,1) (87,18,14,1) (27,8,7,1) (40,75,5,1) (91,14,2,1) (11,62,7,1) (69,58,5,1) (45,17,7,1) (61,6,5,1) (39,34,6,1) (62,60,13,1) (11,95,7,1) (50,61,8,1) (40,11,14,1) (42,56,15,1) (2,26,12,1) (69,97,10,1) (99,98,11,1) (13,80,7,1) (57,6,9,1) (37,81,10,1) 
(66,64,11,1) (60,24,13,1) (89,5,10,1) (61,24,2,1) (26,51,7,1) (56,93,6,1) (39,16,18,1) (65,11,8,1) (33,19,5,1) (22,74,13,1) (72,28,7,1) (51,72,10,1) (64,24,8,1) (29,57,9,1) (17,35,19,1) (21,48,5,1) (66,20,11,1) (19,16,14,1) (34,82,17,1) (71,63,12,1) (96,81,10,1) (41,96,11,1) (28,63,24,1) (74,85,10,1) 
(10,1,8,1) (44,63,8,1) (39,61,16,1) (92,87,13,1) (94,22,24,1) (80,47,13,1) (21,22,13,1) (42,39,7,1) (33,72,7,1) (12,38,14,1) (85,12,7,1) (28,85,14,1) (92,96,13,1) (48,77,11,1) (3,87,11,1) (60,72,13,1) (17,22,5,1) (56,26,5,1) (28,93,6,1) (11,99,7,1) (39,52,4,1) (63,46,15,1) (92,74,3,1) (67,15,5,1) 
(89,69,1,1) (35,30,18,1) (25,51,12,1) (63,51,9,1) (70,76,8,1) (32,90,20,1) (30,47,14,1) (16,0,20,1) (33,46,9,1) (16,67,11,1) (74,30,13,1) (27,42,10,1) (4,76,10,1) (14,76,7,1) (37,90,10,1) (87,72,21,1) (32,53,15,1) (64,95,11,1) (74,58,11,1) (47,52,4,1) (16,5,8,1) (72,28,5,1) (25,54,6,1) (12,18,4,1) 
(42,15,3,1) (54,78,10,1) (64,52,14,1) (3,10,2,1) (45,33,8,1) (20,9,21,1) (22,1,2,1) (97,60,10,1) (38,59,12,1) (47,99,6,1) (69,14,10,1) (28,40,16,1) (55,36,7,1) (4,14,16,1) (27,90,16,1) (47,63,7,1) (91,99,14,1) (33,94,4,1) (96,83,10,1) (35,53,13,1) (0,98,9,1) (83,51,11,1) (89,18,4,1) (42,83,12,1) 
(77,47,9,1) (22,16,7,1) (41,43,6,1) (83,31,10,1) (21,42,7,1) (47,90,19,1) (81,37,8,1) (87,38,11,1) (2,99,11,1) (12,29,17,1) (74,78,5,1) (68,13,5,1) (36,57,21,1) (9,54,14,1) (0,52,10,1) (9,87,7,1) (55,83,18,1) (92,82,6,1) (39,95,16,1) (61,53,15,1) (42,49,17,1) (36,16,20,1) (4,44,3,1) (90,85,15,1) 
(62,85,14,1) (29,7,9,1) (11,30,6,1) (72,73,20,1) (63,29,15,1) (33,55,11,1) (16,59,18,1) (49,24,16,1) (13,69,5,1) (62,58,9,1) (34,59,13,1) (85,49,8,1) (58,99,8,1) (68,75,1,1) (34,39,6,1) (61,32,18,1) (66,75,6,1) (94,60,16,1) (38,76,2,1) (10,62,13,1) (12,83,12,1) (13,83,8,1) (41,35,8,1) (83,15,16,1) 
(14,71,16,1) (36,82,6,1) (45,23,14,1) (92,63,10,1) (42,28,4,1) (84,28,9,1) (89,80,14,1) (10,71,5,1) (51,77,14,1) (97,53,10,1) (31,72,16,1) (64,69,14,1) (28,59,10,1) (28,3,17,1) (22,87,6,1) (97,52,4,1) (54,60,17,1) (96,79,15,1) (41,81,9,1) (70,28,1,1) (9,80,5,1) (89,79,9,1) (66,72,5,1) (73,59,6,1) 
(9,6,19,1) (53,27,17,1) (37,61,10,1) (80,52,14,1) (1,97,9,1) (33,31,15,1) (73,52,8,1) (37,56,12,1) (17,13,13,1) (34,99,16,1) (2,21,18,1) (61,52,7,1) (33,99,12,1) (79,98,16,1) (63,72,7,1) (82,65,8,1) (58,34,10,1) (40,96,12,1) (63,83,6,1) (55,2,3,1) (62,76,18,1) (23,97,12,1) (58,10,12,1) (80,59,17,1) 
(62,33,9,1) (50,88,17,1) (66,34,5,1) (44,68,10,1) (44,21,6,1) (49,28,13,1) (78,56,11,1) (41,52,9,1) (83,11,17,1) (39,25,11,1) (27,97,9,1) (34,98,15,1) (18,50,6,1) (65,24,11,1) (89,88,11,1) (37,99,6,1) (23,84,10,1) (64,88,11,1) (17,19,17,1) (12,35,7,1) (54,31,1,1) (30,2,6,1) (34,12,10,1) (92,50,9,1) 
(62,30,16,1) (57,31,7,1) (16,47,14,1) (26,34,3,1) (83,88,8,1) (6,86,11,1) (94,18,4,1) (5,18,9,1) (68,13,7,1) (48,20,9,1) (35,85,8,1) (49,44,7,1) (52,98,9,1) (92,22,12,1) (17,85,13,1) (4,52,15,1) (9,19,4,1) (59,43,16,1) (2,93,10,1) (20,69,15,1) (72,46,21,1) (39,51,7,1) (82,46,17,1) (50,32,17,1) 
(24,58,9,1) (93,16,9,1) (30,67,16,1) (40,93,9,1) (69,84,9,1) (48,83,4,1) (39,9,8,1) (77,20,14,1) (90,4,12,1) (11,6,9,1) (96,97,8,1) (10,19,9,1) (98,41,7,1) (49,40,6,1) (46,50,17,1) (9,23,8,1) (59,66,3,1) (78,40,5,1) (34,12,10,1) (92,79,11,1) (90,79,5,1) (59,48,12,1) (92,62,10,1) (84,99,9,1) 
(73,19,1,1) (45,18,11,1) (22,91,13,1) (33,36,11,1) (59,1,12,1) (23,33,15,1) (63,52,16,1) (38,52,12,1) (91,32,5,1) (73,57,6,1) (60,95,10,1) (6,79,13,1) (78,60,13,1) (30,55,12,1) (68,54,4,1) (60,85,12,1) (39,69,15,1) (17,9,7,1) (20,23,12,1) (59,80,14,1) (42,12,11,1) (15,74,18,1) (89,88,16,1) (91,74,4,1) 
(87,29,13,1) (0,6,14,1) (88,16,13,1) (15,5,10,1) (54,38,10,1) (24,42,9,1) (48,14,19,1) (16,44,15,1) (82,24,8,1) (35,10,9,1) (74,69,4,1) (17,66,4,1) (27,66,22,1) (2,20,10,1) (57,48,11,1) (62,73,17,1) (3,30,10,1) (37,0,8,1) (10,25,9,1) (77,5,4,1) (43,98,4,1) (38,12,16,1) (59,94,8,1) (10,8,6,1) 
(49,17,18,1) (90,75,10,1) (77,93,4,1) (47,73,9,1) (51,31,14,1) (8,76,8,1) (58,40,9,1) (19,79,6,1) (52,23,18,1) (71,3,12,1) (73,96,6,1) (85,88,12,1) (58,6,5,1) (31,81,13,1) (88,25,13,1) (49,50,9,1) (69,0,7,1) (55,61,8,1) (93,50,16,1) (82,58,6,1) (79,94,4,1) (8,22,9,1) (80,55,2,1) (73,69,2,1) 
(62,43,6,1) (71,47,13,1) (97,74,10,1) (59,66,5,1) (52,5,12,1) (26,57,11,1) (65,84,2,1) (79,51,10,1) (32,27,6,1) (85,87,8,1) (35,26,17,1) (94,97,12,1) (31,21,9,1) (96,10,11,1) (41,0,20,1) (68,70,14,1) (43,9,11,1) (15,90,6,1) (46,77,7,1) (91,58,2,1) (1,85,15,1) (54,80,7,1) (77,85,22,1) (79,81,12,1) 
(47,42,20,1) (5,79,8,1) (83,4,7,1) (11,53,9,1) (60,42,10,1) (37,92,15,1) (89,63,9,1) (59,45,10,1) (56,3,8,1) (69,84,5,1) (63,59,19,1) (27,5,1,1) (17,27,6,1) (17,36,10,1) (19,13,13,1) (62,57,8,1) (61,26,4,1) (55,50,1,1) (74,39,11,1) (15,96,10,1) (12,26,11,1) (47,41,15,1) (8,56,7,1) (58,36,8,1) 
(97,83,16,1) (99,71,11,1) (83,16,11,1) (89,45,9,1) (63,64,6,1) (71,17,6,1) (98,84,15,1) (49,79,15,1) (25,46,5,1) (40,93,11,1) (26,67,7,1) (47,22,11,1) (72,47,9,1) (5,81,17,1) (85,28,8,1) (88,44,9,1) (43,3,12,1) (85,36,7,1) (90,46,13,1) (8,5,9,1) (84,91,11,1) (53,88,6,1) (39,71,1,1) (90,1,5,1) 
(89,30,21,1) (9,27,2,1) (11,41,9,1) (72,68,13,1) (93,26,10,1) (68,64,10,1) (84,81,14,1) (44,55,19,1) (60,41,14,1) (29,46,11,1) (70,94,17,1) (89,29,13,1) (26,29,7,1) (20,12,5,1) (93,24,6,1) (76,16,11,1) (86,73,9,1) (64,25,9,1) (17,68,9,1) (76,69,5,1) (38,30,15,1) (52,30,16,1) (77,40,18,1) (6,9,11,1) 
(77,11,8,1) (12,68,10,1) (15,36,11,1) (9,1,3,1) (59,77,15,1) (61,26,12,1) (82,6,7,1) (62,80,7,1) (50,47,18,1) (95,61,11,1) (39,53,8,1) (5,62,13,1) (51,61,11,1) (9,8,11,1) (2,48,13,1) (36,30,14,1) (46,84,16,1) (73,58,11,1) (60,5,11,1) (93,56,2,1) (67,32,7,1) (86,62,3,1) (72,8,12,1) (46,99,6,1) 
(47,56,18,1) (17,30,6,1) (11,64,10,1) (52,7,15,1) (97,5,8,1) (20,27,6,1) (95,37,11,1) (52,90,13,1) (28,79,6,1) (58,51,7,1) (48,65,6,1) (40,3,7,1) (39,59,11,1) (60,67,7,1) (86,42,12,1) (62,5,10,1) (77,83,15,1) (28,94,10,1) (48,15,5,1) (41,27,15,1) (86,82,14,1) (36,48,12,1) (35,88,12,1) (92,87,10,1) 
(8,16,11,1) (45,73,1,1) (57,75,19,1) (19,54,10,1) (36,74,12,1) (72,45,15,1) (10,75,13,1) (55,60,7,1) (70,45,15,1) (3,77,18,1) (11,36,22,1) (46,44,15,1) (66,53,11,1) (22,36,16,1) (19,18,16,1) (23,65,7,1) (36,48,11,1) (93,20,4,1) (5,74,13,1) (54,44,10,1) (22,75,12,1) (62,80,7,1) (18,97,14,1) (55,80,7,1) 
(43,91,13,1) (92,51,7,1) (56,51,6,1) (85,11,7,1) (75,7,18,1) (64,92,6,1) (83,51,8,1) (65,74,10,1) (78,31,10,1) (7,78,9,1) (28,73,12,1) (25,81,6,1) (25,61,2,1) (72,80,20,1) (88,28,20,1) (56,6,10,1) (24,73,18,1) (26,34,7,1) (64,99,2,1) (43,48,8,1) (81,60,9,1) (43,11,15,1) (92,70,14,1) (20,88,14,1) 
(91,23,9,1) (79,60,16,1) (65,44,3,1) (38,71,9,1) (44,56,9,1) (14,79,12,1) (53,38,7,1) (86,66,2,1) (93,43,4,1) (53,43,6,1) (50,57,9,1) (65,10,13,1) (27,50,14,1) (62,82,16,1) (42,79,9,1) (59,10,14,1) (77,58,22,1) (19,85,13,1) (78,5,7,1) (97,16,8,1) (23,79,10,1) (65,59,8,1) (15,49,9,1) (97,47,17,1) 
(14,41,12,1) (2,45,5,1) (63,16,12,1) (95,0,10,1) (38,54,10,1) (6,91,19,1) (2,61,10,1) (54,33,14,1) (86,77,1,1) (7,76,5,1) (43,91,1,1) (97,56,5,1) (57,50,12,1) (98,91,12,1) (32,0,3,1) (76,68,15,1) (23,61,5,1) (55,9,7,1) (56,27,7,1) (71,41,10,1) (73,61,5,1) (32,40,15,1) (3,81,13,1) (77,14,11,1) 
(78,1,11,1) (97,8,2,1) (33,87,12,1) (91,56,21,1) (14,39,3,1) (17,7,8,1) (77,24,17,1) (42,21,12,1) (42,64,9,1) (65,6,6,1) (3,12,16,1) (81,58,3,1) (30,9,5,1) (51,72,7,1) (48,42,11,1) (96,9,15,1) (4,51,4,1) (76,43,8,1) (59,10,4,1) (28,44,8,1) (8,12,3,1) (14,18,3,1) (45,74,8,1) (37,79,12,1) 
(61,81,4,1) (28,18,15,1) (24,76,7,1) (51,28,3,1) (85,66,9,1) (14,73,9,1) (24,21,11,1) (61,37,13,1) (31,14,8,1) (37,10,16,1) (90,44,12,1) (69,13,10,1) (61,32,13,1) (50,3,8,1) (92,68,11,1) (61,62,11,1) (17,68,12,1) (76,40,8,1) (96,26,9,1) (70,15,12,1) (73,34,5,1) (53,46,17,1) (45,10,10,1) (66,79,12,1) 
(78,63,16,1) (88,14,17,1) (93,88,20,1) (19,7,16,1) (53,24,4,1) (7,86,9,1) (6,57,11,1) (57,35,12,1) (26,2,10,1) (83,89,8,1) (86,78,2,1) (72,32,10,1) (15,46,5,1) (42,93,10,1) (74,32,9,1) (52,33,14,1) (49,9,9,1) (92,78,8,1) (69,75,11,1) (23,19,7,1) (89,28,8,1) (55,13,8,1) (29,50,2,1) (91,49,7,1) 
(86,36,8,1) (33,45,4,1) (28,68,15,1) (88,22,16,1) (52,9,5,1) (83,91,9,1) (33,23,14,1) (18,72,12,1) (77,82,7,1) (88,74,11,1) (68,62,12,1) (94,15,19,1) (19,91,11,1) (65,13,4,1) (11,1,4,1) (43,23,17,1) (18,15,16,1) (52,43,4,1) (90,78,16,1) (49,46,11,1) (0,72,15,1) (77,79,12,1) (10,42,10,1) (82,35,7,1) 
(86,84,14,1) (44,87,18,1) (25,43,8,1) (91,40,6,1) (21,29,8,1) (33,38,7,1) (53,83,9,1) (39,18,10,1) (55,72,11,1) (60,98,7,1) (60,57,23,1) (44,89,5,1) (27,33,2,1) (4,78,18,1) (23,17,7,1) (74,22,9,1) (77,76,18,1) (90,96,14,1) (44,4,15,1) (22,19,9,1) (48,36,9,1) (68,38,17,1) (42,60,14,1) (82,67,7,1) 
(65,88,6,1) (65,8,8,1) (18,12,13,1) (18,89,9,1) (71,66,11,1) (80,16,6,1) (43,51,12,1) (93,32,11,1) (86,56,15,1) (83,49,8,1) (85,72,10,1) (35,38,11,1) (16,69,6,1) (78,17,15,1) (39,69,10,1) (34,48,13,1) (14,70,13,1) (77,53,19,1) (64,14,11,1) (9,27,5,1) (80,30,9,1) (8,33,6,1) (77,58,12,1) (76,81,12,1) 
(45,18,12,1) (40,81,14,1) (14,79,4,1) (6,59,10,1) (29,94,13,1) (44,72,13,1) (66,8,14,1) (9,16,17,1) (77,52,10,1) (82,95,5,1) (56,68,15,1) (5,89,10,1) (13,29,11,1) (16,69,21,1) (2,56,12,1) (95,83,19,1) (97,21,10,1) (77,0,6,1) (12,23,8,1) (93,38,3,1) (47,18,15,1) (11,23,10,1) (20,98,11,1) (23,50,10,1) 
(75,74,5,1) (58,42,14,1) (0,73,4,1) (86,75,13,1) (67,32,10,1) (60,28,11,1) (71,42,15,1) (32,24,4,1) (55,22,9,1) (81,82,12,1) (56,67,8,1) (81,61,5,1) (85,42,16,1) (45,65,16,1) (71,40,8,1) (8,0,7,1) (14,26,19,1) (62,11,15,1) (13,55,6,1) (17,79,9,1) (34,17,9,1) (3,25,10,1) (31,6,10,1) (64,67,15,1) 
(10,1,4,1) (48,85,6,1) (9,73,11,1) (47,91,9,1) (13,95,8,1) (19,41,6,1) (68,6,12,1) (16,22,9,1) (24,31,18,1) (53,22,11,1) (9,87,10,1) (11,99,1,1) (94,48,15,1) (40,90,7,1) (97,78,14,1) (26,52,9,1) (53,69,8,1) (66,92,8,1) (39,62,6,1) (85,2,2,1) (98,25,10,1) (1,81,10,1) (75,83,8,1) (62,53,18,1) 
(64,14,9,1) (68,45,4,1) (51,57,7,1) (24,71,6,1) (22,17,11,1) (8,49,15,1) (0,3,10,1) (94,26,14,1) (38,29,14,1) (78,41,13,1) (4,45,5,1) (35,18,23,1) (84,5,9,1) (36,25,4,1) (77,58,14,1) (48,17,7,1) (74,80,8,1) (39,15,8,1) (70,44,15,1) (31,44,12,1) (27,26,13,1) (73,71,7,1) (73,8,19,1) (70,43,12,1) 
(88,67,2,1) (5,31,10,1) (72,88,5,1) (35,76,19,1) (79,57,13,1) (64,42,15,1) (49,65,7,1) (22,17,8,1) (83,23,13,1) (7,4,5,1) (55,63,14,1) (90,14,15,1) (66,15,14,1) (57,31,11,1) (53,46,14,1) (13,45,4,1) (91,62,1,1) (16,30,18,1) (34,32,17,1) (71,91,3,1) (93,80,7,1) (41,75,9,1) (86,52,15,1) (64,29,13,1) 
(11,64,6,1) (65,28,11,1) (15,76,9,1) (78,26,6,1) (39,65,5,1) (59,36,10,1) (86,3,8,1) (63,40,9,1) (94,64,15,1) (56,11,10,1) (86,63,4,1) (0,82,5,1) (22,36,2,1) (86,42,15,1) (65,42,25,1) (32,68,9,1) (42,76,11,1) (94,90,10,1) (23,58,7,1) (49,31,3,1) (9,88,9,1) (5,2,7,1) (75,23,14,1) (0,11,9,1) 
(18,91,12,1) (19,27,4,1) (69,27,6,1) (83,0,8,1) (45,18,14,1) (46,4,18,1) (5,28,9,1) (95,21,18,1) (9,20,6,1) (55,15,8,1) (29,42,5,1) (13,55,17,1) (63,69,16,1) (61,82,11,1) (3,93,11,1) (55,53,5,1) (50,15,11,1) (64,8,9,1) (88,78,1,1) (97,2,9,1) (5,84,11,1) (32,51,10,1) (50,23,17,1) (21,12,14,1) 
(32,42,4,1) (97,89,7,1) (33,45,11,1) (25,0,16,1) (48,99,15,1) (33,34,7,1) (92,23,11,1) (37,67,11,1) (72,98,9,1) (95,91,8,1) (17,52,12,1) (40,37,8,1) (67,44,10,1) (80,25,12,1) (36,29,13,1) (52,53,8,1) (46,65,15,1) (87,94,10,1) (77,96,7,1) (24,34,11,1) (62,1,11,1) (98,77,12,1) (46,35,7,1) (42,88,15,1) 
(22,13,14,1) (83,45,15,1) (86,22,4,1) (7,92,10,1) (37,44,5,1) (34,47,15,1) (16,80,9,1) (14,39,9,1) (26,82,11,1) (54,23,11,1) (65,22,10,1) (14,36,5,1) (91,95,14,1) (69,7,12,1) (0,42,6,1) (4,26,13,1) (25,32,16,1) (33,87,19,1) (68,66,10,1) (94,14,10,1) (93,21,13,1) (6,54,10,1) (62,71,9,1) (63,24,3,1) 
(12,1,3,1) (21,1,15,1) (39,99,11,1) (40,37,13,1) (76,27,15,1) (68,18,7,1) (54,98,8,1) (25,93,2,1) (61,46,5,1) (70,27,17,1) (57,87,9,1) (44,97,8,1) (94,28,5,1) (99,74,9,1) (13,58,13,1) (34,88,5,1) (18,3,8,1) (98,38,7,1) (3,25,9,1) (25,83,10,1) (59,35,13,1) (46,11,13,1) (59,43,10,1) (32,37,13,1) 
(27,85,18,1) (93,61,11,1) (49,96,4,1) (94,88,14,1) (4,23,12,1) (50,54,3,1) (53,16,10,1) (30,63,1,1) (25,59,10,1) (67,79,8,1) (61,59,14,1) (56,73,5,1) (15,33,3,1) (52,11,13,1) (55,22,9,1) (79,0,16,1) (26,55,13,1) (59,18,7,1) (82,83,12,1) (41,88,5,1) (0,63,15,1) (50,75,12,1) (10,68,14,1) (83,23,10,1) 
(98,13,11,1) (23,93,16,1) (82,9,12,1) (2,28,9,1) (58,95,1,1) (49,22,10,1) (56,30,17,1) (4,74,6,1) (35,22,12,1) (55,34,9,1) (23,78,12,1) (75,30,9,1) (24,15,4,1) (79,95,14,1) (15,68,15,1) (60,29,12,1) (28,33,8,1) (58,4,16,1) (5,67,12,1) (3,17,11,1) (59,62,14,1) (66,1,7,1) (2,78,12,1) (97,50,18,1) 
(3,57,7,1) (7,68,11,1) (9,32,24,1) (81,7,2,1) (52,24,6,1) (8,9,6,1) (42,28,14,1) (37,72,13,1) (5,91,12,1) (91,78,11,1) (8,82,7,1) (15,21,7,1) (55,68,15,1) (71,28,4,1) (59,42,18,1) (87,98,3,1) (67,83,11,1) (75,48,7,1) (91,31,15,1) (86,23,14,1) (53,72,3,1) (35,61,10,1) (31,69,6,1) (1,5,12,1) 
(84,76,13,1) (4,27,9,1) (41,97,10,1) (20,24,7,1) (91,44,9,1) (45,58,21,1) (21,66,8,1) (32,64,3,1) (6,21,6,1) (46,41,15,1) (78,82,18,1) (1,81,8,1) (41,10,13,1) (96,41,10,1) (52,33,8,1) (78,45,16,1) (0,80,13,1) (37,49,11,1) (95,47,12,1) (39,42,14,1) (77,79,9,1) (75,44,12,1) (5,20,27,1) (57,33,7,1) 
(59,37,15,1) (18,43,10,1) (24,71,10,1) (74,95,6,1) (80,15,11,1) (18,74,8,1) (16,50,8,1) (21,63,14,1) (91,59,3,1) (8,88,14,1) (6,25,14,1) (42,88,15,1) (7,22,13,1) (28,21,16,1) (99,75,3,1) (71,14,15,1) (84,91,14,1) (80,57,1,1) (62,45,6,1) (59,13,13,1) (27,31,22,1) (95,25,7,1) (15,1,3,1) (90,40,13,1) 
(28,36,5,1) (83,13,4,1) (6,78,12,1) (60,71,13,1) (65,64,8,1) (18,38,9,1) (73,44,17,1) (75,46,12,1) (87,22,13,1) (72,19,11,1) (76,49,10,1) (50,38,22,1) (69,2,14,1) (21,87,11,1) (9,96,15,1) (29,82,5,1) (48,17,10,1) (46,64,3,1) (44,55,13,1) (93,49,9,1) (85,9,15,1) (88,14,15,1) (70,13,12,1) (52,7,10,1) 
(23,58,3,1) (85,64,8,1) (92,46,10,1) (33,82,15,1) (12,21,7,1) (32,81,13,1) (56,78,6,1) (15,78,10,1) (14,60,8,1) (44,82,16,1) (99,96,14,1) (13,20,9,1) (62,5,6,1) (12,81,11,1) (67,9,15,1) (45,15,12,1) (92,8,6,1) (68,39,10,1) (12,63,5,1) (24,62,12,1) (58,53,20,1) (53,91,13,1) (28,21,24,1) (14,50,10,1) 
(13,95,7,1) (18,1,6,1) (84,21,13,1) (52,8,16,1) (53,91,12,1) (82,52,8,1) (32,18,15,1) (9,60,5,1) (34,93,2,1) (14,23,12,1) (95,81,16,1) (31,11,9,1) (94,32,10,1) (5,70,8,1) (50,29,12,1) (37,50,12,1) (53,70,10,1) (95,63,3,1) (86,36,6,1) (90,10,20,1) (63,36,8,1) (14,26,18,1) (3,50,8,1) (23,84,7,1) 
(29,26,8,1) (24,40,6,1) (21,79,18,1) (94,2,12,1) (93,37,9,1) (63,91,14,1) (53,27,12,1) (32,38,10,1) (41,50,10,1) (25,96,14,1) (56,34,7,1) (52,55,8,1) (27,58,12,1) (23,9,17,1) (13,70,10,1) (53,50,4,1) (79,94,15,1) (55,10,6,1) (24,6,7,1) (2,41,10,1) (94,1,8,1) (81,51,16,1) (35,75,12,1) (37,68,13,1) 
(53,90,11,1) (91,29,13,1) (87,22,7,1) (20,24,10,1) (97,72,23,1) (83,73,13,1) (9,93,12,1) (22,93,6,1) (72,21,13,1) (75,88,12,1) (48,52,5,1) (8,80,12,1) (17,60,9,1) (80,98,13,1) (57,9,8,1) (64,84,2,1) (7,56,5,1) (19,59,5,1) (42,56,11,1) (61,9,7,1) (49,73,9,1) (15,19,10,1) (49,52,22,1) (66,18,17,1) 
(30,59,18,1) (18,54,9,1) (57,77,11,1) (7,54,12,1) (92,43,6,1) (8,57,9,1) (94,88,7,1) (65,44,13,1) (45,36,8,1) (68,73,10,1) (79,27,14,1) (91,97,13,1) (94,8,17,1) (26,21,16,1) (24,10,2,1) (85,11,11,1) (20,73,13,1) (97,48,18,1) (23,67,6,1) (54,75,6,1) (42,92,23,1) (45,55,8,1) (74,22,13,1) (7,79,6,1) 
(25,53,8,1) (83,35,18,1) (77,84,10,1) (39,35,15,1) (34,56,9,1) (80,12,11,1) (35,56,5,1) (51,53,12,1) (78,30,3,1) (32,58,7,1) (1,0,13,1) (15,53,7,1) (70,51,1,1) (24,40,12,1) (76,5,4,1) (36,10,7,1) (74,66,17,1) (59,27,10,1) (15,27,6,1) (39,80,8,1) (37,70,7,1) (87,5,6,1) (43,56,13,1) (2,73,12,1) 
(60,34,14,1) (20,43,12,1) (66,19,8,1) (52,51,9,1) (27,57,10,1) (0,99,13,1) (94,39,19,1) (41,55,18,1) (91,71,11,1) (11,31,16,1) (34,61,12,1) (22,78,15,1) (48,99,8,1) (25,12,21,1) (41,23,21,1) (26,77,15,1) (18,6,5,1) (6,7,13,1) (41,40,11,1) (23,33,13,1) (48,38,14,1) (8,26,13,1) (16,27,9,1) (11,93,13,1) 
(26,46,16,1) (9,41,7,1) (21,51,11,1) (57,15,10,1) (37,49,4,1) (52,44,10,1) (28,24,2,1) (65,46,10,1) (61,22,15,1) (94,70,10,1) (2,66,9,1) (91,71,7,1) (36,42,11,1) (14,81,16,1) (48,98,12,1) (65,89,5,1) (20,48,8,1) (91,41,8,1) (27,10,15,1) (25,91,13,1) (35,15,11,1) (64,84,13,1) (78,89,14,1) (71,84,15,1) 
(61,60,9,1) (94,95,4,1) (70,94,18,1) (90,92,18,1) (13,55,7,1) (24,96,14,1) (11,83,2,1) (4,39,8,1) (45,64,15,1) (67,36,12,1) (75,84,8,1) (12,20,10,1) (13,52,11,1) (67,95,12,1) (48,32,4,1) (72,41,12,1) (55,87,13,1) (42,89,7,1) (29,54,12,1) (22,27,6,1) (32,42,18,1) (29,65,16,1) (63,81,28,1) (15,23,7,1) 
(78,49,10,1) (82,22,15,1) (90,19,5,1) (91,55,3,1) (56,5,8,1) (53,38,15,1) (43,47,17,1) (96,78,11,1) (20,92,11,1) (4,68,12,1) (0,80,14,1) (28,34,8,1) (55,50,4,1) (94,80,15,1) (94,67,10,1) (26,64,9,1) (42,68,8,1) (73,19,10,1) (85,63,15,1) (48,66,21,1) (53,68,9,1) (1,78,7,1) (62,6,4,1) (41,79,18,1) 
(82,56,9,1) (73,54,23,1) (67,35,11,1) (25,90,21,1) (6,14,4,1) (19,22,11,1) (33,32,4,1) (1,45,7,1) (23,0,12,1) (66,97,18,1) (50,62,10,1) (74,16,13,1) (16,70,15,1) (40,55,10,1) (15,9,7,1) (15,35,4,1) (96,73,11,1) (82,43,7,1) (93,49,7,1) (87,81,13,1) (73,32,18,1) (68,28,1,1) (47,43,6,1) (71,4,10,1) 
(97,45,18,1) (28,68,10,1) (1,69,13,1) (73,6,19,1) (70,89,13,1) (83,92,4,1) (58,59,4,1) (28,56,9,1) (76,46,9,1) (24,60,13,1) (42,96,6,1) (54,41,11,1) (97,72,14,1) (86,18,4,1) (20,16,13,1) (21,30,14,1) (93,22,1,1) (16,19,12,1) (68,69,17,1) (67,40,13,1) (77,75,4,1) (14,46,11,1) (2,26,8,1) (19,51,11,1) 
(11,20,9,1) (9,23,9,1) (86,7,6,1) (50,13,6,1) (84,95,6,1) (70,13,17,1) (94,39,11,1) (42,27,12,1) (10,86,6,1) (31,82,5,1) (47,35,7,1) (24,89,17,1) (99,18,6,1) (38,24,12,1) (13,31,4,1) (64,29,9,1) (99,68,3,1) (47,92,13,1) (90,74,12,1) (2,91,11,1) (23,54,15,1) (87,88,5,1) (29,56,9,1) (13,7,14,1) 
(95,22,17,1) (15,92,9,1) (34,32,7,1) (60,4,7,1) (92,69,6,1) (59,79,6,1) (91,52,13,1) (16,0,12,1) (87,41,10,1) (39,85,17,1) (96,90,4,1) (83,93,11,1) (29,67,18,1) (89,7,14,1) (20,28,8,1) (8,47,12,1) (26,5,11,1) (42,76,14,1) (65,77,13,1) (84,16,11,1) (76,13,1,1) (36,29,11,1) (63,7,8,1) (16,45,22,1) 
(4,47,13,1) (66,97,14,1) (62,47,7,1) (11,87,9,1) (56,32,4,1) (68,7,20,1) (1,64,14,1) (13,12,18,1) (26,64,8,1) (26,69,20,1) (10,32,14,1) (18,45,12,1) (1,61,8,1) (36,7,4,1) (67,30,18,1) (95,64,6,1) (41,47,13,1) (18,59,5,1) (90,15,11,1) (84,0,10,1) (43,58,12,1) (44,9,4,1) (75,2,8,1) (38,31,6,1) 