(64,95,5,1) (72,43,16,1) (18,70,9,1) (72,24,7,1) (87,14,6,1) (61,11,20,1) (16,97,7,1) (76,33,10,1) (0,9,10,1) (40,8,12,1) (94,56,14,1) (68,78,19,1) (23,95,3,1) (7,92,13,1) (63,68,2,1) (47,24,16,1) (41,65,15,1) (2,41,11,1) (52,16,6,1) (8,2,14,1) 
(20,11,1,1) (1,30,9,1) (85,31,4,1) (32,39,12,1) (33,49,6,1) (19,89,7,1) (65,74,10,1) (61,1,16,1) (0,41,11,1) (66,78,12,1) (85,95,10,1) (27,70,12,1) (95,17,19,1) (26,76,14,1) (69,12,7,1) (85,42,5,1) (21,36,18,1) (77,22,7,1) (84,10,5,1) (82,80,12,1) 
(11,72,14,1) (34,32,10,1) (93,23,14,1) (63,82,10,1) (65,25,9,1) (61,71,11,1) (19,11,10,1) (39,81,9,1) (59,12,15,1) (22,16,14,1) (84,63,16,1) (98,37,9,1) (63,37,15,1) (50,83,20,1) (88,40,15,1) (15,92,6,1) (28,1,14,1) (15,2,19,1) (59,99,13,1) (62,68,12,1) 
(92,28,6,1) (24,9,11,1) (29,21,8,1) (9,69,14,1) (74,86,13,1) (10,28,17,1) (61,18,10,1) (33,89,15,1) (28,61,9,1) (62,22,8,1) (98,29,15,1) (35,30,10,1) (97,92,12,1) (68,86,8,1) (65,45,3,1) (6,74,9,1) (9,97,5,1) (92,73,13,1) (21,10,13,1) (37,92,13,1) 
(30,66,3,1) (92,64,17,1) (11,31,10,1) (99,0,17,1) (3,80,4,1) (93,33,6,1) (21,65,8,1) (11,37,1,1) (52,97,7,1) (18,48,13,1) (70,93,12,1) (74,81,6,1) (90,57,1,1) (11,47,6,1) (41,82,15,1) (5,52,9,1) (56,40,4,1) (68,73,13,1) (55,66,17,1) (73,43,9,1) 
(50,96,12,1) (96,31,17,1) (35,33,5,1) (62,89,10,1) (68,96,4,1) (47,55,11,1) (58,96,11,1) (40,60,7,1) (30,46,5,1) (59,26,11,1) (33,10,14,1) (64,76,7,1) (56,87,10,1) (69,64,13,1) (83,99,9,1) (9,19,23,1) (96,89,13,1) (40,88,8,1) (15,16,6,1) (87,31,17,1) 
(86,21,17,1) (68,43,14,1) (42,38,8,1) (97,38,10,1) (91,6,2,1) (99,2,14,1) (66,91,10,1) (95,85,15,1) (85,4,15,1) (8,82,8,1) (59,58,1,1) (96,57,13,1) (88,3,14,1) (76,16,11,1) (14,28,16,1) (99,97,15,1) (70,64,8,1) (21,81,9,1) (23,50,10,1) (80,21,8,1) 
(89,67,7,1) (99,35,9,1) (23,14,7,1) (38,40,9,1) (10,91,16,1) (29,83,18,1) (91,11,18,1) (20,31,17,1) (21,12,8,1) (96,55,8,1) (7,95,17,1) (25,40,10,1) (31,67,7,1) (43,74,16,1) (27,31,18,1) (90,26,12,1) (43,16,9,1) (51,30,12,1) (8,81,4,1) (11,37,8,1) 
(7,18,10,1) (6,97,10,1) (17,45,7,1) (97,38,5,1) (5,28,17,1) (41,66,8,1) (54,9,11,1) (3,93,8,1) (46,34,6,1) (57,70,8,1) (81,27,7,1) (23,53,8,1) (31,59,6,1) (84,27,8,1) (80,26,5,1) (49,74,22,1) (37,12,14,1) (74,39,4,1) (83,63,14,1) (17,35,13,1) 
(74,93,8,1) (44,84,14,1) (20,25,16,1) (49,81,15,1) (60,39,10,1) (38,20,13,1) (0,26,6,1) (37,56,10,1) (0,41,15,1) (0,97,18,1) (6,26,12,1) (66,37,12,1) (42,62,15,1) (43,93,10,1) (68,85,7,1) (48,57,21,1) (26,82,11,1) (89,9,13,1) (43,91,20,1) (79,20,16,1) 
(50,37,10,1) (24,97,15,1) (53,18,19,1) (81,2,7,1) (0,23,12,1) (17,1,14,1) (10,76,7,1) (24,15,17,1) (60,98,12,1) (10,3,5,1) (33,28,4,1) (5,38,13,1) (68,32,14,1) (95,70,13,1) (59,9,13,1) (88,57,8,1) (91,13,9,1) (47,33,17,1) (46,61,7,1) (30,53,10,1) 
(15,56,7,1) (99,21,12,1) (1,47,1,1) (1,44,18,1) (41,5,12,1) (75,93,5,1) (26,65,12,1) (31,75,10,1) (20,58,14,1) (21,29,11,1) (94,58,8,1) (32,56,4,1) (60,11,5,1) (82,33,12,1) (87,20,13,1) (22,88,5,1) (75,54,18,1) (89,95,6,1) (33,43,14,1) (4,26,11,1) 
(65,61,1,1) (0,1,10,1) (84,40,17,1) (1,3,6,1) (20,79,13,1) (5,32,9,1) (84,23,17,1) (7,45,13,1) (47,14,9,1) (3,2,20,1) (23,29,13,1) (24,3,6,1) (48,47,18,1) (73,45,17,1) (0,26,9,1) (34,97,8,1) (70,69,11,1) (17,41,11,1) (34,96,9,1) (83,90,10,1) 
(89,51,4,1) (62,1,17,1) (89,33,8,1) (39,78,12,1) (17,30,11,1) (13,42,12,1) (12,68,11,1) (50,97,10,1) (25,5,9,1) (25,1,10,1) (81,10,16,1) (49,10,15,1) (58,0,3,1) (48,75,14,1) (5,38,14,1) (9,58,13,1) (11,81,17,1) (20,91,17,1) (30,44,3,1) (4,40,15,1) 
(1,81,13,1) (82,20,20,1) (55,68,7,1) (79,86,4,1) (19,95,11,1) (76,99,15,1) (53,1,8,1) (18,66,10,1) (77,91,20,1) (89,28,1,1) (85,10,13,1) (28,60,5,1) (72,58,18,1) (24,64,6,1) (87,47,16,1) (28,47,1,1) (14,27,16,1) (87,5,1,1) (91,79,15,1) (58,29,3,1) 
(31,83,11,1) (5,86,17,1) (3,84,7,1) (80,18,18,1) (34,10,11,1) (44,0,7,1) (55,77,5,1) (97,94,10,1) (22,32,11,1) (63,76,10,1) (69,44,3,1) (13,10,12,1) (88,38,3,1) (0,55,13,1) (79,32,20,1) (69,26,15,1) (84,64,14,1) (13,96,18,1) (8,55,13,1) (55,26,9,1) 
(64,32,6,1) (73,11,8,1) (50,81,20,1) (89,45,21,1) (52,84,12,1) (25,34,8,1) (29,7,21,1) (85,96,14,1) (64,82,5,1) (21,79,8,1) (35,94,8,1) (62,13,8,1) (84,31,6,1) (35,10,13,1) (7,91,10,1) (88,35,6,1) (56,76,17,1) (30,44,7,1) (66,4,12,1) (80,6,19,1) 
(28,7,14,1) (47,7,15,1) (56,14,18,1) (92,46,9,1) (74,86,15,1) (33,93,7,1) (69,92,12,1) (30,22,16,1) (77,53,12,1) (94,57,11,1) (74,92,9,1) (80,36,4,1) (16,49,13,1) (6,44,17,1) (1,74,15,1) (79,24,7,1) (50,85,4,1) (71,11,1,1) (96,9,13,1) (43,7,10,1) 
(93,50,13,1) (48,58,11,1) (27,54,7,1) (26,50,6,1) (22,86,14,1) (40,52,10,1) (43,89,15,1) (9,65,5,1) (64,69,15,1) (47,67,12,1) (69,18,11,1) (48,98,11,1) (52,36,15,1) (7,35,9,1) (19,14,14,1) (84,19,14,1) (86,29,7,1) (41,46,3,1) (46,55,9,1) (21,56,14,1) 
(21,99,7,1) (74,28,12,1) (4,69,10,1) (11,49,5,1) (90,41,10,1) (66,82,12,1) (13,88,3,1) (47,94,11,1) (15,66,9,1) (28,53,8,1) (60,17,14,1) (1,92,6,1) (15,16,3,1) (66,53,16,1) (63,14,9,1) (97,20,5,1) (84,93,4,1) (68,60,4,1) (81,67,15,1) (36,83,4,1) 
(22,70,5,1) (16,57,5,1) (15,91,9,1) (22,77,11,1) (60,64,15,1) (82,51,11,1) (59,24,8,1) (49,15,12,1) (15,9,7,1) (0,64,17,1) (33,19,8,1) (86,9,13,1) (84,48,10,1) (47,70,3,1) (31,20,15,1) (87,79,11,1) (14,20,9,1) (83,54,4,1) (16,72,4,1) (88,38,13,1) 
(3,56,16,1) (60,18,19,1) (48,70,8,1) (62,8,7,1) (24,17,13,1) (22,52,2,1) (85,33,6,1) (36,48,10,1) (53,98,8,1) (1,31,10,1) (72,32,6,1) (24,78,9,1) (82,80,15,1) (94,91,24,1) (74,12,17,1) (11,0,13,1) (96,39,3,1) (51,95,10,1) (24,62,19,1) (12,24,9,1) 
(71,95,9,1) (69,38,12,1) (95,84,5,1) (15,86,9,1) (1,56,11,1) (95,21,6,1) (7,23,6,1) (27,13,8,1) (92,0,13,1) (77,80,6,1) (87,73,3,1) (69,3,15,1) (1,90,5,1) (97,59,13,1) (44,34,7,1) (29,30,15,1) (54,89,5,1) (19,74,9,1) (43,37,6,1) (46,80,10,1) 
(7,11,14,1) (63,52,10,1) (33,24,9,1) (98,60,11,1) (43,37,15,1) (35,11,17,1) (46,96,9,1) (26,99,11,1) (34,76,13,1) (75,7,10,1) (1,99,8,1) (16,87,15,1) (12,14,11,1) (22,32,10,1) (7,18,15,1) (34,33,1,1) (87,10,5,1) (59,98,7,1) (42,48,6,1) (95,21,13,1) 
(81,21,12,1) (11,60,7,1) (98,16,12,1) (49,44,3,1) (30,20,10,1) (96,36,13,1) (60,44,6,1) (74,76,5,1) (24,5,13,1) (80,49,13,1) (67,96,8,1) (90,97,14,1) (84,54,3,1) (56,25,13,1) (62,33,11,1) (15,58,10,1) (28,16,6,1) (40,37,6,1) (77,60,8,1) (44,1,6,1) 
(5,73,8,1) (67,66,10,1) (61,33,18,1) (35,70,9,1) (71,14,14,1) (64,36,20,1) (97,50,10,1) (96,90,11,1) (70,4,7,1) (66,31,15,1) (37,96,10,1) (12,60,16,1) (40,72,18,1) (52,38,12,1) (2,47,15,1) (37,75,13,1) (15,86,11,1) (79,12,11,1) (32,39,12,1) (48,20,12,1) 
(2,62,13,1) (76,51,5,1) (67,54,8,1) (74,19,15,1) (28,26,5,1) (54,71,16,1) (6,86,10,1) (51,60,21,1) (60,15,6,1) (24,90,9,1) (29,10,3,1) (74,54,13,1) (53,62,8,1) (55,81,6,1) (28,76,9,1) (67,80,11,1) (30,44,13,1) (68,0,2,1) (47,94,7,1) (0,47,13,1) 
(43,97,8,1) (40,18,6,1) (66,34,9,1) (69,50,8,1) (66,65,13,1) (42,1,13,1) (96,16,14,1) (57,56,9,1) (97,84,20,1) (86,28,12,1) (48,44,10,1) (34,54,10,1) (20,5,14,1) (50,22,11,1) (92,93,7,1) (78,43,14,1) (90,46,4,1) (99,9,11,1) (87,61,8,1) (88,52,19,1) 
(14,81,16,1) (92,90,5,1) (26,17,12,1) (10,68,13,1) (55,63,16,1) (84,12,15,1) (95,62,13,1) (98,34,10,1) (75,30,4,1) (75,0,1,1) (91,73,11,1) (47,94,8,1) (23,55,13,1) (70,52,17,1) (80,67,9,1) (34,75,7,1) (61,69,13,1) (41,28,16,1) (62,19,6,1) (95,57,11,1) 
(79,56,5,1) (66,91,11,1) (56,25,13,1) (4,98,13,1) (78,2,13,1) (42,0,11,1) (43,25,2,1) (37,84,12,1) (86,49,14,1) (63,7,9,1) (96,87,9,1) (76,93,10,1) (57,47,3,1) (61,51,19,1) (39,14,3,1) (47,99,4,1) (77,96,14,1) (31,32,13,1) (73,53,2,1) (94,53,22,1) 
(7,9,12,1) (75,23,9,1) (44,19,11,1) (35,50,8,1) (17,21,5,1) (3,78,17,1) (67,95,6,1) (26,73,6,1) (36,71,11,1) (96,80,6,1) (40,4,11,1) (51,19,15,1) (12,33,16,1) (45,48,12,1) (62,6,8,1) (98,13,3,1) (36,21,12,1) (71,15,3,1) (80,36,12,1) (16,13,1,1) 
(50,24,15,1) (65,9,17,1) (23,24,8,1) (65,7,1,1) (22,43,9,1) (58,80,11,1) (68,22,9,1) (4,35,12,1) (14,8,13,1) (0,72,18,1) (63,50,8,1) (1,80,16,1) (76,31,6,1) (48,5,15,1) (14,63,16,1) (64,39,9,1) (37,59,3,1) (47,24,11,1) (2,75,17,1) (9,72,11,1) 
(1,94,8,1) (36,63,7,1) (6,96,5,1) (22,28,8,1) (21,42,10,1) (80,34,8,1) (28,64,13,1) (87,25,20,1) (70,81,5,1) (55,56,17,1) (77,48,11,1) (78,68,8,1) (15,36,16,1) (2,88,11,1) (81,39,7,1) (78,4,11,1) (38,1,6,1) (46,26,8,1) (25,6,7,1) (39,54,5,1) 
(49,89,15,1) (39,11,9,1) (57,6,2,1) (5,90,6,1) (57,82,10,1) (12,79,8,1) (11,78,14,1) (94,1,6,1) (84,3,8,1) (98,20,19,1) (47,28,3,1) (34,58,17,1) (50,61,11,1) (36,78,8,1) (23,71,5,1) (98,81,17,1) (26,42,12,1) (21,82,13,1) (28,33,11,1) (98,82,9,1) 
(25,49,4,1) (50,55,10,1) (98,74,11,1) (9,85,4,1) (14,39,12,1) (20,60,7,1) (44,83,4,1) (40,25,9,1) (30,22,5,1) (86,91,8,1) (7,13,8,1) (92,29,11,1) (45,42,2,1) (85,12,14,1) (50,88,3,1) (59,33,13,1) (81,96,11,1) (12,28,4,1) (43,18,17,1) (98,29,8,1) 
(81,4,3,1) (41,53,15,1) (38,59,12,1) (95,92,17,1) (92,35,12,1) (21,35,11,1) (25,87,3,1) (21,69,19,1) (81,75,24,1) (66,99,8,1) (54,12,13,1) (41,19,5,1) (75,92,9,1) (12,84,11,1) (63,94,7,1) (22,69,7,1) (34,51,13,1) (93,26,18,1) (61,35,13,1) (50,73,14,1) 
(77,9,13,1) (53,19,20,1) (42,91,8,1) (91,36,3,1) (48,58,12,1) (69,2,12,1) (59,71,13,1) (50,88,8,1) (15,94,3,1) (50,8,5,1) (57,62,16,1) (96,34,10,1) (20,16,13,1) (70,85,2,1) (1,86,7,1) (20,72,10,1) (38,93,13,1) (99,81,19,1) (14,10,10,1) (6,83,9,1) 
(7,98,7,1) (5,61,5,1) (69,23,5,1) (22,77,13,1) (91,66,6,1) (60,82,2,1) (43,61,6,1) (78,21,7,1) (56,30,7,1) (66,41,6,1) (65,51,18,1) (15,91,8,1) (21,77,17,1) (59,84,10,1) (95,84,1,1) (8,83,15,1) (88,58,8,1) (79,91,16,1) (50,34,8,1) (29,68,15,1) 
(21,13,6,1) (95,57,14,1) (65,75,9,1) (10,99,20,1) (51,38,24,1) (27,73,4,1) (17,48,20,1) (98,5,12,1) (64,83,4,1) (66,39,9,1) (30,35,12,1) (26,46,9,1) (29,18,12,1) (4,56,18,1) (46,6,19,1) (96,26,8,1) (99,33,9,1) (21,23,12,1) (13,15,12,1) (94,33,18,1) 
(10,88,17,1) (94,44,15,1) (77,23,14,1) (28,3,1,1) (89,45,16,1) (41,14,12,1) (4,13,3,1) (98,74,14,1) (35,48,4,1) (24,38,10,1) (91,28,20,1) (10,36,9,1) (86,21,8,1) (55,84,14,1) (19,51,16,1) (51,36,7,1) (99,5,7,1) (38,5,5,1) (93,9,3,1) (6,75,5,1) 
(12,22,11,1) (72,34,5,1) (87,68,11,1) (60,62,12,1) (20,44,1,1) (63,59,6,1) (13,8,14,1) (23,5,15,1) (48,37,6,1) (89,7,8,1) (53,6,5,1) (65,25,6,1) (24,20,15,1) (20,74,15,1) (13,37,4,1) (39,8,14,1) (35,17,5,1) (38,0,15,1) (64,75,2,1) (45,44,3,1) 
(40,73,12,1) (36,37,13,1) (72,31,6,1) (47,2,17,1) (0,14,1,1) (83,55,10,1) (88,15,15,1) (95,82,12,1) (28,11,16,1) (57,78,14,1) (8,67,14,1) (35,23,16,1) (13,98,14,1) (10,40,7,1) (81,91,14,1) (13,50,6,1) (65,75,4,1) (16,78,16,1) (11,86,14,1) (38,19,2,1) 
(85,70,17,1) (53,50,17,1) (53,68,15,1) (44,61,4,1) (89,23,4,1) (81,92,4,1) (28,68,4,1) (2,4,11,1) (30,97,14,1) (7,58,9,1) (86,40,5,1) (21,29,5,1) (32,44,12,1) (39,55,11,1) (51,82,10,1) (86,70,14,1) (85,40,8,1) (65,18,5,1) (47,23,15,1) (85,13,8,1) 
(65,15,9,1) (76,2,2,1) (58,52,8,1) (62,71,18,1) (56,23,17,1) (27,39,7,1) (61,76,10,1) (32,23,11,1) (74,15,17,1) (52,23,9,1) (29,94,8,1) (20,82,10,1) (69,13,14,1) (39,18,14,1) (54,41,12,1) (22,65,10,1) (43,42,7,1) (16,68,5,1) (35,27,8,1) (10,44,9,1) 
(17,41,16,1) (34,58,5,1) (22,37,14,1) (17,71,6,1) (11,52,9,1) (59,64,3,1) (36,19,5,1) (5,28,13,1) (7,5,10,1) (82,38,15,1) (48,56,12,1) (29,20,10,1) (70,34,10,1) (8,32,16,1) (64,9,14,1) (54,38,10,1) (43,48,5,1) (45,39,6,1) (95,20,5,1) (59,38,19,1) 
(8,99,10,1) (51,52,7,1) (61,83,10,1) (86,18,16,1) (54,35,11,1) (91,32,10,1) (3,4,8,1) (58,61,9,1) (14,16,13,1) (2,83,10,1) (73,23,12,1) (68,2,13,1) (22,66,11,1) (55,45,16,1) (5,45,14,1) (75,4,3,1) (80,56,17,1) (92,42,11,1) (38,23,7,1) (45,74,2,1) 
(22,62,11,1) (96,78,14,1) (70,24,15,1) (39,80,14,1) (23,78,5,1) (28,87,8,1) (83,29,16,1) (31,3,20,1) (77,37,7,1) (95,67,12,1) (74,79,12,1) (82,42,10,1) (22,26,7,1) (65,64,12,1) (93,82,9,1) (81,63,13,1) (6,17,5,1) (42,11,12,1) (42,26,14,1) (75,6,9,1) 
(1,33,14,1) (68,47,13,1) (18,11,9,1) (7,56,16,1) (47,22,12,1) (44,47,4,1) (21,88,14,1) (79,53,9,1) (6,63,1,1) (62,59,10,1) (4,5,16,1) (46,71,22,1) (33,46,5,1) (39,9,5,1) (43,65,4,1) (96,63,7,1) (5,86,10,1) (79,4,18,1) (90,87,12,1) (53,3,4,1) 
(60,42,13,1) (95,71,14,1) (12,20,1,1) (35,36,6,1) (50,48,2,1) (23,93,5,1) (48,69,13,1) (36,46,8,1) (40,62,10,1) (81,13,14,1) (57,10,11,1) (23,60,14,1) (11,23,13,1) (53,44,15,1) (6,22,11,1) (95,79,20,1) (33,77,15,1) (90,93,5,1) (40,45,11,1) (23,70,13,1) 
(81,97,10,1) (98,19,7,1) (37,91,16,1) (39,34,9,1) (21,89,14,1) (47,5,4,1) (70,21,11,1) (10,16,18,1) (4,56,3,1) (11,3,7,1) (17,50,10,1) (53,99,12,1) (5,57,10,1) (48,47,9,1) (30,43,4,1) (30,7,15,1) (21,52,12,1) (34,83,5,1) (20,42,6,1) (57,82,5,1) 
(76,72,12,1) (98,13,8,1) (73,28,8,1) (74,20,11,1) (9,75,6,1) (71,27,18,1) (85,30,9,1) (32,77,12,1) (57,76,18,1) (70,13,5,1) (47,24,15,1) (86,59,8,1) (97,96,7,1) (89,40,6,1) (2,17,12,1) (46,6,4,1) (79,1,7,1) (29,63,6,1) (92,77,13,1) (7,33,4,1) 
(23,29,10,1) (83,23,7,1) (40,89,15,1) (79,52,8,1) (16,85,18,1) (25,31,6,1) (98,68,12,1) (39,7,11,1) (83,59,8,1) (49,81,6,1) (92,54,11,1) (19,71,11,1) (30,5,14,1) (44,85,11,1) (30,90,11,1) (65,85,6,1) (83,91,7,1) (33,79,7,1) (15,49,6,1) (92,77,11,1) 
(61,6,16,1) (12,14,8,1) (93,61,12,1) (80,13,12,1) (10,78,4,1) (7,73,10,1) (87,4,14,1) (8,19,15,1) (14,93,8,1) (84,23,8,1) (26,4,4,1) (91,47,9,1) (76,71,11,1) (78,86,13,1) (52,54,12,1) (34,89,11,1) (50,12,6,1) (51,72,14,1) (9,76,13,1) (19,86,13,1) 
(70,55,8,1) (64,93,10,1) (38,60,15,1) (67,70,8,1) (48,71,13,1) (53,23,7,1) (13,68,5,1) (1,98,16,1) (80,9,10,1) (75,47,1,1) (13,43,13,1) (0,56,1,1) (24,75,7,1) (60,75,18,1) (96,73,11,1) (63,78,9,1) (71,95,4,1) (99,74,13,1) (11,93,9,1) (82,63,8,1) 
(1,55,13,1) (85,21,12,1) (71,51,12,1) (70,16,17,1) (59,27,14,1) (89,17,13,1) (83,7,9,1) (19,29,18,1) (94,91,11,1) (5,58,16,1) (50,61,9,1) (9,24,11,1) (72,52,10,1) (82,47,12,1) (33,40,16,1) (77,91,4,1) (60,82,9,1) (47,90,4,1) (90,98,13,1) (93,85,6,1) 
(58,48,6,1) (23,43,13,1) (47,2,15,1) (22,93,4,1) (88,59,12,1) (7,16,10,1) (53,2,10,1) (48,53,11,1) (95,1,7,1) (36,41,2,1) (52,17,14,1) (10,92,18,1) (19,29,11,1) (36,52,15,1) (82,14,8,1) (98,31,14,1) (11,25,17,1) (64,88,6,1) (3,90,9,1) (87,95,14,1) 
(69,85,13,1) (30,72,11,1) (69,53,14,1) (29,59,8,1) (58,43,11,1) (39,20,6,1) (51,19,10,1) (23,60,1,1) (99,58,1,1) (30,45,8,1) (14,26,11,1) (2,39,11,1) (33,62,14,1) (21,9,17,1) (74,19,10,1) (79,41,13,1) (32,81,4,1) (52,91,11,1) (1,74,8,1) (86,65,10,1) 
(91,57,12,1) (38,80,7,1) (45,10,7,1) (53,70,9,1) (4,31,10,1) (2,40,9,1) (65,17,13,1) (52,37,4,1) (40,57,4,1) (46,11,9,1) (51,46,11,1) (41,95,9,1) (59,88,20,1) (73,10,9,1) (31,57,11,1) (7,2,10,1) (35,55,15,1) (95,98,3,1) (85,15,9,1) (21,71,11,1) 
(99,85,7,1) (82,7,8,1) (76,24,8,1) (12,96,8,1) (57,49,2,1) (41,69,5,1) (29,26,13,1) (65,41,9,1) (85,75,11,1) (80,26,14,1) (62,11,10,1) (30,24,8,1) (92,16,16,1) (14,11,17,1) (51,19,14,1) (24,14,14,1) (17,28,3,1) (17,77,14,1) (48,67,8,1) (53,0,5,1) 
(50,4,14,1) (4,9,15,1) (68,25,15,1) (30,74,17,1) (54,38,9,1) (97,72,9,1) (49,30,11,1) (68,35,3,1) (33,37,10,1) (49,42,6,1) (23,60,7,1) (97,18,5,1) (16,54,2,1) (44,65,15,1) (58,14,16,1) (84,18,7,1) (94,57,3,1) (59,46,13,1) (22,7,10,1) (71,44,10,1) 
(45,93,17,1) (99,83,6,1) (4,1,6,1) (66,45,13,1) (56,77,11,1) (51,62,17,1) (33,40,12,1) (39,96,12,1) (54,2,4,1) (71,58,9,1) (90,29,14,1) (18,45,8,1) (45,12,10,1) (64,76,13,1) (74,1,4,1) (25,56,11,1) (62,66,14,1) (12,64,13,1) (56,44,11,1) (64,21,15,1) 
(80,9,7,1) (64,60,4,1) (11,44,11,1) (14,95,13,1) (9,5,14,1) (20,94,5,1) (0,36,9,1) (55,76,14,1) (21,31,8,1) (23,14,16,1) (59,44,15,1) (73,79,3,1) (17,98,15,1) (6,39,6,1) (45,97,16,1) (18,16,11,1) (98,52,15,1) (55,60,7,1) (4,41,15,1) (4,60,7,1) 
(33,69,12,1) (91,47,15,1) (57,10,20,1) (47,79,8,1) (65,86,15,1) (47,84,13,1) (50,78,6,1) (64,37,15,1) (15,86,13,1) (92,57,11,1) (22,14,13,1) (29,65,13,1) (9,15,7,1) (30,89,10,1) (31,80,9,1) (10,62,9,1) (58,50,8,1) (65,19,2,1) (46,12,13,1) (80,37,20,1) 
(40,52,18,1) (89,25,18,1) (22,64,11,1) (40,30,6,1) (82,34,16,1) (95,91,14,1) (44,45,6,1) (0,66,16,1) (26,20,7,1) (26,30,9,1) (8,90,7,1) (70,12,11,1) (2,77,9,1) (51,74,10,1) (85,71,11,1) (4,10,18,1) (27,32,8,1) (26,57,17,1) (24,3,5,1) (96,4,14,1) 
(96,66,1,1) (14,9,8,1) (82,46,4,1) (30,8,21,1) (24,51,9,1) (48,87,2,1) (57,59,1,1) (8,65,11,1) (41,4,16,1) (27,72,14,1) (73,22,6,1) (72,34,4,1) (61,9,3,1) (79,18,8,1) (94,61,7,1) (48,63,13,1) (81,71,11,1) (91,21,9,1) (78,49,11,1) (43,41,13,1) 
(46,84,5,1) (44,5,12,1) (26,74,12,1) (74,11,15,1) (47,39,16,1) (42,15,12,1) (87,1,11,1) (40,36,5,1) (19,65,15,1) (3,0,10,1) (89,70,10,1) (29,33,10,1) (18,39,15,1) (0,91,7,1) (82,74,15,1) (46,49,6,1) (59,73,1,1) (21,34,9,1) (26,14,10,1) (76,53,20,1) 
(28,17,11,1) (74,69,20,1) (70,21,8,1) (75,49,11,1) (91,72,16,1) (39,47,10,1) (23,60,8,1) (76,21,2,1) (62,14,12,1) (53,31,15,1) (10,30,10,1) (70,86,12,1) (42,55,9,1) (69,63,13,1) (96,9,18,1) (28,62,15,1) (62,55,9,1) (65,6,9,1) (49,73,11,1) (49,21,11,1) 
(30,81,23,1) (19,11,10,1) (97,94,13,1) (89,47,8,1) (95,38,14,1) (69,6,8,1) (39,63,18,1) (46,20,4,1) (39,41,13,1) (45,78,5,1) (22,38,6,1) (20,6,13,1) (46,15,14,1) (70,55,9,1) (55,27,11,1) (74,13,16,1) (58,2,15,1) (24,63,10,1) (60,99,3,1) (41,94,8,1) 
(73,30,7,1) (7,56,2,1) (88,53,12,1) (94,5,12,1) (94,92,14,1) (31,78,12,1) (50,80,11,1) (70,45,20,1) (77,71,9,1) (64,24,7,1) (91,69,6,1) (35,97,13,1) (82,23,15,1) (64,82,9,1) (98,9,14,1) (96,28,15,1) (31,57,9,1) (67,51,9,1) (28,37,15,1) (23,40,7,1) 
(21,23,7,1) (51,74,11,1) (76,41,10,1) (13,97,1,1) (69,48,10,1) (77,50,11,1) (67,19,10,1) (68,16,11,1) (31,62,19,1) (98,63,5,1) (99,71,8,1) (11,0,6,1) (6,93,8,1) (67,29,10,1) (65,23,10,1) (57,47,8,1) (74,94,12,1) (78,48,7,1) (98,74,15,1) (39,30,9,1) 
(14,74,10,1) (59,40,15,1) (23,46,17,1) (85,55,8,1) (47,1,16,1) (72,40,11,1) (52,89,17,1) (80,83,8,1) (21,50,2,1) (36,64,10,1) (41,85,10,1) (46,72,1,1) (56,82,11,1) (11,14,11,1) (35,52,15,1) (57,64,10,1) (61,60,13,1) (1,29,6,1) (97,22,13,1) (58,9,10,1) 
(30,89,7,1) (29,10,12,1) (81,82,20,1) (52,19,13,1) (78,79,4,1) (81,94,15,1) (3,98,6,1) (96,91,16,1) (5,73,14,1) (88,77,12,1) (60,39,8,1) (88,3,13,1) (28,98,11,1) (57,40,10,1) (83,81,2,1) (81,26,6,1) (51,19,11,1) (37,7,2,1) (93,73,6,1) (88,25,4,1) 
(23,97,4,1) (77,82,20,1) (49,62,19,1) (57,69,7,1) (47,1,16,1) (34,68,5,1) (96,18,9,1) (22,26,12,1) (67,42,17,1) (7,34,20,1) (37,49,11,1) (14,6,12,1) (7,26,10,1) (23,95,10,1) (71,44,9,1) (80,78,5,1) (98,15,18,1) (51,72,8,1) (89,92,22,1) (80,20,15,1) 
(49,86,12,1) (78,85,5,1) (50,41,2,1) (75,1,13,1) (77,70,16,1) (26,8,11,1) (32,67,11,1) (18,40,13,1) (86,57,16,1) (53,73,9,1) (32,5,18,1) (31,7,2,1) (46,16,7,1) (81,46,18,1) (54,56,3,1) (58,71,6,1) (92,85,10,1) (42,54,10,1) (43,31,10,1) (6,21,7,1) 
(98,87,12,1) (52,89,7,1) (41,76,6,1) (19,12,12,1) (52,53,10,1) (46,34,18,1) (10,14,13,1) (65,11,10,1) (5,34,10,1) (83,38,11,1) (75,59,17,1) (99,82,17,1) (46,21,13,1) (36,60,13,1) (55,89,7,1) (5,24,9,1) (2,63,17,1) (58,62,19,1) (18,85,2,1) (32,70,11,1) 
(14,41,5,1) (13,81,20,1) (6,59,14,1) (62,4,16,1) (14,55,8,1) (79,88,11,1) (84,12,12,1) (40,45,17,1) (29,17,16,1) (17,99,7,1) (8,64,17,1) (5,33,17,1) (29,7,17,1) (11,87,4,1) (48,5,7,1) (18,28,7,1) (97,27,9,1) (52,4,9,1) (91,80,9,1) (1,60,8,1) 
(64,2,15,1) (36,84,18,1) (99,17,12,1) (95,82,8,1) (77,6,10,1) (41,75,9,1) (68,50,15,1) (53,35,5,1) (77,85,10,1) (15,43,14,1) (70,2,9,1) (5,60,9,1) (32,98,11,1) (7,54,12,1) (30,6,7,1) (11,66,1,1) (63,88,7,1) (90,67,10,1) (27,49,7,1) (13,31,9,1) 
(28,82,7,1) (60,4,9,1) (68,72,9,1) (23,39,13,1) (57,80,12,1) (4,48,16,1) (55,75,11,1) (54,83,6,1) (31,44,13,1) (43,10,6,1) (65,98,17,1) (67,29,5,1) (22,43,13,1) (35,82,2,1) (60,1,16,1) (14,18,12,1) (76,23,13,1) (17,8,15,1) (53,80,9,1) (13,5,16,1) 
(81,97,3,1) (83,18,9,1) (21,60,5,1) (66,57,15,1) (38,61,14,1) (70,12,10,1) (20,95,7,1) (58,60,12,1) (35,63,5,1) (77,35,19,1) (15,18,6,1) (14,43,11,1) (11,10,15,1) (66,75,18,1) (34,80,7,1) (83,87,8,1) (19,2,10,1) (66,68,10,1) (41,27,12,1) (87,44,7,1) 
(72,3,13,1) (99,90,14,1) (4,82,15,1) (77,13,5,1) (82,20,4,1) (34,44,10,1) (69,46,6,1) (78,47,3,1) (1,42,5,1) (33,35,12,1) (2,27,10,1) (77,69,12,1) (78,14,8,1) (86,12,15,1) (33,90,18,1) (45,40,14,1) (75,54,14,1) (21,92,6,1) (55,35,17,1) (0,57,9,1) 
(68,99,17,1) (73,68,10,1) (84,73,11,1) (88,45,10,1) (96,63,16,1) (48,86,15,1) (53,63,20,1) (13,76,5,1) (96,50,19,1) (56,77,11,1) (80,9,8,1) (57,43,6,1) (15,93,1,1) (95,4,13,1) (17,96,6,1) (63,89,12,1) (3,7,6,1) (12,70,15,1) (48,37,12,1) (60,22,16,1) 
(4,53,8,1) (54,51,4,1) (29,13,14,1) (70,93,8,1) (66,71,13,1) (66,5,6,1) (27,81,17,1) (3,0,7,1) (34,47,6,1) (64,67,7,1) (66,14,10,1) (62,23,10,1) (80,89,15,1) (67,43,9,1) (15,48,4,1) (73,68,6,1) (20,81,16,1) (8,72,11,1) (12,43,17,1) (20,22,10,1) 
(36,90,11,1) (60,43,14,1) (19,98,16,1) (32,12,6,1) (22,53,9,1) (78,70,9,1) (97,37,12,1) (50,63,16,1) (53,10,10,1) (20,37,11,1) (5,22,10,1) (47,64,15,1) (85,74,2,1) (51,40,13,1) (95,36,8,1) (57,23,12,1) (57,79,14,1) (99,88,15,1) (4,23,11,1) (82,36,15,1) 
(5,39,14,1) (25,79,2,1) (99,6,11,1) (1,22,15,1) (54,34,17,1) (40,3,4,1) (3,48,8,1) (49,40,11,1) (21,92,16,1) (91,4,19,1) (79,28,11,1) (2,33,10,1) (70,98,12,1) (9,95,5,1) (57,83,13,1) (95,14,6,1) (47,28,9,1) (43,35,7,1) (24,49,8,1) (27,86,14,1) 
(60,2,3,1) (20,30,18,1) (94,30,8,1) (36,17,17,1) (13,97,10,1) (84,53,14,1) (39,93,10,1) (32,19,2,1) (49,58,7,1) (42,61,6,1) (83,63,9,1) (27,86,15,1) (8,5,9,1) (5,32,14,1) (76,40,6,1) (80,18,10,1) (76,26,5,1) (35,90,12,1) (13,80,7,1) (0,56,18,1) 
(80,57,14,1) (21,17,11,1) (74,37,6,1) (14,48,12,1) (50,15,6,1) (23,12,10,1) (12,1,7,1) (0,69,9,1) (53,23,9,1) (94,63,9,1) (62,37,6,1) (23,30,8,1) (20,37,11,1) (54,90,16,1) (44,25,7,1) (86,24,13,1) (72,16,7,1) (81,57,12,1) (66,35,9,1) (4,24,6,1) 
(29,36,11,1) (0,93,10,1) (5,20,7,1) (69,70,14,1) (17,59,17,1) (27,66,20,1) (94,32,14,1) (47,34,10,1) (37,95,11,1) (83,6,11,1) (8,76,3,1) (74,76,9,1) (83,47,11,1) (82,92,11,1) (23,94,7,1) (25,29,10,1) (71,57,12,1) (29,85,15,1) (59,87,9,1) (34,27,10,1) 
(34,24,9,1) (70,41,5,1) (53,45,11,1) (12,91,5,1) (69,61,17,1) (69,98,10,1) (16,7,10,1) (8,64,12,1) (59,6,4,1) (29,73,8,1) (92,79,7,1) (47,77,16,1) (97,20,5,1) (29,99,15,1) (83,30,7,1) (80,40,10,1) (79,48,5,1) (63,88,18,1) (67,68,5,1) (77,63,15,1) 
(34,66,13,1) (96,73,7,1) (35,80,6,1) (23,36,14,1) (70,96,8,1) (27,19,5,1) (53,71,12,1) (32,6,2,1) (54,18,17,1) (23,19,16,1) (21,14,13,1) (81,10,7,1) (59,14,7,1) (44,45,8,1) (11,27,13,1) (14,88,14,1) (79,50,5,1) (65,53,9,1) (20,11,16,1) (58,16,13,1) 
(36,57,13,1) (17,87,12,1) (86,6,22,1) (36,73,13,1) (22,88,7,1) (69,76,15,1) (42,47,2,1) (18,44,5,1) (31,34,10,1) (35,71,10,1) (98,73,8,1) (60,69,5,1) (17,9,8,1) (84,13,7,1) (35,51,8,1) (23,92,12,1) (94,22,11,1) (41,45,6,1) (22,38,1,1) (57,21,2,1) 
(24,14,12,1) (27,60,6,1) (73,1,10,1) (3,28,8,1) (61,83,8,1) (36,48,16,1) (99,91,15,1) (9,28,14,1) (56,93,3,1) (24,26,9,1) (42,82,11,1) (63,28,13,1) (93,79,2,1) (9,88,11,1) (88,24,7,1) (76,66,20,1) (12,21,16,1) (3,60,15,1) (71,65,10,1) (36,28,15,1) 
(45,94,10,1) (35,18,14,1) (7,61,12,1) (29,44,13,1) (69,31,14,1) (65,27,12,1) (63,42,6,1) (71,38,8,1) (85,16,10,1) (61,27,3,1) (83,80,16,1) (49,54,6,1) (93,62,9,1) (27,88,17,1) (37,25,10,1) (0,77,3,1) (0,79,14,1) (40,46,9,1) (78,67,3,1) (25,26,11,1) 
(35,8,7,1) (71,4,17,1) (77,6,2,1) (83,53,13,1) (98,64,19,1) (63,55,18,1) (13,75,19,1) (60,39,8,1) (15,16,11,1) (67,81,3,1) (74,10,19,1) (16,18,8,1) (36,42,8,1) (43,67,10,1) (51,49,11,1) (14,44,14,1) (57,36,5,1) (50,87,17,1) (36,11,4,1) (27,12,5,1) 
(50,70,11,1) (69,71,16,1) (54,19,6,1) (60,95,17,1) (6,13,11,1) (32,50,18,1) (96,33,10,1) (42,8,7,1) (2,92,10,1) (68,90,15,1) (85,68,2,1) (58,67,12,1) (31,3,13,1) (33,64,20,1) (96,43,12,1) (64,52,24,1) (11,81,14,1) (69,58,6,1) (42,75,18,1) (53,24,10,1) 
(19,59,7,1) (56,51,15,1) (90,54,13,1) (43,65,8,1) (84,13,8,1) (72,84,7,1) (55,2,16,1) (9,76,7,1) (1,53,8,1) (45,40,11,1) (41,16,10,1) (92,59,10,1) (85,43,15,1) (79,18,8,1) (75,19,20,1) (88,84,7,1) (95,88,18,1) (31,56,10,1) (58,39,12,1) (47,4,8,1) 
(30,37,9,1) (28,42,1,1) (14,50,8,1) (20,84,8,1) (39,12,4,1) (44,9,12,1) (86,88,7,1) (56,40,7,1) (29,89,11,1) (45,96,14,1) (37,6,20,1) (81,8,10,1) (61,21,8,1) (75,94,7,1) (4,78,11,1) (0,65,7,1) (23,97,5,1) (99,86,16,1) (89,60,11,1) (87,85,8,1) 
(61,23,4,1) (71,52,18,1) (32,84,12,1) (23,60,10,1) (51,49,15,1) (76,93,11,1) (29,59,9,1) (96,62,10,1) (14,9,20,1) (9,77,10,1) (22,96,10,1) (29,65,12,1) (34,39,2,1) (15,20,8,1) (54,79,9,1) (6,63,9,1) (50,95,4,1) (20,84,8,1) (86,55,11,1) (36,76,11,1) 
(3,8,12,1) (52,39,4,1) (93,73,9,1) (33,21,21,1) (69,49,10,1) (26,43,8,1) (89,83,8,1) (51,12,14,1) (99,79,10,1) (90,92,13,1) (89,79,15,1) (58,20,12,1) (20,94,2,1) (59,12,10,1) (2,66,8,1) (15,40,7,1) (30,0,4,1) (36,84,5,1) (99,95,2,1) (83,63,12,1) 
(38,59,11,1) (0,55,2,1) (37,51,5,1) (33,71,12,1) (5,59,9,1) (12,9,7,1) (17,58,15,1) (48,83,8,1) (31,59,16,1) (10,55,9,1) (9,58,15,1) (4,72,5,1) (40,56,5,1) (38,56,10,1) (98,22,8,1) (77,42,11,1) (40,63,6,1) (79,81,11,1) (33,34,15,1) (11,25,10,1) 
(35,98,11,1) (94,96,12,1) (53,97,12,1) (95,0,9,1) (2,17,4,1) (50,33,10,1) (40,14,8,1) (3,32,23,1) (31,30,5,1) (32,90,4,1) (73,7,11,1) (50,81,13,1) (33,27,5,1) (28,27,23,1) (4,10,14,1) (47,25,21,1) (89,26,12,1) (84,98,5,1) (11,80,7,1) (88,11,11,1) 