8.200000000000001
15.3
25.310000000000002
6.33
21.43
15.280000000000001
10.290000000000001
15.29
14.25
12.3
15.32
11.620000000000003
17.319999999999997
18.3
11.23
12.21
14.29
16.28
5.2
10.440000000000001
11.240000000000002
9.25
16.14
17.23
5.590000000000001
13.08
16.310000000000002
7.200000000000001
13.27
23.3
19.229999999999997
10.240000000000002
18.14
16.259999999999998
19.259999999999998
15.16
15.360000000000001
8.15
7.33
17.209999999999997
22.26
16.27
14.3
14.46
15.579999999999998
13.309999999999999
13.34
15.380000000000003
10.160000000000002
14.200000000000001
4.07
22.17
18.43
14.27
13.319999999999999
15.190000000000001
14.25
16.28
14.13
25.32
16.28
13.219999999999999
6.17
14.190000000000001
18.17
10.530000000000001
15.36
20.24
4.55
18.490000000000002
18.09
19.36
20.39
23.540000000000003
15.500000000000002
18.199999999999996
15.259999999999998
10.340000000000002
12.159999999999998
16.38
13.28
24.419999999999998
18.230000000000004
11.390000000000002
12.09
15.259999999999998
11.410000000000002
15.13
8.06
14.24
15.540000000000001
13.260000000000002
21.229999999999997
13.129999999999999
11.150000000000002
9.26
19.169999999999998
17.27
13.32
11.420000000000002
