0.8502218405610419
0.9870836165873556
0.9225225225225225
0.9332362223840738
0.9443288241415192
0.9170194750211685
0.7935833923095069
0.8213675213675213
0.8732212160413971
0.9273850907686365
0.8732237630542715
0.9969230769230769
0.9792043399638336
0.873355723481668
0.9166158846231972
0.8982035928143712
0.9180202693322227
0.8547288089397655
0.9281145515336532
0.8264641127256716
0.9113629758791049
0.7795927025880356
0.8956989247311828
0.9975650713685978
0.9889624724061811
0.9437523593808984
0.9700643923825182
0.9202898550724637
0.9920634920634921
0.8920710686820472
0.871655328798186
0.881769641495042
0.8806086851918682
0.8485601823078517
0.9127418765972983
0.9369018653690186
0.9117432530999271
0.8701880035810206
0.7780327097305565
0.9632340568736328
0.9176023954657256
0.8699346405228758
0.9625537139349294
0.7965865081509502
0.6955401283264963
0.8685837971552257
0.9524497991967872
0.9805428610995707
0.8266323827333645
0.8898261758691206
0.8099769319492502
0.9316770186335404
0.8647181901399241
0.8221312652592273
0.7541899441340782
0.8876143913752037
0.7286116525882608
0.9044482221277801
0.971001031991744
0.9502824858757062
0.8383935964670163
0.9701361440491876
0.793550135501355
0.886810551558753
0.9080717488789237
0.9501466275659824
0.8812330009066183
0.9168253968253969
0.9404468539510432
0.8855109961190168
0.7635261573509071
0.9565814784281396
0.9035244922341696
0.7972377563124894
0.713764337851929
0.9418247052793439
0.9820659971305595
0.9088050314465409
0.9536073964008586
0.989041095890411
0.8443093549476528
0.8986870897155361
0.8388796450360511
0.8195336664287414
0.7007589668258049
0.7957384276267451
0.8958261667239995
0.9701070612293997
0.8212249043043512
0.8863667916146051
0.8593033913840513
0.7202881152460985
0.8421926910299004
0.9129294518751639
0.9812021857923497
0.8669896311405746
0.9146997929606625
0.9613038505528021
0.9388888888888889
0.9494668521094112
