0.8876433449297771
0.9892014776925263
0.9072276159654801
0.983739837398374
0.9349986569970454
0.8337273443656422
0.8761287040569757
0.9986244841815681
0.9716926632004622
0.9847685998828354
0.8109020742884708
0.7965081276339554
0.8818594896889199
0.9844660194174757
0.9472108843537415
1.0
0.9407733724914341
0.971852708694814
0.9855327468230693
0.9476619476619477
0.8953168044077136
0.9310344827586207
0.9818181818181818
0.89078642209572
0.9417417417417417
0.9872379216043756
0.7938868236266006
0.8361458900381056
0.5749674054758801
0.968321513002364
0.9912554653341662
0.9927943507710044
0.8431175781903328
0.9878502841465805
0.8378299970989266
0.844338552303154
0.9987515605493134
0.9685005393743258
0.9438124784557049
0.8561264822134388
0.9693053311793215
0.7378309137489325
0.9331970006816632
1.0
0.968609865470852
0.8407960199004975
0.9065958388667552
0.782192019515595
0.9554140127388535
0.8812042310821806
0.9285024154589372
0.9067739771965124
0.9310344827586207
0.9046153846153846
0.9865125240847784
0.978319783197832
0.9665980324868451
0.9897070467141726
0.908698001080497
0.8976204759048191
0.9995676610462603
0.8856872933396316
0.9097525473071325
0.862151530699504
1.0
0.7998335414065751
0.9883040935672515
0.8748373666406454
0.8540529613907418
0.867429055484964
0.9036144578313253
0.9128560431100847
0.7839990895641288
0.8352661314302706
0.9025326170376056
0.9893025246041934
0.8756465963169874
0.9607539375161374
0.9936923823386705
0.9686199167467179
0.9541926935453341
0.948440065681445
0.9103169251517195
0.9326226012793177
0.9642184557438794
0.8837920489296636
0.9104377104377105
0.931129476584022
0.8441036874771815
0.9996538594669436
0.9458249384374301
0.9861333333333333
0.990450204638472
0.9447084233261339
0.9369651429764141
0.9888046226074395
0.8533382881208968
0.9417417417417417
0.9708846584546472
0.9775849602313811
