10.32
20.400000000000006
16.36
16.38
15.55
10.530000000000001
10.420000000000002
10.39
8.34
13.19
11.25
18.1
15.359999999999998
7.16
12.299999999999997
15.47
14.339999999999998
13.329999999999998
13.260000000000002
6.65
10.5
12.4
13.389999999999999
18.33
18.389999999999997
13.379999999999999
14.39
16.509999999999998
11.21
14.499999999999998
11.420000000000002
16.56
12.430000000000001
14.58
6.409999999999999
19.789999999999996
9.440000000000003
12.49
9.46
15.109999999999998
17.49
13.510000000000002
15.270000000000001
6.66
10.410000000000002
10.560000000000002
21.52
16.46
10.480000000000002
12.57
6.360000000000001
15.36
14.36
9.33
8.389999999999999
12.51
6.51
12.489999999999998
14.26
14.35
17.319999999999997
13.129999999999999
6.699999999999999
10.25
17.589999999999996
12.32
8.43
9.300000000000002
15.25
10.45
11.559999999999999
14.410000000000002
9.38
8.419999999999998
11.489999999999997
15.35
18.320000000000007
13.500000000000002
21.36
18.360000000000003
10.450000000000001
11.340000000000002
7.550000000000001
10.420000000000002
8.610000000000001
12.38
16.5
20.630000000000003
14.55
14.299999999999997
18.47
12.399999999999999
11.53
15.29
20.349999999999994
13.39
9.350000000000001
18.380000000000003
16.36
15.56
