0.9265651438240271
0.9799157758341431
0.9633447880870561
0.9951447245564893
0.9349986569970454
0.9429590017825312
0.8789542483660131
0.9326047358834244
0.9953932214544258
0.9503578498553373
0.8057321289171406
0.7965081276339554
0.9591209466728139
0.9844660194174757
0.942296918767507
0.997946611909651
0.9807264640474426
0.9812021857923497
0.9634085213032582
0.9130434782608695
0.9667446089893479
0.9629101283880172
0.9895287958115183
0.9052369077306733
0.9590214067278288
0.9853544229642648
0.8987551867219917
0.8482661856083383
0.5749674054758801
0.968321513002364
0.9910860896082571
0.9980660312197818
0.858745180511742
0.9621306699958385
0.9407704297483857
0.8534850640113798
0.9588313413014609
0.9924829692271553
0.9438124784557049
0.8561264822134388
0.9908289241622575
0.7378309137489325
0.9733810091378625
1.0
0.968609865470852
0.8293475051668143
0.9065958388667552
0.782192019515595
0.9634085213032582
0.9033457249070632
0.9238812212463404
0.9548022598870056
0.9310344827586207
0.9046153846153846
0.9765554553651938
0.978319783197832
0.9619619619619619
0.9904761904761905
0.8987864704363543
0.9304826206551637
0.9515072083879423
0.9221382916908774
0.8928939237899073
0.7773019271948608
0.9989680082559339
0.823045267489712
0.9908289241622575
0.8703250040829659
0.8540529613907418
0.8975993201614616
0.9036144578313253
0.9340540540540541
0.7839990895641288
0.8765972982840453
0.91632597437994
0.983739837398374
0.9140148950575491
0.9607539375161374
0.9936923823386705
0.973308504034761
0.9741062801932368
0.9669751406278352
0.953758865248227
0.9628232005590496
0.9619619619619619
0.8837920489296636
0.9104377104377105
0.9784824462061155
0.8491228070175438
0.9512516469038208
0.9827866945801349
0.9742610663272522
0.999479979199168
0.9731285988483686
0.9490196078431372
0.9919632606199771
0.8533382881208968
0.9417417417417417
0.9650249821556032
0.9990557129367328
