0.9057971014492754
0.9520222045995241
0.9580870917573873
0.8306001395673412
0.9726720647773279
0.9715142428785607
0.8265856950067476
0.9107784431137724
0.9905119152691968
0.9063670411985019
0.9735726399095535
0.8249775516312481
0.9420668058455115
0.949438202247191
0.9209233791748527
0.9988479262672811
0.8655544651619235
0.9980506822612085
0.6740898528272656
0.7940203562340967
0.9466769706336939
0.9178470254957507
0.9806590257879656
0.9702970297029703
0.7822224944866454
0.9370122630992196
0.8813460642757336
0.7830540037243948
0.9467496542185339
0.9856001486436269
0.9571197411003236
0.912563359884142
0.9964472700074795
0.9627578304048893
0.9788566953797964
0.9716450216450216
0.9101731601731602
0.843010752688172
0.8424737456242707
0.9917840375586855
0.9604
0.9221311475409836
0.8547008547008547
0.9523809523809523
0.9330572808833678
0.9422850412249706
0.9044467073998642
0.8938836312653348
0.9387417218543046
0.9303816338700059
0.7233218588640276
0.9950450450450451
0.9373007438894793
0.9089347079037801
0.9382140709561034
0.9307862679955703
0.9646118721461188
0.9541732699418912
0.9907216494845361
0.9939844302901628
0.9296138302649304
0.9625231338679827
0.7912087912087912
0.946969696969697
0.9423076923076923
0.7240402193784278
0.9335224469659595
0.991900054914882
0.7768817204301075
0.9428251121076233
0.9968056489576328
0.9729409228115568
0.9707574304889741
0.9228958210712184
0.9452241307080017
0.9876623376623377
0.9863013698630136
0.8458730158730159
0.9727047146401985
0.9721183800623053
0.8344686648501363
0.9967501203659124
0.9852216748768473
0.8384429580081754
0.9499072356215214
0.9631254061078622
0.8274790401850246
0.9588313413014609
0.9568106312292359
0.920591456736035
0.8435435435435436
0.9600313479623824
0.9557657657657658
0.9272818455366099
0.9371772805507745
0.8239022881880025
0.9334889148191365
0.9993321460373998
0.7641509433962265
0.9178791270285395
