0.8426343865408289
0.9896384479717814
0.9266622118275978
0.946870963954444
0.9443288241415192
0.9142126365270289
0.7935833923095069
0.8250859106529209
0.8800521512385919
0.9384384384384384
0.8766319616592299
0.9986704207727202
0.9784758580570099
0.873355723481668
0.9166158846231972
0.907691413965377
0.9488448844884488
0.8553267226036104
0.9305494825827139
0.8131288343558282
0.8949113547164704
0.7795927025880356
0.8796744937259287
0.9915279652121758
0.9795918367346939
0.9423913043478261
0.975104821802935
0.9132664437012263
0.9924398625429554
0.8920710686820472
0.888580674988442
0.8930782217220034
0.8806086851918682
0.8546995377503852
0.9127418765972983
0.9357715977253253
0.9147457006952068
0.8657074340527577
0.7682700127802952
0.9710771840542833
0.9268390459009822
0.8764337851929093
0.9625537139349294
0.789335118250781
0.6943708934000196
0.8821852365541686
0.9602272727272727
0.9764035801464606
0.8280757097791798
0.8744596764233666
0.8099769319492502
0.9325814536340852
0.8647181901399241
0.8467552775605942
0.7169750081142486
0.8895478131949592
0.7402837754472548
0.9289247781172705
0.9723842862699339
0.9598075098278432
0.8352914997774811
0.9576059850374065
0.8007303906001906
0.8878054247926473
0.9017045454545455
0.9501466275659824
0.886052871467639
0.9218181818181819
0.9484988452655889
0.8804992414839332
0.7830071450761106
0.9693678641047062
0.9035244922341696
0.7972377563124894
0.7004912496162112
0.9498091919694707
0.98181143281366
0.9088050314465409
0.9550795593635251
0.9897028537805237
0.8462750954040152
0.9052176378845881
0.8364562118126273
0.8308160268512691
0.7007180912670836
0.7891156462585034
0.902455661664393
0.9778347578347578
0.8179650238473768
0.8992248062015504
0.8498148551513831
0.7230123456790123
0.8486755363778018
0.9202453987730062
0.9831362242663163
0.8822868015914201
0.9146997929606625
0.962179938924125
0.9650300054555374
0.9439231456657731
