0.9685841647208661
0.935374149659864
0.9079661771250557
0.9506788905651619
0.8861423220973783
0.9752380952380952
0.9132868668020416
0.923616636528029
0.9350448157574416
0.9605194805194806
0.9651016821491338
0.9901627486437613
0.9798164207109894
0.9324251658003226
0.9896729776247849
0.8936521354103771
0.941607040052636
0.9682539682539683
0.9149788217173662
0.9239875839168411
0.9492493946731235
0.8611069296000803
0.8801778136997374
0.9630689951331234
0.8054327768956787
0.9109623691481495
0.9136587550380654
0.9039254346657107
0.9907425020607444
0.9742826887196813
0.9769006503700381
0.9589581689029203
0.9960029607698001
0.979439603836269
0.9145161290322581
0.9180386799913725
0.940984940984941
0.9578896651409299
0.8491489768598203
0.9024157470921563
0.9776278712321749
0.9579476861167002
0.8241692616132748
0.9278314616523026
0.927266399860797
0.9400827650521653
0.9945750452079566
0.9550966275104206
0.6623615428396304
0.9540763419090416
0.9011412829594648
0.9111559818273599
0.8185165912820718
0.9802383466586212
0.9908264531732133
0.9842604829989187
0.9224806201550387
0.9803240058910162
0.9700575815738963
0.6696428571428571
0.9295181990321902
0.8602135753242587
0.9647862442586268
0.8103808452514865
0.8808637379002234
0.9929161747343566
0.9602525134440028
0.9325044404973357
0.9631981187536743
0.9248267200074429
0.9308891698272229
0.9460067491563554
0.9375866851595007
0.8710785873369392
0.9345715281581437
0.7388084265964451
0.9651921682378535
0.9282857142857143
0.8464705563681673
0.8037979670632732
0.9506788905651619
0.9642857142857143
0.9876550537123865
0.9917360969992549
0.8844782505348229
0.8768964022540096
0.9709094841570239
0.8128908128908129
0.9417366946778711
0.9422028353326063
0.9196463111356729
0.9729090085099955
0.9690226650833806
0.9603364018638482
0.9325657894736842
0.919890497802752
0.9594882729211087
0.9162303664921466
0.9490185387131952
0.927536231884058
