15.43
17.14
14.09
22.39
16.16
10.049999999999999
13.41
22.310000000000002
17.249999999999996
24.11
18.240000000000002
13.16
22.28
11.100000000000001
15.07
17.069999999999997
19.29
18.290000000000003
20.240000000000002
12.18
15.270000000000001
12.110000000000001
20.119999999999997
12.18
15.17
16.220000000000002
10.270000000000001
21.33
4.23
16.130000000000003
22.18
27.380000000000003
11.22
20.17
16.28
11.240000000000002
13.100000000000001
19.089999999999996
19.15
9.219999999999999
17.129999999999995
7.2299999999999995
18.2
17.99
10.03
12.14
16.22
14.149999999999999
15.25
10.27
20.4
12.11
12.01
8.129999999999999
18.12
17.149999999999995
16.23
16.07
15.18
17.179999999999996
23.15
14.32
12.23
18.39
14.11
7.18
16.01
16.39
13.25
16.169999999999998
12.219999999999999
15.219999999999999
12.54
9.18
21.18
21.080000000000002
23.35
15.090000000000002
19.139999999999997
16.14
20.14
18.39
19.28
20.29
16.18
10.069999999999999
13.15
21.13
9.370000000000001
25.2
18.07
24.139999999999997
21.209999999999997
20.220000000000002
17.179999999999996
21.2
13.26
14.06
13.08
15.04
