42.0
60.0
52.0
54.0
70.0
63.0
52.0
49.0
42.0
32.0
36.0
28.0
51.0
23.0
42.0
62.0
48.0
46.0
39.0
71.0
60.0
52.0
52.0
51.0
57.0
51.0
53.0
67.0
32.0
64.0
53.0
72.0
55.0
72.0
47.0
98.0
53.0
61.0
55.0
26.0
66.0
64.0
42.0
72.0
51.0
66.0
73.0
62.0
58.0
69.0
42.0
51.0
50.0
42.0
47.0
63.0
57.0
61.0
40.0
49.0
49.0
26.0
76.0
35.0
76.0
44.0
51.0
39.0
40.0
55.0
67.0
55.0
47.0
50.0
60.0
50.0
50.0
63.0
57.0
54.0
55.0
45.0
62.0
52.0
69.0
50.0
66.0
83.0
69.0
44.0
65.0
52.0
64.0
44.0
55.0
52.0
44.0
56.0
52.0
71.0
