0.8767139910205072
0.9892014776925263
0.9072276159654801
0.9845401482883736
0.9349986569970454
0.8337273443656422
0.8730512249443207
0.9995676610462603
0.9569377990430622
0.9847685998828354
0.7988766472240225
0.7965081276339554
0.8953317508760031
0.9844660194174757
0.9472108843537415
0.9895322211318286
0.9573469822989976
0.96
0.9818181818181818
0.9607843137254902
0.8953168044077136
0.9310344827586207
0.9818181818181818
0.9030376181854758
0.942296918767507
0.9853544229642648
0.7851632047477745
0.8299373732027874
0.5749674054758801
0.968321513002364
0.9935117599351176
0.9964969011048235
0.8431175781903328
0.9863013698630136
0.8456710882898303
0.844338552303154
0.9987515605493134
0.9685005393743258
0.9438124784557049
0.848209783156833
0.9693053311793215
0.7378309137489325
0.9467787114845938
1.0
0.968609865470852
0.8293475051668143
0.9065958388667552
0.782192019515595
0.9593908629441624
0.8733125649013499
0.9238812212463404
0.9067739771965124
0.9310344827586207
0.9046153846153846
0.9865125240847784
0.978319783197832
0.9628647214854111
0.9948491537895512
0.8987864704363543
0.8888888888888888
0.9984155278272925
0.8856872933396316
0.9067739771965124
0.9172529313232831
0.9989680082559339
0.7936412717456509
0.9908289241622575
0.8681789540012602
0.8540529613907418
0.8796786204193612
0.9036144578313253
0.9077887197851388
0.7713581905721644
0.8352661314302706
0.9025326170376056
0.9893025246041934
0.8762122076440388
0.9607539375161374
0.9936923823386705
0.973308504034761
0.9627822944896116
0.9503578498553373
0.9125068870523416
0.9300661536384501
0.9642184557438794
0.8837920489296636
0.9104377104377105
0.9366651658412126
0.8393285371702638
0.9996538594669436
0.9458249384374301
0.9836257309941521
0.9968909615811681
0.9532309395323094
0.9456032719836401
0.9888046226074395
0.8533382881208968
0.9417417417417417
0.9650249821556032
0.9775849602313811
