35.0
28.0
13.0
22.0
18.0
21.0
33.0
25.0
18.0
24.0
32.0
26.0
19.0
30.0
26.0
27.0
30.0
22.0
13.0
33.0
19.0
23.0
25.0
24.0
16.0
24.0
20.0
25.0
18.0
15.0
28.0
29.0
18.0
16.0
29.0
10.0
26.0
26.0
22.0
22.0
34.0
16.0
17.0
19.0
22.0
23.0
21.0
25.0
26.0
32.0
18.0
13.0
35.0
17.0
28.0
24.0
31.0
18.0
22.0
29.0
19.0
32.0
19.0
29.0
19.0
26.0
14.0
15.0
14.0
20.0
14.0
14.0
30.0
23.0
19.0
28.0
15.0
19.0
32.0
17.0
11.0
34.0
25.0
35.0
30.0
29.0
13.0
20.0
35.0
22.0
23.0
17.0
21.0
21.0
11.0
28.0
27.0
16.0
19.0
19.0
