0.9634297370146426
0.9349783993556418
0.7969924812030075
0.9037026337329674
0.8673066064370413
0.9619337647506662
0.8714662646061063
0.9034882898181561
0.9294782887015897
0.9535478135244763
0.9324985771200911
0.9343389529724934
0.985821844138066
0.7733198243836542
0.9669770820949739
0.8037768612980247
0.934114317163299
0.984255812534326
0.8682170542635659
0.8546002448441473
0.8956888225480727
0.8182349503214494
0.8474296710345459
0.8686371100164204
0.7658643326039387
0.8966859471061152
0.8837390626353634
0.7915296657996761
0.9814885739818716
0.9596282688567106
0.912150547362707
0.912033779028853
0.9787418945116653
0.9610236881895056
0.9152542372881356
0.9059561128526645
0.9070072609570466
0.9064724383380235
0.7968755182593121
0.859508223774685
0.9339857548207772
0.93639546163904
0.8214879961968148
0.9131493506493507
0.8616703047942437
0.784026348291478
0.998020455295282
0.9547363739684736
0.6445154845154845
0.9047922450279889
0.8294382943829438
0.8895752895752895
0.7559714678358747
0.9750900360144058
0.9723549738989781
0.9992794091154746
0.8830090175605125
0.8407920082426197
0.8996960486322189
0.5946175115207373
0.8959594956815249
0.7848370599873082
0.955892034233048
0.7118526242613834
0.8309155538476318
0.9669770820949739
0.899408715964669
0.9539577420372123
0.9293858036042663
0.9071040744627458
0.8764433698778606
0.8216344833897684
0.9426924660354055
0.7966405139276499
0.8617367646402926
0.7217621995337246
0.9008282358036053
0.9358742523299486
0.7869201305149667
0.7619047619047619
0.9640469636537273
0.9615934934859552
0.9594356261022927
0.9805256707067956
0.848400933919748
0.8430950492806163
0.9696727853152434
0.745986932322336
0.9256041602936678
0.9444829338136806
0.8465661641541039
0.9194271911663217
0.9864290894022584
0.9414391602596566
0.9649423318488066
0.8996006144393242
0.915469146238377
0.8320014595876665
0.8946464357286
0.8482180293501048
