36.0
29.0
13.0
23.0
18.0
22.0
34.0
26.0
18.0
24.0
33.0
26.0
19.0
31.0
26.0
28.0
31.0
22.0
13.0
34.0
19.0
23.0
25.0
24.0
16.0
24.0
20.0
26.0
18.0
15.0
29.0
29.0
18.0
17.0
30.0
10.0
26.0
26.0
22.0
22.0
34.0
16.0
17.0
20.0
22.0
23.0
21.0
25.0
26.0
33.0
18.0
13.0
35.0
18.0
28.0
24.0
31.0
18.0
22.0
29.0
19.0
33.0
19.0
30.0
19.0
27.0
14.0
15.0
14.0
20.0
14.0
15.0
31.0
24.0
20.0
28.0
15.0
19.0
33.0
17.0
11.0
35.0
25.0
36.0
31.0
29.0
13.0
20.0
35.0
22.0
23.0
17.0
21.0
21.0
12.0
29.0
27.0
16.0
19.0
20.0
