28.0
45.0
56.0
39.0
64.0
43.0
39.0
44.0
39.0
42.0
47.0
73.0
49.0
48.0
34.0
33.0
43.0
44.0
25.0
54.0
35.0
34.0
30.0
40.0
64.0
21.0
47.0
27.0
40.0
53.0
42.0
34.0
32.0
42.0
45.0
31.0
51.0
23.0
40.0
38.0
48.0
43.0
44.0
60.0
73.0
44.0
47.0
53.0
26.0
34.0
11.0
39.0
61.0
41.0
45.0
34.0
39.0
44.0
27.0
57.0
44.0
35.0
23.0
33.0
35.0
63.0
51.0
44.0
59.0
67.0
27.0
55.0
59.0
77.0
65.0
38.0
41.0
44.0
28.0
54.0
41.0
66.0
41.0
50.0
21.0
41.0
52.0
28.0
14.0
38.0
69.0
39.0
44.0
26.0
26.0
35.0
36.0
44.0
45.0
53.0
