0.8835326586936523
0.7692908989391402
0.9319495319495319
0.9414859252422704
0.9010425020048115
0.9558198810535259
0.8360119047619048
0.7972413793103448
0.9966780654616512
0.8047878128400435
0.8289911851126347
0.9175221238938053
0.924982206405694
0.9160173160173161
0.9330941704035874
0.8103727714748784
0.8521952549768202
0.9635986159169551
0.8954340836012862
0.8717143736534319
0.7820862513822336
0.9047619047619048
0.7389149935924818
0.7636194607995042
0.8441728763040238
0.9563218390804598
0.6463675213675214
0.8928297432871053
0.9814471243042672
0.956787983824379
0.9657319269359403
0.7657163478888488
0.8089210827296989
0.94324569356301
0.8786194531600179
0.8526115859449193
0.904047720494248
0.8482042405884899
0.8098920411749937
0.8585365853658536
0.9104015481373972
0.9256227758007117
0.9947096032202415
0.9137963843958136
0.9499176276771005
0.6697279906405381
0.9142636854279106
0.8804347826086957
0.8836049856184084
0.9230422535211268
0.9262054507337526
0.9990825688073395
0.9528101265822785
0.8138461538461539
0.9240384615384616
0.9574468085106383
0.7994901210962396
0.8573511543134873
0.9781290046988467
0.9372902169463774
0.9115770282588879
0.7560292713967547
0.9996754563894523
0.893594574227581
0.9174603174603174
0.8956652845834904
0.8903328050713154
0.8055248618784531
0.8800585080448562
0.7754465982516153
0.9415753781950965
0.9078510028653295
0.8847244094488189
0.8921093347086126
0.9241758241758242
0.8660751257024549
0.8458586504637032
0.9477674810446504
0.7577636313313036
0.9159224569810499
0.9000937207122774
0.7913605167541381
0.8582976699952449
0.8944876564085221
0.9983367983367983
0.9423057892132608
0.9366180528182894
0.656271186440678
0.967786391042205
0.9592011412268189
0.9991084695393759
0.7283751776409285
0.9390010626992561
0.832887189292543
0.9205113306217315
0.8206672091131001
0.9496049165935031
0.929402390438247
0.8368121442125237
0.8952099349497339
