36.0
23.0
13.0
23.0
18.0
21.0
29.0
26.0
16.0
24.0
32.0
26.0
19.0
31.0
26.0
22.0
31.0
22.0
13.0
33.0
19.0
16.0
22.0
24.0
16.0
24.0
20.0
19.0
18.0
15.0
29.0
29.0
18.0
14.0
24.0
10.0
22.0
23.0
22.0
22.0
30.0
16.0
17.0
20.0
18.0
23.0
21.0
19.0
26.0
33.0
14.0
13.0
35.0
17.0
28.0
24.0
21.0
18.0
14.0
29.0
19.0
28.0
19.0
30.0
19.0
27.0
14.0
15.0
14.0
18.0
14.0
15.0
24.0
24.0
20.0
28.0
15.0
19.0
24.0
17.0
11.0
25.0
25.0
30.0
27.0
21.0
13.0
20.0
32.0
14.0
23.0
13.0
21.0
15.0
12.0
29.0
27.0
16.0
19.0
20.0
