0.8191011235955056
0.9490118577075098
0.9658924919661116
0.8351557322730285
0.9355670103092784
0.9626955475330926
0.7951104100946372
0.9107784431137724
0.9709219858156029
0.921602787456446
0.92
0.7986129115893181
0.9092578275995361
0.9642857142857143
0.9257735352205398
0.9201285855588526
0.8473877176901925
0.9437908496732026
0.6238351254480287
0.6553497942386831
0.9466769706336939
0.9161237785016286
0.9643786597267404
0.9416310033285782
0.7822224944866454
0.9370122630992196
0.8681499342393687
0.7830540037243948
0.9470734744707348
0.9801116538729937
0.9733192289609779
0.8595238095238096
0.9986168741355463
0.9848920863309353
0.9788566953797964
0.9601328903654485
0.8728200371057514
0.843010752688172
0.8350704225352112
0.9827044025157232
0.9719357397857993
0.9304123711340206
0.8547008547008547
0.948645598194131
0.9154717522225408
0.9373007438894793
0.9303816338700059
0.8454733822123047
0.9228813559322034
0.9293201133144476
0.7233218588640276
0.9879248658318426
0.9321251688428636
0.9089347079037801
0.8888888888888888
0.9304430037817396
0.9705882352941176
0.9610208227526663
0.926626323751891
0.9898449612403101
0.9262863534675615
0.9224692019282271
0.7912087912087912
0.946969696969697
0.8673285198555957
0.6621621621621622
0.8862997658079625
0.9951560818083961
0.7382297551789078
0.8898233809924306
0.9954667562122229
0.9315946610467158
0.9748455428067079
0.905386289445049
0.9105351170568562
0.9928198433420365
0.9292149292149292
0.8108007909045971
0.9727047146401985
0.9304123711340206
0.926171654432524
0.9935064935064936
0.9804243873281531
0.800203953561343
0.9499072356215214
0.9651046859421735
0.8234682561685611
0.9581447963800905
0.9381107491856677
0.8309903483004616
0.8352185089974293
0.9600313479623824
0.9501054111033029
0.9272818455366099
0.9307692307692308
0.6798474945533769
0.9925558312655087
0.936768149882904
0.7641509433962265
0.8530078285949733
