64.0
40.0
44.0
40.0
51.0
29.0
66.0
40.0
53.0
47.0
38.0
30.0
50.0
39.0
66.0
44.0
49.0
66.0
58.0
59.0
64.0
44.0
43.0
49.0
73.0
52.0
59.0
61.0
56.0
36.0
70.0
43.0
42.0
40.0
39.0
87.0
45.0
47.0
75.0
48.0
44.0
61.0
36.0
56.0
53.0
58.0
34.0
35.0
45.0
60.0
55.0
61.0
40.0
50.0
62.0
35.0
63.0
49.0
63.0
47.0
40.0
58.0
47.0
34.0
58.0
41.0
24.0
33.0
66.0
65.0
33.0
36.0
46.0
33.0
47.0
53.0
53.0
44.0
70.0
71.0
55.0
54.0
48.0
53.0
48.0
88.0
52.0
43.0
68.0
28.0
26.0
68.0
49.0
23.0
50.0
43.0
56.0
59.0
60.0
26.0
