22.0
25.0
32.0
44.0
30.0
26.0
31.0
36.0
28.0
28.0
32.0
37.0
20.0
32.0
23.0
31.0
18.0
51.0
41.0
26.0
32.0
36.0
30.0
44.0
25.0
29.0
24.0
56.0
37.0
51.0
37.0
25.0
30.0
26.0
34.0
31.0
21.0
29.0
33.0
43.0
22.0
16.0
20.0
15.0
39.0
38.0
25.0
36.0
35.0
54.0
26.0
37.0
53.0
24.0
28.0
39.0
23.0
30.0
21.0
19.0
32.0
24.0
24.0
32.0
50.0
23.0
29.0
46.0
40.0
33.0
34.0
34.0
45.0
20.0
38.0
37.0
21.0
33.0
58.0
27.0
27.0
28.0
16.0
21.0
27.0
44.0
30.0
41.0
20.0
20.0
24.0
45.0
54.0
39.0
25.0
21.0
28.0
27.0
29.0
19.0
