13.51
6.34
14.299999999999999
17.229999999999997
16.35
10.190000000000001
11.55
10.3
19.34
12.35
10.280000000000001
12.18
17.33
12.27
14.519999999999998
5.390000000000001
11.38
18.480000000000004
17.41
8.510000000000002
8.560000000000002
10.34
10.33
13.36
15.58
17.349999999999998
9.5
18.43
19.37
13.23
19.51
6.369999999999999
9.33
11.290000000000003
11.28
14.73
17.279999999999998
12.35
15.600000000000003
9.39
13.310000000000002
14.47
17.189999999999994
11.450000000000001
12.409999999999998
10.480000000000002
12.219999999999999
7.279999999999999
13.319999999999999
18.42
12.43
26.349999999999998
14.26
10.4
21.41
15.2
9.540000000000001
9.399999999999999
19.439999999999998
16.310000000000002
9.31
8.500000000000002
22.250000000000004
9.25
14.44
14.270000000000001
8.159999999999998
10.23
15.510000000000002
5.6000000000000005
14.189999999999998
12.239999999999998
10.360000000000003
14.189999999999998
18.29
13.399999999999999
16.369999999999997
11.330000000000002
13.569999999999999
23.48
8.469999999999999
5.49
9.39
16.37
19.29
20.680000000000007
16.359999999999996
4.390000000000001
15.530000000000003
11.170000000000002
16.099999999999998
12.56
14.35
10.129999999999999
12.38
10.33
15.41
15.440000000000001
9.510000000000002
11.149999999999999
