0.7841797841797842
0.8780577932155791
0.9324878776575904
0.7919619191864553
0.9505129752564876
0.8952108063855915
0.9706655362441713
0.8587662337662337
0.9747730530339226
0.8683487208400874
0.7969303423848878
0.7837611607142857
0.9431027425296766
0.92549104877872
0.9555971896955503
0.8724529133164446
0.7514732777890673
0.8055573716900948
0.9687707641196013
0.9010006387055567
0.8753154972236245
0.865785960227672
0.9905253184545741
0.8579350409294957
0.9673142857142857
0.8686288585786073
0.8441163699522363
0.9295852534562212
0.9761386035895839
0.7926717435508951
0.7032967032967034
0.9738022868721957
0.8199460916442048
0.9101731601731602
0.9917582417582418
0.8968968968968969
0.9537918871252205
0.9021771547867581
0.9608798900137483
0.8861226110134407
0.8738003309431881
0.9197278911564626
0.9058823529411765
0.9283031018568209
0.7980051234534257
0.863960504662644
0.9649266741872629
0.8542169293157436
0.8885255027485909
0.8134222319379167
0.8954982392690587
0.9288500835965076
0.7213816728518413
0.9001147092561546
0.8116883116883117
0.9056929269695227
0.7091492776886036
0.8690659059322654
0.7142857142857143
0.9649502805946638
0.8739749676305567
0.9511712306169581
0.8295090056748088
0.8603636363636363
0.8596676648464565
0.8433985839233653
0.9830429732868757
0.7227447762136229
0.7734593837535014
0.6807504801300044
0.9359439207154944
0.8669159513894791
0.7619585687382298
0.8202129057694835
0.7667687503753078
0.8339279251331368
0.8969902501059771
0.9149706015377658
0.6861380992363361
0.7841775754126352
0.9080715569631088
0.9414877061935886
0.9040178571428571
0.9061994609164421
0.9057109361915927
0.7051457059766159
0.8292059575218119
0.9440013202046317
0.9912174156778474
0.927843137254902
0.9715055833654216
0.7457167508936275
0.8739749676305567
0.8672895831812542
0.9509140148950576
0.7355147645650439
0.9801219188974291
0.9478245331903868
0.8730391899690467
0.9113580916237463
