0.844442272608809
0.8459257349149046
0.844166255550074
0.9447151424287856
0.8953293010752689
0.9390071831708569
0.8810355781448539
0.8623068432671082
0.8889916743755781
0.9780033202535466
0.922945205479452
0.7955571117335823
0.8126515413924489
0.8556663924310983
0.8226246105919003
0.7762991128010139
0.8954414346626536
0.7908611599297012
0.845943186037876
0.7804888810448288
0.7234468937875751
0.9019837358304583
0.9050889171165449
0.817966472303207
0.7851244101244101
0.8395522388059702
0.8585017835909632
0.9197113443681874
0.7983884297520661
0.9509926593259926
0.905688622754491
0.8199886428165815
0.8757465472191116
0.9772779043280182
0.8515202702702702
0.7302590018951358
0.6524240940254652
0.826703783203649
0.8759040105193951
0.7531347962382445
0.9278130671506352
0.9232736572890026
0.9247017892644135
0.9086069210292813
0.9017800882167611
0.8207726409119696
0.8448275862068966
0.896053528810092
0.9206316652994257
0.9278745279060009
0.8761125238397965
0.8100140618722379
0.9269395747855278
0.6703105843890478
0.8548499651081647
0.8570096533567354
0.9792560801144492
0.9013732833957553
0.860025281991443
0.8817358130662851
0.8835868498527969
0.9883040935672515
0.920863309352518
0.8388970002654632
0.8655563186813187
0.9000814922129663
0.9046052631578947
0.6830248281977389
0.7999062393453802
0.7344174757281553
0.9224397590361446
0.9687625350982751
0.9421706891538237
0.9349569171852561
0.8954857248794957
0.8460843373493976
0.9500553622271433
0.904485049833887
0.968681519357195
0.7872329705763805
0.8255933952528379
0.8951375245579568
0.7960526315789473
0.8450479233226837
0.9021362586605081
0.9521193963604083
0.9028187177597642
0.9692365021530308
0.7981712300776461
0.9119649805447471
0.9067220543806647
0.9157134256472005
0.7366567588524167
0.8830091533180778
0.8566433566433567
0.9638133030990174
0.7750175254118472
0.7583382094792276
0.9694300995942456
0.9547198132088058
