0.8232708089097304
0.9490118577075098
0.9590214067278288
0.842503438789546
0.9355670103092784
0.9613370301910044
0.8166666666666667
0.9200806952203601
0.9709219858156029
0.92545820295038
0.92
0.7918555051986137
0.9150119142176331
0.9518147684605757
0.9163319946452476
0.9127789046653144
0.8473877176901925
0.9428520877565464
0.6238351254480287
0.6982758620689655
0.9466769706336939
0.9217638691322901
0.9643786597267404
0.9352657004830918
0.7822224944866454
0.9370122630992196
0.8604444444444445
0.7908958130477117
0.9470734744707348
0.9770471464019851
0.9553530226119059
0.8675200493522517
1.0
0.9890497401633259
0.9788566953797964
0.9601328903654485
0.8734998064266357
0.843010752688172
0.8350704225352112
0.9784345047923323
0.9697092084006462
0.9304123711340206
0.864404432132964
0.9530796048808832
0.9105084244753178
0.9373007438894793
0.9207021791767555
0.8653344208809135
0.9326047358834244
0.9293201133144476
0.7233218588640276
0.9929256594724221
0.9336397925506836
0.9089347079037801
0.8793619142572283
0.9303743618831537
0.9646118721461188
0.9660397074190178
0.9349960722702279
0.9873232149016903
0.9262863534675615
0.9224692019282271
0.7912087912087912
0.9651681537405628
0.8673285198555957
0.6684427394146064
0.8652263374485597
0.9910112359550561
0.7304363291439412
0.8920704845814978
0.9954667562122229
0.9365589423430041
0.9709250112258644
0.8985507246376812
0.9170565302144249
0.9928198433420365
0.9292149292149292
0.8073248407643312
0.9642857142857143
0.93051890941073
0.9237714624037893
0.9905417024935511
0.9804243873281531
0.8059316569954867
0.9423076923076923
0.9690775681341719
0.8234682561685611
0.9525065963060686
0.9381107491856677
0.8076923076923077
0.8352185089974293
0.9637651821862349
0.9421602787456446
0.9272818455366099
0.9307692307692308
0.6798474945533769
0.9906349206349206
0.9530075187969925
0.7561092019854907
0.8530078285949733
