0.9239487516425755
0.907258064516129
0.9617414248021108
0.984260685406238
0.9654255319148937
0.9417308750687947
0.8893223599828987
0.9201231774761186
0.933744635193133
0.9797777441790142
0.9346278317152104
0.9274793388429752
0.8906009244992296
0.9268795056642637
0.9687836383207751
0.8399788285109386
0.9430393912264996
0.9074074074074074
0.896416631842875
0.8549630086313194
0.7881488430268918
0.9405965621840243
0.9048801049082054
0.8425094024237358
0.8443775100401606
0.9247017892644135
0.9192195477753464
0.9668233493659817
0.883336564559907
0.9744360902255639
0.9274809160305344
0.9336019621583742
0.9299743808710503
0.977104532839963
0.9550180831826401
0.9326047358834244
0.8506944444444444
0.9153078329777506
0.9121370067014147
0.8581632653061224
0.9681789205269868
0.9816501591793421
0.949234693877551
0.9477602278612118
0.9388368983957219
0.8472824124232575
0.8560447239692522
0.9276888098062476
0.9715670247547875
0.9428571428571428
0.9234972677595629
0.9046257796257796
0.9718812877263582
0.8153662894580107
0.8717948717948718
0.9335106382978723
0.9981484998101026
0.932526525198939
0.8963414634146342
0.9051838857972417
0.959355131698456
0.967191097467383
0.9532088823816496
0.921526867627785
0.9017045454545455
0.9415833973866257
0.95504158004158
0.7237519300051467
0.8122396819386596
0.8398921523634695
0.962991718426501
0.9945421788893599
0.9715130759651308
0.977906976744186
0.9485735735735735
0.8868613138686131
0.9905933429811867
0.9118611488014473
0.9933520599250937
0.9033297529538131
0.8950639204545454
0.9189678809244026
0.8393195827406353
0.9566481294236603
0.9542214912280702
0.9798045219029675
0.9297138047138047
0.9552925989672978
0.869418052256532
0.9402472527472527
0.9724151234567902
0.967828418230563
0.8364371047083626
0.9488831615120275
0.8470588235294118
0.9728525121555915
0.8341435664046338
0.7823534175574992
0.9692589576547231
0.986302549965541
