0.8535399574597387
0.9902694610778443
0.9758720167846839
0.9758720167846839
0.9587030716723549
0.9109653233364574
0.7935833923095069
0.9644364074743822
0.9060092449922958
0.9486791691873362
0.9404622013317665
0.9963768115942029
0.9739478957915831
0.9272997032640949
0.9685742235265346
0.900225056264066
0.9800547851395309
0.8531523768490593
0.9664063770945176
0.8576491435321913
0.9143932267168391
0.8893632159373889
0.9273057371096587
0.9856140350877193
0.9889466840052016
0.9197604790419162
0.9709219858156029
0.8994440415760213
0.9968200523756079
0.9639928698752228
0.8813141410102625
0.8701933290843424
0.9216940889701402
0.9520640043028102
0.9043314500941619
0.9023475421410291
0.9565361645653616
0.9591233435270132
0.8068762278978389
0.9942178940961656
0.9404718911761165
0.9250737463126844
0.9769470404984424
0.8516678495386799
0.8191892680081656
0.9472660718371082
0.9875881387037574
0.9766712559277956
0.9165205532826807
0.8979885057471264
0.8099769319492502
0.975072463768116
0.9491574665891923
0.9011494252873563
0.8501149425287357
0.9312672848544005
0.8495145631067961
0.9520166898470097
0.9775583482944344
0.973308504034761
0.8826747720364742
0.987146529562982
0.8239039921626256
0.9529983792544571
0.9579448933084732
0.9706814580031695
0.9208103130755064
0.9420082618366699
0.957990646669892
0.9309669330825889
0.8050622846541214
0.978776529338327
0.9145569620253164
0.8385093167701864
0.796201814058957
0.9856140350877193
0.9854413102820746
0.969552012148823
0.9896907216494846
0.9955555555555555
0.8718228031953522
0.908411214953271
0.9185125157572483
0.9306382978723404
0.7388816456613067
0.8985330073349633
0.9505908323594339
0.9865771812080537
0.9385908209437621
0.8963670868916904
0.9350769801521054
0.803719599427754
0.8742017879948915
0.973434004474273
0.9937769562538509
0.945422166352399
0.9025641025641026
0.974978160489205
0.9641334336593931
0.9397930951521712
