45.0
22.0
30.0
19.0
28.0
34.0
26.0
37.0
24.0
40.0
28.0
29.0
34.0
20.0
30.0
25.0
31.0
53.0
28.0
33.0
22.0
19.0
31.0
39.0
29.0
25.0
34.0
24.0
48.0
23.0
25.0
23.0
53.0
24.0
28.0
22.0
36.0
32.0
22.0
29.0
30.0
25.0
32.0
30.0
31.0
29.0
33.0
28.0
25.0
27.0
34.0
28.0
30.0
25.0
45.0
35.0
27.0
25.0
35.0
21.0
26.0
30.0
31.0
32.0
45.0
31.0
16.0
19.0
28.0
27.0
27.0
34.0
46.0
32.0
29.0
20.0
35.0
33.0
32.0
35.0
36.0
26.0
43.0
30.0
34.0
28.0
43.0
39.0
23.0
27.0
45.0
34.0
48.0
27.0
32.0
33.0
32.0
26.0
20.0
30.0
