0.6672239502332815
0.9477692307692308
0.913574479444741
0.963020030816641
0.9432044887780549
0.9372966062296606
0.7975077881619937
0.8729338842975206
0.8888888888888888
0.6637390213299874
0.8558692421991084
0.9637317518248175
0.9689922480620154
0.8833892617449665
0.9737359070720875
0.8744027711419016
0.6876907426246185
0.8294530672579453
0.9480286738351255
0.9490116801437556
0.8759776536312849
0.96
0.9455370650529501
0.9062382739212007
0.8824959481361426
0.8540689886135298
0.9575952170062002
0.8581632653061224
0.6897285790313997
0.8418013856812933
0.8387887413029728
0.9122117400419287
0.8360091743119266
0.9479847494553377
0.8953591299949418
0.925606343283582
0.9737678855325914
0.8732733103108041
0.8074162679425837
0.943078913324709
0.9654936014625228
0.8131720430107527
0.8911725067385444
0.9680020811654526
0.8078734858681023
0.8990342405618964
0.8508403361344538
0.862829209896249
0.9810233558696988
0.9316901408450704
0.9771089161772557
0.9479847494553377
0.9411816891412349
0.8186735653809972
0.9075918762088975
0.9481590995803129
0.8992253521126761
0.9689404197698036
0.9458647906657516
0.896
0.8718770545693623
0.9707958921694481
0.9593579234972678
0.9704968944099379
0.8254583151462244
0.917358803986711
0.8762773722627737
0.8982132808103546
0.8447276940903824
0.9612459546925566
0.9350865512649801
0.9487428719543806
0.9167863296955773
0.8888888888888888
0.9184782608695652
0.9194606413994169
0.8284313725490197
0.9003205128205128
0.9081727205337287
0.9179852320675106
0.9220502194051682
0.8918123739071957
0.8703924914675768
0.9120615486432826
0.9870525514089871
0.8441225560324273
0.929467564259486
0.7504951895868704
0.9086507936507936
0.7758816120906801
0.7878282393456737
0.973364215402432
0.9393659711075442
0.9699265381083563
0.9306851311953352
0.8291940471588712
0.8582347140039448
0.8979885057471264
0.9739130434782609
0.9286624203821656
