0.8644677661169415
0.7692908989391402
0.9319495319495319
0.9329842931937172
0.8981670061099797
0.9456965394853594
0.8445040214477212
0.7539130434782608
0.9815723585378067
0.8024461269656378
0.8203070827142149
0.9
0.9256252265313519
0.9160173160173161
0.9096055684454757
0.8199564270152505
0.8509131156613171
0.9632068718682892
0.852755905511811
0.8717143736534319
0.776627331556909
0.9020489755122438
0.7458563535911602
0.7702431118314425
0.8398069963811822
0.9429816913687882
0.6338397066526977
0.8876023037284025
0.9823129251700681
0.9634671320535195
0.9667267576616019
0.7609847071988064
0.836490364903649
0.9432269995376792
0.8825754164790635
0.8511968734733757
0.9239786856127886
0.8482042405884899
0.8098920411749937
0.8590011614401858
0.9104015481373972
0.9183992191312835
0.9864801864801864
0.8786825251601098
0.9512923607122343
0.6743142144638404
0.9142636854279106
0.8786466999445369
0.8836049856184084
0.9230422535211268
0.9252090800477897
0.9991189427312775
0.9570093457943926
0.8043710539096649
0.9098703888334995
0.9611428571428572
0.7994901210962396
0.8573511543134873
0.9814830690098586
0.9372902169463774
0.9112970711297071
0.7579609400860642
0.9994762112614579
0.893594574227581
0.9115770282588879
0.8993060909791827
0.8499115044247788
0.797011207970112
0.8798336798336799
0.7787842669845053
0.9355327203893997
0.9252090800477897
0.8983388704318936
0.886282722513089
0.9193604449078902
0.8834462729912875
0.8361723786901935
0.9506944444444444
0.7425995929049142
0.9151488028641754
0.8613452914798206
0.7913605167541381
0.8714003944773175
0.8533158240315167
0.9957259585166562
0.9456829724672547
0.9366180528182894
0.719144893111639
0.9692307692307692
0.9633237822349571
0.9984399375975039
0.7353098420413122
0.9390010626992561
0.839344262295082
0.9292817679558011
0.8206672091131001
0.9493718008375989
0.9236789027833804
0.8430241621200312
0.911960542540074
