0.9395472703062583
0.8149828178694158
0.9564932020628223
0.9478672985781991
0.9710819009100101
0.962360992301112
0.8237536656891495
0.8714003944773175
0.9699231613611417
0.7859723698193412
0.8718767198679142
0.9123981900452489
0.9723142250530785
0.9042735042735043
0.9460385438972163
0.8424131627056672
0.9187654320987654
0.9696378830083565
0.8329132690882135
0.8818239392020266
0.9050279329608939
0.9194097616345063
0.8455114822546973
0.876004265908283
0.8341217281614632
0.9805983680870354
0.7689578713968958
0.9396648044692737
0.9773828756058158
0.9794437726723095
0.9660957910014514
0.778816199376947
0.917287488061127
0.9432269995376792
0.930327479829141
0.9060695344725987
0.9689922480620154
0.8482042405884899
0.8809331259720062
0.9096345514950166
0.971127502634352
0.9618181818181818
0.9848202396804261
0.9102370146243066
0.959912216532553
0.8351207531723291
0.9456965394853594
0.9121621621621622
0.8836049856184084
0.9302325581395349
0.9421656050955414
0.9989435457246616
0.9585767392458843
0.9288549618320611
0.9494468655715722
0.9806295399515739
0.8370019723865878
0.8582466567607726
0.99698314108252
0.9785751430057202
0.8903265557609366
0.7560292713967547
0.9988230348886087
0.8962962962962963
0.9135135135135135
0.9641908509591737
0.9883668903803132
0.8199460916442048
0.8537198067632851
0.8452781371280724
0.9563164108618654
0.8952099349497339
0.904818763326226
0.8921093347086126
0.9814471243042672
0.9098039215686274
0.8723864455659697
0.9556719022687609
0.7759668508287293
0.9534020618556701
0.9068915662650603
0.8650292397660819
0.9328599096191091
0.9308858739026337
0.9992916174734356
0.9742265114958842
0.9800461893764434
0.8375683890577508
0.9611633875106929
0.9682299546142209
0.9991084695393759
0.787816411682893
0.9700598802395209
0.9723214285714286
0.9256886611146701
0.8734741784037559
0.9265386509108814
0.958015943312666
0.8632083000798084
0.9510608203677511
