(85,88,12,1) (18,36,21,1) (12,58,16,1) (29,36,13,1) 
(96,36,2,1) (37,13,10,1) (88,96,12,1) (26,15,10,1) 
(50,21,5,1) (4,39,15,1) (85,54,7,1) (47,66,10,1) 
(18,67,1,1) (24,85,8,1) (89,31,5,1) (17,48,7,1) 
(64,38,14,1) (24,72,18,1) (63,8,11,1) (23,65,7,1) 
(35,34,8,1) (88,14,3,1) (8,99,8,1) (34,9,10,1) 
(27,97,3,1) (26,88,13,1) (43,54,11,1) (75,21,13,1) 
(10,54,4,1) (26,79,14,1) (3,16,10,1) (1,19,8,1) 
(13,28,11,1) (81,65,7,1) (27,85,14,1) (69,50,15,1) 
(98,39,5,1) (68,77,13,1) (42,81,18,1) (93,83,14,1) 
(72,69,10,1) (36,98,13,1) (37,75,6,1) (49,95,2,1) 
(89,30,11,1) (24,76,19,1) (72,36,12,1) (95,4,14,1) 
(2,94,3,1) (52,82,11,1) (82,84,13,1) (80,95,20,1) 
(34,76,9,1) (86,59,6,1) (95,81,9,1) (8,24,20,1) 
(37,97,6,1) (58,55,18,1) (29,58,6,1) (95,15,10,1) 
(84,12,4,1) (52,96,11,1) (13,68,12,1) (34,23,5,1) 
(74,53,18,1) (22,45,14,1) (9,24,15,1) (34,95,11,1) 
(3,72,17,1) (57,10,5,1) (10,34,18,1) (85,33,6,1) 
(71,42,4,1) (47,99,9,1) (74,52,6,1) (8,7,16,1) 
(69,66,7,1) (99,5,20,1) (67,36,16,1) (75,1,16,1) 
(32,92,8,1) (4,90,10,1) (75,93,12,1) (94,58,10,1) 
(76,38,7,1) (14,46,3,1) (68,96,16,1) (92,7,13,1) 
(67,90,4,1) (10,21,12,1) (82,14,8,1) (30,75,13,1) 
(70,58,7,1) (51,54,17,1) (55,11,10,1) (51,9,6,1) 
(27,52,15,1) (93,16,1,1) (92,30,5,1) (29,34,12,1) 
(5,22,10,1) (14,46,16,1) (68,61,14,1) (18,43,2,1) 
(10,2,9,1) (74,46,12,1) (79,34,10,1) (98,2,16,1) 
(76,44,8,1) (15,56,3,1) (34,53,5,1) (30,66,12,1) 
(58,36,1,1) (87,84,10,1) (11,82,14,1) (60,10,13,1) 
(57,5,5,1) (70,87,7,1) (28,25,7,1) (65,25,4,1) 
(1,81,6,1) (52,12,12,1) (44,66,15,1) (97,39,12,1) 
(35,44,8,1) (25,53,7,1) (47,32,11,1) (58,93,13,1) 
(28,45,16,1) (43,28,12,1) (50,31,10,1) (23,94,11,1) 
(30,3,7,1) (11,2,4,1) (12,6,16,1) (65,92,6,1) 
(59,80,6,1) (89,7,12,1) (78,81,4,1) (44,10,13,1) 
(30,65,13,1) (94,5,9,1) (41,62,2,1) (25,14,13,1) 
(84,33,10,1) (70,99,20,1) (74,24,15,1) (37,91,6,1) 
(59,38,7,1) (95,0,9,1) (53,54,7,1) (99,40,12,1) 
(5,76,13,1) (8,87,8,1) (33,91,18,1) (8,70,12,1) 
(65,27,11,1) (67,84,18,1) (96,58,9,1) (82,25,18,1) 
(9,19,11,1) (27,20,21,1) (7,53,9,1) (96,86,6,1) 
(99,26,3,1) (97,41,3,1) (66,10,8,1) (94,31,9,1) 
(62,78,9,1) (7,48,10,1) (45,51,9,1) (49,5,11,1) 
(1,6,13,1) (17,65,9,1) (80,3,9,1) (70,56,19,1) 
(59,30,15,1) (98,63,11,1) (98,50,14,1) (97,61,14,1) 
(81,4,15,1) (56,14,14,1) (37,41,10,1) (73,79,13,1) 
(85,26,12,1) (22,93,14,1) (30,25,6,1) (95,56,15,1) 
(99,39,11,1) (12,54,7,1) (58,47,9,1) (80,75,5,1) 
(78,77,3,1) (89,47,10,1) (46,44,21,1) (16,86,6,1) 
(56,73,11,1) (25,46,17,1) (80,82,14,1) (67,7,8,1) 
(0,74,14,1) (83,99,8,1) (10,59,1,1) (3,34,13,1) 
(62,1,14,1) (28,58,9,1) (62,39,9,1) (40,83,3,1) 
(88,23,15,1) (91,47,5,1) (56,33,20,1) (70,10,13,1) 
(7,53,13,1) (4,30,3,1) (29,84,4,1) (41,40,12,1) 
(21,28,16,1) (52,51,15,1) (35,48,6,1) (39,18,11,1) 
(34,7,4,1) (38,21,9,1) (95,47,5,1) (36,50,16,1) 
(86,32,8,1) (31,69,9,1) (20,87,14,1) (12,79,14,1) 
(49,24,15,1) (11,47,3,1) (49,36,17,1) (87,30,3,1) 
(19,2,6,1) (26,87,13,1) (67,63,7,1) (33,7,8,1) 
(12,10,7,1) (1,95,8,1) (12,64,20,1) (32,97,14,1) 
(46,42,18,1) (95,64,15,1) (15,74,9,1) (50,23,11,1) 
(21,22,16,1) (97,90,19,1) (31,19,7,1) (17,18,15,1) 
(26,70,18,1) (54,66,14,1) (75,19,15,1) (71,66,2,1) 
(55,18,13,1) (36,58,4,1) (25,21,8,1) (68,77,11,1) 
(51,84,7,1) (53,64,15,1) (60,4,14,1) (79,53,4,1) 
(99,42,18,1) (24,36,26,1) (78,97,13,1) (12,5,5,1) 
(29,70,4,1) (66,60,9,1) (99,91,10,1) (16,84,5,1) 
(77,53,17,1) (9,92,4,1) (4,75,18,1) (70,1,6,1) 
(59,8,18,1) (85,71,1,1) (73,24,2,1) (97,60,9,1) 
(30,13,13,1) (60,11,15,1) (94,66,14,1) (96,4,6,1) 
(32,14,12,1) (35,92,3,1) (30,2,13,1) (61,9,12,1) 
(26,61,11,1) (65,28,11,1) (62,56,7,1) (17,92,6,1) 
(76,10,9,1) (72,89,13,1) (73,70,14,1) (24,12,6,1) 
(65,62,16,1) (47,17,7,1) (24,42,20,1) (35,57,14,1) 
(74,46,6,1) (71,20,3,1) (15,36,6,1) (48,6,6,1) 
(26,88,7,1) (40,73,5,1) (21,16,13,1) (54,64,8,1) 
(60,97,10,1) (73,69,13,1) (52,24,6,1) (20,4,10,1) 
(55,95,12,1) (38,92,13,1) (92,10,15,1) (46,66,14,1) 
(3,55,15,1) (64,11,24,1) (89,90,10,1) (94,31,7,1) 
(48,14,10,1) (62,8,9,1) (61,88,18,1) (77,66,9,1) 
(59,24,4,1) (49,42,16,1) (60,63,6,1) (95,21,3,1) 
(70,96,9,1) (29,40,3,1) (64,32,1,1) (11,43,6,1) 
(20,75,17,1) (34,75,7,1) (12,2,18,1) (14,61,8,1) 
(98,16,5,1) (69,64,15,1) (79,15,12,1) (81,51,15,1) 
(76,61,8,1) (31,44,15,1) (14,92,20,1) (96,85,11,1) 
(44,91,11,1) (27,87,12,1) (40,45,13,1) (86,29,4,1) 
(86,98,2,1) (45,40,10,1) (62,33,13,1) (97,42,4,1) 
(89,27,10,1) (6,2,9,1) (74,76,5,1) (76,17,9,1) 
(66,56,4,1) (98,25,17,1) (26,9,16,1) (34,6,13,1) 
(9,5,18,1) (19,14,6,1) (7,82,9,1) (65,30,11,1) 
(58,34,10,1) (6,51,20,1) (35,20,12,1) (35,82,13,1) 
(41,51,4,1) (98,96,12,1) (74,9,10,1) (97,59,4,1) 
(45,6,5,1) (31,26,16,1) (4,47,2,1) (4,91,21,1) 
(1,74,11,1) (11,20,10,1) (97,99,13,1) (52,87,6,1) 
(78,53,6,1) (46,77,9,1) (68,46,15,1) (12,42,3,1) 
(36,58,4,1) (94,51,13,1) (95,96,7,1) (41,64,16,1) 
(42,15,18,1) (53,77,15,1) (6,70,15,1) (24,55,10,1) 
(42,49,7,1) (23,46,14,1) (16,31,6,1) (98,29,9,1) 
(86,57,8,1) (98,50,11,1) (10,8,13,1) (22,55,9,1) 
(3,65,13,1) (17,38,6,1) (98,52,7,1) (62,47,12,1) 