(12,34,3,1) (46,16,14,1) (28,4,10,1) 
(23,48,8,1) (39,37,11,1) (43,44,9,1) 
(28,16,13,1) (21,41,14,1) (41,5,8,1) 
(12,28,1,1) (18,31,5,1) (3,7,12,1) 
(47,38,4,1) (25,35,9,1) (46,11,14,1) 
(40,1,14,1) (1,46,8,1) (16,36,9,1) 
(13,21,14,1) (6,19,5,1) (37,0,11,1) 
(11,33,1,1) (8,40,6,1) (1,3,8,1) 
(4,3,8,1) (34,5,6,1) (43,5,4,1) 
(47,45,12,1) (30,12,15,1) (12,42,20,1) 
(47,19,8,1) (10,23,21,1) (42,39,15,1) 
(9,16,12,1) (25,9,9,1) (37,0,13,1) 
(43,12,16,1) (22,26,13,1) (7,21,10,1) 
(24,11,5,1) (5,39,4,1) (9,43,9,1) 
(42,18,18,1) (44,1,10,1) (0,9,9,1) 
(2,10,10,1) (39,34,13,1) (26,13,8,1) 
(21,4,1,1) (1,19,8,1) (7,45,10,1) 
(12,21,6,1) (28,13,13,1) (48,42,6,1) 
(18,21,6,1) (48,10,10,1) (34,44,12,1) 
(17,1,6,1) (25,36,5,1) (47,22,8,1) 
(5,23,4,1) (38,10,10,1) (9,29,9,1) 
(25,24,13,1) (47,8,12,1) (30,14,6,1) 
(36,17,9,1) (46,32,15,1) (48,44,16,1) 
(19,17,18,1) (14,1,6,1) (26,48,13,1) 
(24,1,9,1) (28,4,8,1) (41,6,9,1) 
(3,1,7,1) (47,20,6,1) (48,23,7,1) 
(23,10,5,1) (19,14,4,1) (22,43,17,1) 
(44,24,15,1) (30,40,15,1) (31,12,13,1) 
(29,35,26,1) (29,16,3,1) (9,45,7,1) 
(6,13,17,1) (39,21,7,1) (19,42,11,1) 
(21,48,8,1) (13,38,13,1) (5,26,9,1) 
(0,13,4,1) (33,8,8,1) (12,17,9,1) 
(28,25,4,1) (5,7,20,1) (19,2,14,1) 
(28,18,13,1) (15,7,13,1) (0,26,9,1) 
(22,26,11,1) (42,8,4,1) (13,37,18,1) 
(28,3,17,1) (6,48,3,1) (47,31,6,1) 
(38,2,10,1) (22,30,6,1) (7,47,1,1) 
(42,36,8,1) (41,17,13,1) (39,28,18,1) 
(5,25,15,1) (9,29,13,1) (45,35,12,1) 
(5,0,9,1) (49,47,5,1) (48,15,13,1) 
(47,6,10,1) (29,41,12,1) (39,18,8,1) 
(48,7,22,1) (1,16,6,1) (20,22,14,1) 
(29,20,8,1) (41,26,18,1) (13,1,14,1) 
(20,30,9,1) (39,40,14,1) (2,6,14,1) 
(27,28,3,1) (15,16,9,1) (16,31,11,1) 
(26,41,14,1) (36,42,8,1) (13,36,5,1) 
(49,40,13,1) (28,45,10,1) (46,26,3,1) 
(31,29,19,1) (44,12,6,1) (26,30,13,1) 
(19,23,9,1) (27,31,13,1) (45,1,1,1) 
(43,20,10,1) (46,49,6,1) (21,4,5,1) 
(29,19,18,1) (8,43,4,1) (39,44,12,1) 
(39,24,6,1) (26,22,13,1) (2,26,10,1) 
(33,20,12,1) (16,22,23,1) (9,12,6,1) 
(49,8,15,1) (14,24,2,1) (30,28,4,1) 
(47,5,10,1) (21,44,17,1) (19,36,7,1) 
(13,47,9,1) (43,7,3,1) (29,47,13,1) 
(48,47,12,1) (0,35,5,1) (29,14,10,1) 
(3,9,11,1) (19,41,6,1) (38,25,12,1) 
(11,20,15,1) (31,32,6,1) (40,20,5,1) 
(29,44,9,1) (0,38,16,1) (36,0,8,1) 
(40,0,8,1) (37,8,8,1) (1,21,17,1) 
(11,48,11,1) (20,42,4,1) (43,17,14,1) 
(15,44,5,1) (4,3,3,1) (24,7,9,1) 
(23,13,5,1) (47,12,6,1) (43,11,6,1) 
(36,5,4,1) (10,41,7,1) (17,45,8,1) 
(42,36,14,1) (49,16,6,1) (11,2,18,1) 
(30,26,4,1) (29,27,12,1) (24,5,20,1) 
(30,4,13,1) (34,23,8,1) (22,47,7,1) 
(18,23,8,1) (8,44,10,1) (23,49,9,1) 
(4,20,6,1) (21,14,15,1) (29,13,13,1) 
(26,2,10,1) (23,13,5,1) (16,24,11,1) 
(11,35,13,1) (21,49,11,1) (48,13,17,1) 
(25,12,5,1) (34,45,5,1) (23,2,7,1) 
(6,32,1,1) (20,38,18,1) (29,39,7,1) 
(43,35,19,1) (12,39,12,1) (30,31,14,1) 
(15,18,14,1) (43,42,14,1) (30,26,11,1) 
(13,41,12,1) (41,43,13,1) (12,45,13,1) 
(13,49,11,1) (35,7,13,1) (6,7,13,1) 
(46,43,6,1) (22,17,13,1) (36,11,12,1) 
(33,32,4,1) (1,32,6,1) (40,25,16,1) 
(12,26,11,1) (33,44,17,1) (7,29,11,1) 
(33,3,7,1) (13,8,9,1) (4,42,6,1) 
(33,6,11,1) (34,26,13,1) (41,12,20,1) 
(0,10,11,1) (32,28,11,1) (44,30,12,1) 
(42,14,10,1) (29,5,7,1) (10,30,13,1) 
(27,43,13,1) (49,43,6,1) (16,36,15,1) 
(19,22,4,1) (45,24,19,1) (10,28,1,1) 
(35,13,14,1) (28,44,16,1) (12,26,15,1) 
(30,21,15,1) (14,6,3,1) (37,31,6,1) 
(27,39,17,1) (40,0,3,1) (0,4,11,1) 
(10,7,17,1) (2,10,11,1) (24,22,12,1) 
(32,8,11,1) (14,48,18,1) (12,46,20,1) 
(48,23,7,1) (12,2,7,1) (21,28,11,1) 
(35,3,14,1) (11,41,16,1) (10,39,11,1) 
(32,39,8,1) (17,43,8,1) (26,49,17,1) 
(2,18,13,1) (45,6,13,1) (40,41,7,1) 
(22,11,20,1) (3,15,6,1) (37,0,18,1) 
(20,38,11,1) (6,36,17,1) (9,22,8,1) 
(19,4,7,1) (25,38,18,1) (25,35,6,1) 
(38,24,9,1) (11,16,15,1) (29,47,9,1) 