(30,39,13,1) (21,32,6,1) (28,46,18,1) (17,38,1,1) (5,21,9,1) (41,31,10,1) (47,4,9,1) 
(24,28,14,1) (19,10,9,1) (21,24,9,1) (9,48,10,1) (48,24,10,1) (7,22,17,1) (47,3,3,1) 
(14,19,5,1) (28,20,8,1) (42,41,10,1) (27,7,19,1) (48,23,5,1) (9,40,6,1) (22,35,11,1) 
(0,11,6,1) (19,33,16,1) (22,48,1,1) (3,18,8,1) (3,6,11,1) (11,26,7,1) (11,24,19,1) 
(32,29,4,1) (28,23,13,1) (47,26,12,1) (9,3,6,1) (9,48,6,1) (31,39,11,1) (43,42,3,1) 
(20,33,11,1) (44,38,10,1) (5,1,14,1) (12,11,8,1) (1,29,5,1) (33,18,12,1) (5,23,11,1) 
(37,36,8,1) (35,23,12,1) (6,2,18,1) (49,6,8,1) (47,15,12,1) (11,44,24,1) (46,17,2,1) 
(28,17,8,1) (30,49,18,1) (2,25,5,1) (30,44,6,1) (27,16,8,1) (7,41,11,1) (49,32,19,1) 
(38,17,7,1) (31,32,11,1) (12,38,4,1) (39,29,7,1) (14,3,10,1) (4,21,14,1) (16,31,13,1) 
(47,22,5,1) (20,28,16,1) (19,48,12,1) (49,24,20,1) (43,9,9,1) (16,8,15,1) (18,35,5,1) 
(39,20,14,1) (33,4,12,1) (21,7,8,1) (18,17,7,1) (20,0,6,1) (28,27,5,1) (8,9,14,1) 
(32,15,7,1) (29,27,16,1) (28,38,9,1) (36,48,14,1) (2,34,6,1) (1,49,14,1) (28,29,8,1) 
(5,22,7,1) (14,33,15,1) (29,35,11,1) (4,13,10,1) (10,8,7,1) (1,45,8,1) (19,16,18,1) 
(12,16,14,1) (21,16,6,1) (12,22,12,1) (35,34,11,1) (12,46,4,1) (18,15,8,1) (1,32,6,1) 
(42,46,4,1) (29,23,11,1) (16,29,15,1) (37,46,13,1) (41,35,15,1) (2,12,10,1) (35,29,11,1) 
(0,13,16,1) (21,41,14,1) (11,34,16,1) (47,29,13,1) (9,36,8,1) (34,35,13,1) (5,44,11,1) 
(37,20,2,1) (24,13,9,1) (42,13,15,1) (36,46,10,1) (25,37,6,1) (21,49,7,1) (0,22,12,1) 
(5,43,15,1) (35,3,7,1) (47,36,11,1) (40,26,12,1) (37,46,7,1) (44,26,11,1) (22,39,9,1) 
(4,2,7,1) (44,5,14,1) (8,32,10,1) (27,33,11,1) (40,16,12,1) (25,42,5,1) (35,27,8,1) 
(17,20,11,1) (9,27,12,1) (37,2,12,1) (8,34,7,1) (24,5,14,1) (6,45,13,1) (34,7,16,1) 
(12,3,4,1) (29,9,4,1) (7,1,7,1) (11,2,8,1) (42,30,8,1) (44,0,8,1) (33,29,6,1) 
(16,36,10,1) (10,40,4,1) (17,15,6,1) (14,36,14,1) (23,0,9,1) (35,29,4,1) (13,7,12,1) 
(17,3,9,1) (26,18,20,1) (0,25,6,1) (42,25,5,1) (41,8,21,1) (32,24,10,1) (13,32,6,1) 
(1,6,8,1) (3,23,8,1) (9,40,6,1) (35,41,7,1) (36,8,14,1) (7,20,8,1) (9,16,19,1) 
(21,39,8,1) (45,18,19,1) (20,25,6,1) (15,44,21,1) (44,23,8,1) (46,5,10,1) (20,27,10,1) 
(33,34,5,1) (26,28,10,1) (5,34,14,1) (16,41,8,1) (37,7,8,1) (32,47,11,1) (15,34,21,1) 
(22,29,9,1) (39,22,8,1) (38,22,6,1) (49,1,12,1) (19,26,4,1) (27,16,11,1) (34,46,12,1) 
(47,10,12,1) (49,42,11,1) (14,41,2,1) (6,21,9,1) (6,35,13,1) (30,2,13,1) (46,2,13,1) 
(20,46,11,1) (18,31,9,1) (46,44,15,1) (36,12,12,1) (0,37,10,1) (1,34,5,1) (18,33,7,1) 
(31,16,18,1) (47,4,17,1) (37,44,16,1) (39,44,10,1) (23,10,9,1) (43,19,6,1) (37,25,16,1) 
(15,13,9,1) (26,6,7,1) (10,43,10,1) (23,1,8,1) (7,45,14,1) (12,25,14,1) (20,34,9,1) 
(28,41,17,1) (21,2,15,1) (13,6,12,1) (6,17,8,1) (23,3,4,1) (19,35,14,1) (36,2,7,1) 
(0,5,10,1) (22,3,6,1) (35,15,12,1) (10,26,10,1) (17,36,10,1) (24,10,9,1) (31,17,14,1) 
(42,11,12,1) (46,15,9,1) (48,49,11,1) (40,47,15,1) (14,4,9,1) (24,2,14,1) (48,28,12,1) 
(44,5,10,1) (37,26,10,1) (44,41,18,1) (40,37,11,1) (31,24,10,1) (28,31,14,1) (27,23,9,1) 
(27,36,7,1) (30,0,10,1) (42,7,5,1) (20,0,7,1) (33,31,8,1) (12,47,8,1) (17,33,14,1) 
(25,11,14,1) (29,0,12,1) (41,26,13,1) (48,18,13,1) (14,16,9,1) (42,33,5,1) (48,43,25,1) 
(9,31,9,1) (39,47,23,1) (35,26,13,1) (10,45,11,1) (27,14,15,1) (40,34,10,1) (10,0,5,1) 
(21,14,5,1) (12,3,12,1) (13,44,13,1) (39,27,7,1) (44,5,12,1) (28,29,16,1) (41,9,19,1) 
(38,30,10,1) (17,34,8,1) (3,41,4,1) (23,33,8,1) (36,10,16,1) (27,13,10,1) (0,16,10,1) 
(4,17,1,1) (20,13,4,1) (24,49,19,1) (9,13,17,1) (19,22,12,1) (39,5,8,1) (4,37,6,1) 
(49,31,13,1) (30,11,11,1) (6,14,10,1) (46,5,12,1) (10,38,15,1) (38,11,6,1) (21,7,14,1) 
(0,18,17,1) (36,19,4,1) (14,36,16,1) (42,0,11,1) (46,33,14,1) (31,49,6,1) (25,47,13,1) 
(41,29,10,1) (8,27,23,1) (3,16,18,1) (40,4,14,1) (41,2,1,1) (12,18,16,1) (46,16,13,1) 
(48,22,17,1) (9,1,6,1) (7,13,9,1) (34,16,15,1) (17,29,16,1) (6,17,8,1) (40,12,15,1) 
(0,26,13,1) (18,37,13,1) (5,4,9,1) (15,29,2,1) (11,33,14,1) (25,7,12,1) (48,31,7,1) 
(37,36,6,1) (40,7,7,1) (17,31,6,1) (38,46,15,1) (40,12,7,1) (9,25,13,1) (44,6,14,1) 
(29,8,19,1) (9,10,17,1) (38,31,9,1) (23,36,7,1) (39,18,12,1) (8,12,10,1) (2,48,8,1) 
(20,28,1,1) (47,31,5,1) (36,4,7,1) (11,39,6,1) (14,15,7,1) (46,4,17,1) (31,8,18,1) 
(34,11,11,1) (28,14,15,1) (43,12,10,1) (29,0,6,1) (9,48,12,1) (48,38,14,1) (6,47,8,1) 
(44,14,5,1) (33,37,9,1) (25,46,13,1) (25,14,5,1) (26,15,10,1) (19,46,11,1) (11,32,8,1) 
(42,40,8,1) (29,47,7,1) (5,27,1,1) (39,18,4,1) (26,32,12,1) (1,0,11,1) (14,5,10,1) 
(48,0,5,1) (26,1,10,1) (48,23,12,1) (34,21,12,1) (26,18,11,1) (3,16,9,1) (8,34,10,1) 
(48,40,7,1) (24,11,21,1) (34,2,5,1) (27,11,9,1) (31,7,6,1) (21,44,18,1) (19,12,1,1) 
(27,25,10,1) (34,24,9,1) (35,1,11,1) (41,26,8,1) (9,45,14,1) (27,23,14,1) (21,17,9,1) 
(34,0,8,1) (29,2,9,1) (38,15,14,1) (46,38,12,1) (21,11,7,1) (11,23,19,1) (23,0,11,1) 
(16,2,4,1) (13,2,13,1) (45,6,11,1) (5,44,17,1) (10,15,16,1) (15,33,14,1) (45,41,6,1) 
(41,17,12,1) (30,38,12,1) (48,45,13,1) (28,4,10,1) (42,27,2,1) (12,0,6,1) (12,33,18,1) 
(39,45,5,1) (43,29,5,1) (21,7,10,1) (46,32,17,1) (1,22,5,1) (17,25,18,1) (7,48,16,1) 
(27,2,3,1) (12,45,16,1) (18,47,10,1) (6,15,4,1) (6,9,9,1) (43,39,8,1) (31,28,12,1) 
(41,9,7,1) (28,30,5,1) (20,17,2,1) (1,42,11,1) (27,15,11,1) (13,15,6,1) (3,46,11,1) 
(14,4,8,1) (21,38,7,1) (14,34,13,1) (11,31,13,1) (9,13,9,1) (3,47,11,1) (8,24,18,1) 
(9,7,7,1) (15,28,18,1) (7,19,5,1) (34,48,15,1) (27,38,13,1) (36,4,14,1) (9,39,17,1) 
(11,37,13,1) (3,34,13,1) (24,34,7,1) (4,12,12,1) (36,1,5,1) (15,35,15,1) (6,16,3,1) 
(25,48,7,1) (23,14,9,1) (35,5,16,1) (39,4,4,1) (23,27,6,1) (17,41,10,1) (20,44,2,1) 
(2,18,8,1) (28,33,8,1) (19,4,14,1) (30,40,13,1) (40,41,12,1) (1,28,14,1) (30,49,12,1) 
(35,22,12,1) (49,4,8,1) (10,34,7,1) (44,38,10,1) (6,36,9,1) (36,27,9,1) (15,49,12,1) 
(46,29,2,1) (27,45,7,1) (44,6,14,1) (39,23,13,1) (8,44,10,1) (37,6,9,1) (22,19,15,1) 
(46,41,10,1) (7,14,11,1) (25,44,13,1) (42,23,7,1) (27,46,15,1) (35,5,10,1) (21,7,18,1) 
(14,16,11,1) (25,1,18,1) (39,25,12,1) (17,16,14,1) (4,43,14,1) (28,2,13,1) (1,13,16,1) 
(29,16,14,1) (42,34,14,1) (1,32,13,1) (36,9,18,1) (40,23,9,1) (38,46,16,1) (20,9,6,1) 
(38,17,17,1) (25,46,18,1) (6,49,9,1) (30,37,13,1) (22,37,17,1) (14,35,3,1) (5,25,9,1) 
(24,26,13,1) (49,32,6,1) (49,24,14,1) (11,0,1,1) (46,18,7,1) (22,7,10,1) (16,28,9,1) 
(25,31,2,1) (8,30,10,1) (9,41,12,1) (34,47,15,1) (4,47,4,1) (4,45,12,1) (33,36,6,1) 
(2,27,11,1) (7,34,7,1) (40,11,15,1) (5,24,6,1) (6,26,9,1) (41,11,11,1) (45,5,7,1) 
(34,17,9,1) (6,5,9,1) (8,43,16,1) (42,2,6,1) (6,41,12,1) (7,14,11,1) (43,5,10,1) 
(24,8,18,1) (6,32,19,1) (3,21,13,1) (20,30,7,1) (3,33,5,1) (34,27,1,1) (34,32,9,1) 
(44,1,10,1) (11,25,9,1) (24,32,8,1) (22,44,13,1) (49,42,12,1) (17,12,6,1) (22,11,7,1) 
(28,35,10,1) (27,32,14,1) (44,14,11,1) (21,1,8,1) (24,45,12,1) (16,14,7,1) (43,18,12,1) 
(19,22,1,1) (31,22,3,1) (14,24,13,1) (28,6,13,1) (44,31,13,1) (3,5,14,1) (33,16,5,1) 
(49,20,13,1) (0,7,8,1) (17,32,10,1) (5,30,14,1) (3,24,13,1) (5,10,9,1) (40,8,5,1) 
(12,17,10,1) (15,3,8,1) (3,4,3,1) (43,14,16,1) (17,38,7,1) (30,17,14,1) (38,15,9,1) 
(7,33,14,1) (43,8,3,1) (30,43,18,1) (30,31,1,1) (26,9,13,1) (0,42,7,1) (34,37,15,1) 
(2,15,10,1) (1,18,3,1) (19,20,17,1) (27,28,8,1) (44,43,12,1) (19,10,10,1) (19,40,16,1) 
(27,1,9,1) (38,40,7,1) (35,44,9,1) (28,34,21,1) (3,24,4,1) (41,30,15,1) (38,1,8,1) 
(13,46,16,1) (48,42,15,1) (4,40,11,1) (7,15,3,1) (5,22,4,1) (42,15,10,1) (43,28,1,1) 
(47,12,9,1) (20,40,11,1) (21,36,16,1) (0,14,13,1) (17,36,14,1) (47,42,13,1) (12,48,12,1) 
(48,36,13,1) (15,38,8,1) (38,39,22,1) (15,8,6,1) (33,0,19,1) (30,42,7,1) (27,48,13,1) 
(4,41,7,1) (16,4,7,1) (9,14,8,1) (40,2,10,1) (26,2,6,1) (14,4,21,1) (42,35,8,1) 
(1,21,4,1) (45,15,11,1) (22,6,11,1) (9,30,12,1) (29,11,18,1) (18,23,16,1) (30,48,14,1) 
(3,32,12,1) (37,49,20,1) (2,20,13,1) (11,39,6,1) (47,14,3,1) (24,12,19,1) (26,30,17,1) 
(43,33,8,1) (37,1,13,1) (19,33,12,1) (22,43,9,1) (5,11,10,1) (43,35,7,1) (49,24,9,1) 
(4,33,11,1) (5,21,4,1) (40,49,16,1) (35,42,10,1) (24,48,13,1) (10,8,10,1) (28,18,14,1) 
(11,41,13,1) (46,43,14,1) (16,6,15,1) (46,23,12,1) (22,39,12,1) (4,39,12,1) (30,47,14,1) 
(20,13,15,1) (19,28,12,1) (47,38,3,1) (21,48,14,1) (29,13,20,1) (46,6,10,1) (27,11,5,1) 
(19,44,5,1) (44,23,8,1) (25,28,14,1) (3,5,14,1) (37,47,11,1) (6,9,14,1) (45,13,3,1) 
(40,10,12,1) (12,24,16,1) (5,0,17,1) (34,5,7,1) (22,10,16,1) (33,11,5,1) (25,45,5,1) 
(48,45,11,1) (20,30,8,1) (6,17,4,1) (33,4,13,1) (39,49,12,1) (31,43,19,1) (44,26,5,1) 
(38,44,11,1) (42,32,8,1) (40,38,15,1) (21,28,6,1) (44,6,9,1) (20,24,11,1) (4,12,6,1) 
(3,49,10,1) (43,11,10,1) (19,24,19,1) (22,31,2,1) (24,22,14,1) (38,13,2,1) (35,3,7,1) 