(42,48,12,1) (88,95,9,1) (28,40,3,1) (98,83,20,1) (78,3,6,1) (48,13,22,1) (86,43,17,1) 
(47,76,9,1) (99,61,18,1) (86,72,11,1) (2,85,9,1) (79,9,13,1) (44,84,19,1) (12,44,10,1) 
(50,93,5,1) (42,76,11,1) (96,18,6,1) (44,85,6,1) (40,43,11,1) (67,98,6,1) (52,63,11,1) 
(40,22,16,1) (0,77,1,1) (73,28,9,1) (74,25,4,1) (73,11,6,1) (62,95,8,1) (0,1,8,1) 
(52,30,8,1) (23,72,7,1) (23,27,15,1) (93,76,13,1) (43,66,12,1) (26,9,18,1) (91,1,8,1) 
(93,77,21,1) (27,98,6,1) (3,18,10,1) (98,60,2,1) (96,94,7,1) (98,1,9,1) (33,39,9,1) 
(41,33,5,1) (99,38,10,1) (77,0,7,1) (40,42,7,1) (91,92,13,1) (79,2,5,1) (13,84,2,1) 
(71,27,15,1) (8,48,6,1) (60,38,10,1) (6,81,10,1) (6,3,6,1) (41,52,11,1) (55,48,11,1) 
(7,9,6,1) (70,53,21,1) (83,18,11,1) (82,28,12,1) (66,24,10,1) (87,36,9,1) (90,45,22,1) 
(8,52,16,1) (79,99,15,1) (16,97,17,1) (76,39,10,1) (47,14,8,1) (50,25,19,1) (85,41,12,1) 
(50,95,7,1) (37,4,10,1) (18,51,9,1) (63,78,14,1) (43,22,8,1) (34,44,11,1) (9,28,8,1) 
(6,34,16,1) (47,79,11,1) (70,51,14,1) (53,75,6,1) (13,90,14,1) (58,56,15,1) (14,92,13,1) 
(12,88,15,1) (0,27,11,1) (78,95,12,1) (60,10,8,1) (46,36,1,1) (85,74,16,1) (80,94,10,1) 
(92,62,4,1) (0,45,12,1) (6,25,13,1) (2,26,13,1) (94,46,5,1) (73,13,9,1) (55,14,16,1) 
(74,92,10,1) (74,93,10,1) (9,47,19,1) (67,34,9,1) (51,38,19,1) (3,48,5,1) (23,9,13,1) 
(50,0,14,1) (14,35,9,1) (29,53,9,1) (73,45,7,1) (47,38,12,1) (92,52,15,1) (57,40,11,1) 
(19,55,6,1) (2,0,9,1) (71,74,11,1) (11,18,4,1) (33,45,12,1) (68,33,11,1) (82,21,10,1) 
(65,38,8,1) (9,10,11,1) (36,64,11,1) (72,36,10,1) (92,71,13,1) (53,1,17,1) (99,90,17,1) 
(45,86,2,1) (97,71,9,1) (84,99,11,1) (63,76,7,1) (10,73,23,1) (55,30,15,1) (5,41,8,1) 
(57,25,19,1) (2,11,6,1) (6,15,7,1) (87,59,6,1) (9,16,8,1) (51,90,11,1) (94,97,8,1) 
(76,59,8,1) (10,39,16,1) (92,49,11,1) (70,42,12,1) (57,83,13,1) (26,39,18,1) (65,52,9,1) 
(26,23,10,1) (6,58,6,1) (50,38,9,1) (71,31,19,1) (49,53,10,1) (93,50,5,1) (13,69,6,1) 
(76,14,7,1) (0,61,3,1) (8,77,11,1) (41,42,13,1) (23,45,11,1) (30,27,15,1) (62,55,17,1) 
(64,59,17,1) (70,64,7,1) (96,26,14,1) (55,70,13,1) (16,1,13,1) (23,53,10,1) (93,97,10,1) 
(7,4,9,1) (98,44,13,1) (47,30,7,1) (43,0,10,1) (42,81,10,1) (37,91,6,1) (55,17,7,1) 
(90,55,20,1) (86,11,12,1) (45,48,2,1) (35,77,2,1) (58,27,15,1) (5,67,12,1) (36,84,16,1) 
(7,95,19,1) (89,38,9,1) (79,44,4,1) (45,53,15,1) (39,23,14,1) (68,49,15,1) (12,46,17,1) 
(31,79,10,1) (78,69,3,1) (68,14,14,1) (54,86,21,1) (79,62,9,1) (59,71,11,1) (79,5,14,1) 
(85,95,7,1) (0,66,9,1) (0,62,14,1) (5,6,18,1) (59,86,22,1) (45,95,4,1) (49,68,12,1) 
(22,5,15,1) (86,42,11,1) (94,31,14,1) (99,87,11,1) (47,35,4,1) (96,28,17,1) (76,89,10,1) 
(63,12,10,1) (14,44,12,1) (49,85,17,1) (3,35,6,1) (23,61,11,1) (71,17,4,1) (10,47,17,1) 
(6,21,11,1) (7,72,12,1) (67,94,8,1) (24,8,10,1) (83,85,2,1) (67,13,13,1) (60,49,25,1) 
(28,2,2,1) (14,41,3,1) (51,5,1,1) (15,4,6,1) (26,11,9,1) (13,7,17,1) (88,91,3,1) 
(79,65,11,1) (83,64,3,1) (73,70,9,1) (95,76,6,1) (31,68,11,1) (2,92,13,1) (39,29,15,1) 
(32,50,9,1) (12,59,17,1) (20,4,19,1) (45,23,9,1) (22,28,8,1) (49,38,11,1) (80,24,12,1) 
(65,28,14,1) (26,60,10,1) (67,3,8,1) (42,68,6,1) (49,2,9,1) (46,2,7,1) (80,23,3,1) 
(55,8,8,1) (68,71,4,1) (18,53,10,1) (22,82,2,1) (86,82,16,1) (16,50,18,1) (23,41,3,1) 
(66,65,2,1) (92,11,12,1) (10,43,9,1) (70,98,12,1) (35,86,16,1) (54,91,8,1) (40,69,3,1) 
(96,36,19,1) (30,95,12,1) (81,20,13,1) (59,70,5,1) (71,79,10,1) (43,12,14,1) (23,36,6,1) 
(7,95,7,1) (10,33,7,1) (87,44,15,1) (39,27,4,1) (92,32,13,1) (72,80,3,1) (14,39,20,1) 
(44,42,13,1) (47,3,22,1) (71,55,2,1) (40,93,7,1) (62,48,12,1) (85,98,6,1) (4,48,3,1) 
(14,48,11,1) (19,40,7,1) (57,78,12,1) (7,36,9,1) (39,7,13,1) (31,71,6,1) (1,81,4,1) 
(1,9,4,1) (36,63,8,1) (0,20,14,1) (34,29,11,1) (22,73,8,1) (74,54,14,1) (36,12,14,1) 
(64,18,7,1) (42,97,10,1) (60,79,8,1) (63,4,6,1) (13,91,2,1) (61,45,9,1) (94,93,16,1) 
(90,61,15,1) (97,40,8,1) (60,81,15,1) (77,54,12,1) (23,36,19,1) (46,93,11,1) (65,29,6,1) 
(30,78,9,1) (11,64,9,1) (78,77,18,1) (5,49,13,1) (17,86,13,1) (65,44,8,1) (80,35,7,1) 
(40,56,12,1) (92,2,14,1) (56,61,11,1) (55,54,6,1) (51,66,3,1) (3,15,13,1) (89,51,11,1) 
(96,46,9,1) (22,65,9,1) (72,83,8,1) (77,32,7,1) (64,21,10,1) (16,83,7,1) (77,24,9,1) 
(24,52,6,1) (73,60,9,1) (31,60,6,1) (21,17,15,1) (98,62,14,1) (0,86,11,1) (86,33,18,1) 
(36,64,7,1) (47,28,15,1) (55,76,7,1) (82,19,13,1) (34,45,8,1) (62,77,8,1) (89,53,2,1) 
(10,23,7,1) (88,26,12,1) (29,8,12,1) (65,91,10,1) (20,60,7,1) (48,19,11,1) (34,58,8,1) 
(26,25,4,1) (46,43,5,1) (35,25,14,1) (25,89,11,1) (66,58,11,1) (14,93,13,1) (98,13,7,1) 
(78,34,12,1) (16,65,3,1) (77,97,7,1) (37,29,8,1) (6,8,11,1) (52,21,11,1) (92,62,7,1) 
(31,52,7,1) (23,39,13,1) (79,68,11,1) (46,5,6,1) (45,69,12,1) (37,43,18,1) (94,9,7,1) 
(64,52,14,1) (33,83,11,1) (67,85,13,1) (55,56,21,1) (68,55,13,1) (58,78,9,1) (62,9,10,1) 
(26,59,3,1) (66,85,8,1) (30,42,9,1) (85,43,13,1) (53,66,13,1) (47,92,18,1) (36,16,7,1) 
(51,87,5,1) (98,62,11,1) (40,96,11,1) (71,7,6,1) (38,45,15,1) (91,6,6,1) (99,5,6,1) 
(73,64,17,1) (59,31,10,1) (62,28,5,1) (50,12,11,1) (26,56,15,1) (29,12,3,1) (54,31,8,1) 
(68,89,12,1) (37,69,7,1) (81,26,13,1) (88,5,5,1) (84,38,13,1) (30,35,8,1) (74,89,9,1) 
(97,14,4,1) (24,9,8,1) (71,29,16,1) (87,7,13,1) (25,13,6,1) (60,91,7,1) (68,49,3,1) 
(85,30,18,1) (66,92,4,1) (61,97,6,1) (30,25,18,1) (15,36,14,1) (13,41,8,1) (31,30,4,1) 
(49,38,9,1) (42,11,12,1) (70,12,16,1) (94,92,8,1) (2,18,17,1) (95,63,3,1) (1,94,9,1) 
(5,12,17,1) (4,21,6,1) (68,87,13,1) (32,66,15,1) (92,4,21,1) (96,57,13,1) (1,88,18,1) 
(3,52,7,1) (67,93,8,1) (56,32,13,1) (84,58,6,1) (90,77,8,1) (0,90,11,1) (14,17,9,1) 
(59,8,7,1) (14,59,6,1) (34,28,7,1) (99,59,12,1) (45,83,10,1) (80,53,14,1) (91,2,11,1) 
(72,36,12,1) (54,50,12,1) (86,3,4,1) (9,56,5,1) (80,71,6,1) (26,45,8,1) (58,24,10,1) 
(32,33,13,1) (1,74,15,1) (1,54,3,1) (32,59,13,1) (32,90,24,1) (43,63,12,1) (36,41,9,1) 
(49,62,5,1) (75,25,14,1) (8,30,11,1) (83,66,8,1) (52,60,10,1) (10,18,15,1) (45,35,16,1) 
(86,30,8,1) (89,4,9,1) (21,20,15,1) (95,89,7,1) (13,75,4,1) (63,10,7,1) (92,18,9,1) 
(98,48,13,1) (9,44,7,1) (50,4,15,1) (3,9,7,1) (13,42,5,1) (46,88,4,1) (30,20,8,1) 
(97,30,7,1) (30,75,16,1) (81,95,12,1) (37,1,9,1) (29,37,6,1) (47,51,6,1) (61,26,16,1) 
(7,4,15,1) (83,66,6,1) (0,57,13,1) (37,3,14,1) (30,15,13,1) (40,75,17,1) (72,33,9,1) 
(59,98,16,1) (56,21,14,1) (65,97,7,1) (86,2,9,1) (19,39,21,1) (26,37,8,1) (69,1,10,1) 
(97,5,13,1) (83,12,8,1) (79,60,10,1) (79,58,8,1) (57,82,13,1) (55,61,14,1) (60,39,9,1) 
(70,40,5,1) (85,83,9,1) (11,54,8,1) (70,63,4,1) (68,29,17,1) (13,58,11,1) (2,90,4,1) 
(84,98,5,1) (97,96,9,1) (38,0,11,1) (46,51,8,1) (50,33,7,1) (50,61,12,1) (29,31,8,1) 
(32,75,11,1) (24,69,4,1) (78,24,12,1) (12,97,14,1) (56,44,11,1) (8,54,14,1) (96,51,11,1) 
(68,94,8,1) (82,7,16,1) (77,61,10,1) (28,4,6,1) (60,82,17,1) (94,70,19,1) (2,50,10,1) 
(2,71,3,1) (11,46,11,1) (49,90,7,1) (25,51,20,1) (97,17,12,1) (9,40,12,1) (55,33,9,1) 
(68,65,8,1) (21,4,13,1) (94,1,8,1) (26,92,13,1) (1,0,14,1) (68,45,14,1) (40,16,15,1) 
(34,48,11,1) (72,95,11,1) (91,23,11,1) (40,17,5,1) (97,51,17,1) (84,53,13,1) (19,13,3,1) 
(18,6,11,1) (3,36,9,1) (76,20,9,1) (80,10,11,1) (94,43,12,1) (6,83,4,1) (60,90,9,1) 
(82,35,1,1) (31,5,19,1) (41,20,9,1) (77,9,11,1) (97,2,16,1) (75,56,10,1) (65,22,14,1) 
(2,44,12,1) (28,19,2,1) (38,27,13,1) (90,92,18,1) (80,37,9,1) (16,89,6,1) (83,20,11,1) 
(57,22,10,1) (4,43,2,1) (55,32,10,1) (40,64,7,1) (87,23,10,1) (78,57,9,1) (5,89,10,1) 
(20,66,9,1) (20,16,17,1) (92,53,6,1) (25,52,9,1) (2,47,15,1) (73,92,9,1) (50,40,11,1) 
(89,5,5,1) (38,77,9,1) (86,67,13,1) (21,80,7,1) (89,91,10,1) (72,71,5,1) (87,38,8,1) 
(79,68,13,1) (37,98,12,1) (13,42,7,1) (89,88,14,1) (80,22,12,1) (53,48,14,1) (95,8,7,1) 
(85,51,15,1) (67,2,18,1) (32,17,2,1) (92,36,3,1) (21,77,10,1) (83,74,11,1) (13,84,11,1) 
(83,23,4,1) (60,99,15,1) (23,81,3,1) (55,43,14,1) (67,47,9,1) (69,1,8,1) (75,60,9,1) 
(21,48,15,1) (48,90,9,1) (35,82,17,1) (53,30,9,1) (37,52,18,1) (40,35,19,1) (30,46,10,1) 
(34,91,4,1) (39,14,17,1) (70,95,11,1) (3,61,12,1) (15,1,13,1) (84,35,13,1) (35,47,16,1) 
(95,7,9,1) (90,74,8,1) (54,7,6,1) (8,89,11,1) (57,60,15,1) (26,62,9,1) (83,24,7,1) 
(87,54,5,1) (42,66,15,1) (91,35,4,1) (89,9,13,1) (62,71,9,1) (80,91,12,1) (0,62,8,1) 
(23,91,17,1) (58,75,11,1) (52,72,8,1) (27,0,15,1) (52,58,4,1) (21,1,23,1) (58,74,10,1) 
(79,50,8,1) (67,13,13,1) (35,34,14,1) (22,37,12,1) (36,16,8,1) (38,31,11,1) (38,36,5,1) 
(84,39,21,1) (66,34,4,1) (44,96,3,1) (53,19,6,1) (49,99,5,1) (57,53,6,1) (70,48,17,1) 
(59,28,16,1) (12,97,5,1) (86,53,13,1) (71,78,11,1) (32,92,16,1) (39,29,11,1) (40,8,7,1) 
(27,5,5,1) (38,74,9,1) (32,18,5,1) (54,5,10,1) (43,78,15,1) (77,42,14,1) (99,47,10,1) 
(43,40,9,1) (18,55,7,1) (98,67,11,1) (54,23,13,1) (79,89,10,1) (51,31,9,1) (53,62,12,1) 