(48,39,7,1) (22,44,6,1) (28,7,11,1) (29,22,2,1) 
(26,15,8,1) (45,38,10,1) (31,22,18,1) (35,28,17,1) 
(33,31,20,1) (35,1,16,1) (13,4,13,1) (37,4,10,1) 
(27,20,10,1) (31,16,5,1) (1,12,14,1) (41,48,3,1) 
(40,37,8,1) (30,1,14,1) (35,5,11,1) (18,34,2,1) 
(39,41,10,1) (3,1,12,1) (11,25,8,1) (46,48,7,1) 
(7,16,9,1) (11,41,11,1) (27,35,9,1) (15,39,3,1) 
(10,22,6,1) (11,20,6,1) (7,36,6,1) (1,23,16,1) 
(33,36,8,1) (31,19,8,1) (5,10,6,1) (1,16,13,1) 
(38,28,11,1) (4,38,19,1) (7,4,12,1) (13,49,8,1) 
(42,8,3,1) (47,26,13,1) (32,21,10,1) (47,21,19,1) 
(34,42,6,1) (26,16,10,1) (4,17,14,1) (43,45,8,1) 
(12,40,8,1) (39,2,19,1) (9,20,13,1) (26,22,8,1) 
(31,25,11,1) (39,47,11,1) (43,3,5,1) (18,30,6,1) 
(25,7,4,1) (20,40,16,1) (30,11,5,1) (41,44,16,1) 
(20,45,6,1) (33,15,6,1) (19,8,5,1) (47,34,11,1) 
(31,38,17,1) (27,19,2,1) (34,25,12,1) (49,26,12,1) 
(11,37,4,1) (1,2,13,1) (30,26,6,1) (38,47,9,1) 
(16,18,4,1) (25,48,9,1) (18,30,20,1) (24,41,1,1) 
(9,36,13,1) (45,40,13,1) (8,48,7,1) (9,8,4,1) 
(29,3,4,1) (24,35,5,1) (4,22,13,1) (49,34,13,1) 
(3,25,14,1) (3,32,8,1) (42,36,11,1) (1,16,8,1) 
(36,45,13,1) (20,15,9,1) (48,41,11,1) (25,39,14,1) 
(19,22,8,1) (28,0,14,1) (34,42,18,1) (45,39,9,1) 
(8,16,4,1) (7,34,18,1) (35,27,14,1) (40,10,13,1) 
(43,36,14,1) (32,16,19,1) (42,15,6,1) (18,14,22,1) 
(31,34,9,1) (16,48,15,1) (0,27,9,1) (47,1,9,1) 
(41,1,10,1) (43,25,13,1) (45,9,3,1) (14,37,5,1) 
(26,35,15,1) (9,47,7,1) (29,45,2,1) (24,26,14,1) 
(10,5,18,1) (41,27,12,1) (48,35,14,1) (45,1,9,1) 
(23,0,14,1) (38,29,6,1) (19,38,17,1) (1,15,12,1) 
(44,42,8,1) (34,16,9,1) (42,18,16,1) (0,29,9,1) 
(43,44,14,1) (10,7,5,1) (25,15,12,1) (27,7,13,1) 
(32,29,8,1) (17,9,11,1) (30,38,6,1) (3,22,7,1) 
(44,49,15,1) (18,37,14,1) (11,18,8,1) (40,36,18,1) 
(45,28,10,1) (9,47,9,1) (30,6,15,1) (2,18,3,1) 
(5,44,10,1) (14,48,9,1) (2,42,18,1) (18,12,9,1) 
(19,14,4,1) (14,17,6,1) (10,49,15,1) (33,46,8,1) 
(43,42,6,1) (49,8,3,1) (32,25,14,1) (13,30,14,1) 
(4,39,15,1) (31,7,4,1) (27,19,8,1) (13,48,10,1) 
(28,23,6,1) (35,18,12,1) (24,31,16,1) (15,32,17,1) 
(10,12,5,1) (14,47,14,1) (41,20,9,1) (46,36,5,1) 
(12,34,9,1) (9,47,12,1) (32,24,8,1) (17,25,7,1) 
(33,42,2,1) (8,21,3,1) (12,22,9,1) (34,3,8,1) 
(44,10,7,1) (5,32,8,1) (18,11,15,1) (11,8,10,1) 
(30,27,11,1) (3,29,16,1) (6,46,5,1) (47,29,8,1) 
(42,12,6,1) (47,48,8,1) (21,28,13,1) (6,0,5,1) 
(17,49,16,1) (11,30,11,1) (38,14,9,1) (31,43,14,1) 
(44,15,15,1) (18,25,3,1) (14,35,8,1) (32,24,14,1) 
(20,41,17,1) (1,4,14,1) (17,9,8,1) (6,27,8,1) 
(33,49,15,1) (23,15,11,1) (49,26,2,1) (19,49,2,1) 
(32,41,8,1) (34,35,11,1) (36,8,19,1) (15,12,17,1) 
(34,4,6,1) (3,10,11,1) (3,13,3,1) (46,40,10,1) 
(33,5,10,1) (40,48,18,1) (36,44,10,1) (16,18,13,1) 
(0,13,6,1) (49,30,14,1) (11,28,18,1) (2,6,5,1) 
(30,15,9,1) (37,48,9,1) (30,38,16,1) (24,15,15,1) 
(45,13,2,1) (44,29,8,1) (48,39,5,1) (48,29,12,1) 
(45,48,9,1) (12,1,14,1) (42,36,13,1) (39,5,7,1) 
(26,43,9,1) (39,38,11,1) (33,16,13,1) (21,30,10,1) 
(13,31,15,1) (1,35,11,1) (35,3,19,1) (11,40,11,1) 
(14,37,10,1) (23,20,11,1) (3,18,10,1) (29,8,16,1) 
(36,46,15,1) (28,45,19,1) (17,45,10,1) (32,22,4,1) 
(40,9,14,1) (11,49,6,1) (49,39,2,1) (38,46,3,1) 
(8,44,11,1) (16,37,13,1) (42,38,6,1) (1,5,12,1) 
(28,21,18,1) (8,20,14,1) (19,13,8,1) (48,19,18,1) 
(24,43,7,1) (21,9,4,1) (2,36,10,1) (45,8,14,1) 
(47,31,3,1) (43,33,11,1) (33,32,11,1) (40,19,11,1) 
(19,33,6,1) (26,38,10,1) (29,13,15,1) (32,29,11,1) 
(14,16,3,1) (1,35,20,1) (8,40,17,1) (36,47,13,1) 
(41,18,1,1) (10,33,4,1) (8,43,10,1) (10,36,10,1) 
(15,43,14,1) (10,19,17,1) (41,42,7,1) (24,47,12,1) 
(3,43,15,1) (33,39,17,1) (48,1,5,1) (12,20,11,1) 
(12,7,9,1) (31,2,7,1) (6,21,12,1) (13,10,7,1) 
(8,34,9,1) (35,26,18,1) (10,21,16,1) (2,4,9,1) 
(18,11,9,1) (35,4,8,1) (8,13,12,1) (3,20,5,1) 
(18,38,9,1) (36,22,14,1) (10,21,3,1) (28,49,14,1) 
(34,46,2,1) (39,48,12,1) (7,33,8,1) (40,49,13,1) 
(22,38,9,1) (31,19,15,1) (22,13,3,1) (28,21,10,1) 
(20,27,11,1) (29,48,1,1) (28,48,11,1) (29,38,5,1) 
(4,35,12,1) (8,39,13,1) (7,46,10,1) (3,20,6,1) 
(26,30,12,1) (26,6,11,1) (5,4,13,1) (46,39,4,1) 
(31,23,5,1) (10,33,12,1) (4,41,9,1) (10,12,10,1) 
(30,43,8,1) (22,16,19,1) (37,36,11,1) (33,37,2,1) 
(12,14,5,1) (36,32,22,1) (10,18,14,1) (24,34,10,1) 
(18,6,10,1) (14,33,12,1) (6,28,7,1) (47,15,14,1) 
(1,47,12,1) (10,27,15,1) (6,22,15,1) (20,21,5,1) 
(14,12,13,1) (7,16,10,1) (45,37,15,1) (10,3,19,1) 
(20,39,12,1) (22,15,10,1) (44,21,13,1) (34,29,14,1) 
(16,13,7,1) (49,2,10,1) (49,43,11,1) (22,38,6,1) 
(28,21,19,1) (15,13,7,1) (24,5,9,1) (33,32,16,1) 
(47,49,11,1) (8,43,8,1) (38,3,19,1) (7,36,7,1) 
(45,49,11,1) (17,20,11,1) (46,21,8,1) (48,47,1,1) 
(35,45,16,1) (5,48,11,1) (14,27,15,1) (42,49,18,1) 
(6,7,14,1) (21,16,12,1) (14,12,24,1) (36,11,10,1) 
(19,5,9,1) (47,44,10,1) (22,49,7,1) (44,32,14,1) 
(44,40,10,1) (3,24,3,1) (5,37,20,1) (15,5,11,1) 
(26,31,12,1) (4,21,8,1) (48,27,15,1) (30,31,9,1) 
(43,13,7,1) (45,44,9,1) (21,35,10,1) (13,8,10,1) 
(16,12,12,1) (10,43,13,1) (8,25,10,1) (48,24,10,1) 
(8,17,11,1) (8,32,11,1) (44,45,3,1) (41,37,13,1) 