(11,47,6,1) (7,26,8,1) (34,18,4,1) (46,24,7,1) (28,32,9,1) 
(47,38,12,1) (40,17,11,1) (47,6,7,1) (13,30,8,1) (16,35,5,1) 
(33,30,13,1) (35,5,15,1) (3,24,8,1) (42,31,10,1) (19,16,17,1) 
(1,14,13,1) (49,18,16,1) (9,44,15,1) (24,21,11,1) (10,18,6,1) 
(0,47,8,1) (0,25,9,1) (14,39,15,1) (17,21,8,1) (35,8,15,1) 
(31,41,10,1) (11,14,4,1) (36,34,10,1) (16,25,13,1) (17,20,9,1) 
(31,45,9,1) (22,32,9,1) (44,30,3,1) (31,1,7,1) (36,15,12,1) 
(5,16,18,1) (42,39,1,1) (37,30,10,1) (31,35,18,1) (16,25,15,1) 
(30,37,7,1) (18,10,8,1) (8,0,12,1) (47,25,12,1) (29,48,9,1) 
(25,24,8,1) (27,29,5,1) (10,27,8,1) (18,43,5,1) (39,24,13,1) 
(32,31,9,1) (33,15,8,1) (34,24,4,1) (8,39,10,1) (29,32,23,1) 
(31,1,11,1) (44,39,12,1) (24,17,6,1) (30,3,2,1) (16,14,11,1) 
(35,1,12,1) (15,29,10,1) (32,4,12,1) (26,44,17,1) (47,29,13,1) 
(23,15,12,1) (41,18,13,1) (15,8,5,1) (23,42,10,1) (36,22,13,1) 
(7,22,5,1) (18,43,3,1) (36,8,9,1) (10,47,6,1) (5,40,13,1) 
(12,16,4,1) (37,10,12,1) (39,9,9,1) (33,39,20,1) (3,17,11,1) 
(15,18,4,1) (40,37,19,1) (11,6,19,1) (40,4,17,1) (11,2,17,1) 
(23,43,7,1) (8,4,10,1) (28,46,16,1) (2,46,8,1) (10,43,11,1) 
(23,4,15,1) (46,42,5,1) (41,47,12,1) (26,5,12,1) (49,26,16,1) 
(7,16,7,1) (37,40,9,1) (41,43,12,1) (45,46,17,1) (37,7,15,1) 
(32,23,12,1) (41,35,7,1) (43,40,7,1) (34,15,1,1) (49,0,12,1) 
(5,2,17,1) (0,30,11,1) (16,24,9,1) (41,43,9,1) (32,22,5,1) 
(35,45,20,1) (36,10,13,1) (11,14,8,1) (44,4,6,1) (26,35,3,1) 
(30,31,13,1) (6,14,11,1) (41,48,12,1) (5,9,9,1) (11,40,17,1) 
(6,5,7,1) (10,40,12,1) (6,19,16,1) (18,17,8,1) (26,31,3,1) 
(36,28,19,1) (35,2,11,1) (11,18,8,1) (46,24,11,1) (45,0,3,1) 
(43,8,18,1) (0,40,10,1) (37,13,7,1) (16,9,8,1) (26,49,8,1) 
(44,6,14,1) (3,46,12,1) (4,19,10,1) (46,8,11,1) (30,2,15,1) 
(4,6,17,1) (24,9,13,1) (36,48,10,1) (35,45,7,1) (34,19,12,1) 
(11,42,6,1) (39,11,13,1) (29,2,17,1) (36,17,10,1) (49,44,9,1) 
(20,8,24,1) (30,27,12,1) (33,8,12,1) (0,34,7,1) (48,25,12,1) 
(32,38,12,1) (16,12,5,1) (0,25,16,1) (13,4,18,1) (38,16,9,1) 
(37,32,9,1) (31,16,8,1) (9,29,14,1) (44,47,13,1) (18,30,17,1) 
(43,19,11,1) (15,11,15,1) (31,22,15,1) (44,47,14,1) (49,1,7,1) 
(36,41,16,1) (40,35,12,1) (16,25,10,1) (20,9,11,1) (23,35,11,1) 
(17,28,10,1) (34,8,12,1) (4,13,13,1) (10,37,7,1) (39,48,5,1) 
(13,11,13,1) (1,36,15,1) (29,18,10,1) (9,38,11,1) (41,33,9,1) 
(13,41,5,1) (20,19,7,1) (4,14,6,1) (26,12,18,1) (16,41,16,1) 
(10,25,11,1) (1,41,16,1) (34,43,11,1) (35,2,5,1) (47,9,9,1) 
(49,9,5,1) (11,27,3,1) (11,25,5,1) (46,13,14,1) (19,41,13,1) 
(40,33,8,1) (21,14,15,1) (40,29,7,1) (24,49,9,1) (6,13,14,1) 
(31,24,8,1) (13,3,8,1) (19,34,6,1) (11,7,5,1) (19,3,14,1) 
(49,0,17,1) (14,31,11,1) (32,27,15,1) (35,19,11,1) (21,12,3,1) 
(16,32,10,1) (44,13,8,1) (7,4,10,1) (21,11,6,1) (5,8,8,1) 
(6,26,4,1) (18,17,10,1) (14,36,17,1) (40,2,6,1) (32,13,3,1) 
(46,38,6,1) (33,12,18,1) (2,5,18,1) (45,44,2,1) (48,17,5,1) 
(9,19,6,1) (40,28,6,1) (31,41,3,1) (17,42,10,1) (19,13,18,1) 
(21,39,10,1) (37,41,12,1) (42,16,6,1) (5,29,14,1) (17,1,13,1) 
(35,24,7,1) (49,11,17,1) (13,22,5,1) (34,32,13,1) (25,7,9,1) 
(33,43,12,1) (15,18,11,1) (47,21,15,1) (41,6,19,1) (13,5,11,1) 
(23,41,6,1) (9,41,6,1) (37,32,8,1) (12,46,10,1) (0,20,9,1) 
(28,19,22,1) (31,27,23,1) (11,38,12,1) (35,4,6,1) (12,17,8,1) 
(2,4,9,1) (42,4,16,1) (2,36,8,1) (10,9,8,1) (21,22,16,1) 
(37,11,8,1) (46,24,6,1) (28,4,10,1) (3,29,9,1) (31,24,9,1) 
(32,3,9,1) (28,30,13,1) (5,45,4,1) (14,7,19,1) (12,43,17,1) 
(46,14,13,1) (37,16,14,1) (36,34,9,1) (26,5,8,1) (7,20,11,1) 
(45,33,6,1) (39,14,10,1) (10,46,14,1) (28,35,16,1) (14,3,3,1) 
(37,4,7,1) (48,16,8,1) (13,25,11,1) (4,3,4,1) (37,35,5,1) 
(13,31,7,1) (8,38,9,1) (45,21,8,1) (34,20,9,1) (8,7,11,1) 
(25,6,14,1) (44,35,9,1) (37,4,8,1) (16,44,15,1) (30,40,14,1) 
(14,39,13,1) (40,49,5,1) (46,7,11,1) (22,16,26,1) (26,34,5,1) 
(4,43,16,1) (25,34,14,1) (45,22,8,1) (13,15,11,1) (14,29,2,1) 
(19,35,12,1) (12,27,15,1) (38,30,14,1) (7,10,13,1) (35,10,10,1) 
(1,14,4,1) (39,8,11,1) (48,32,18,1) (32,35,2,1) (20,9,8,1) 
(15,20,8,1) (27,47,9,1) (33,0,3,1) (12,6,16,1) (9,34,8,1) 
(17,36,11,1) (0,41,26,1) (48,17,7,1) (9,27,8,1) (7,11,16,1) 
(13,36,4,1) (29,39,11,1) (44,48,1,1) (21,36,5,1) (35,44,8,1) 
(35,24,6,1) (17,4,18,1) (40,27,7,1) (9,36,14,1) (15,26,3,1) 
(38,29,1,1) (43,31,14,1) (35,4,3,1) (0,22,8,1) (35,26,3,1) 
(43,23,3,1) (34,1,4,1) (4,15,13,1) (33,8,12,1) (16,30,4,1) 
(48,29,10,1) (47,48,5,1) (7,11,16,1) (19,41,11,1) (49,22,20,1) 
(37,16,15,1) (32,28,8,1) (24,35,6,1) (42,34,15,1) (14,8,9,1) 
(44,29,14,1) (3,13,12,1) (6,49,6,1) (14,31,14,1) (15,24,14,1) 
(8,39,10,1) (5,10,15,1) (24,42,19,1) (2,37,6,1) (12,30,10,1) 
(45,18,12,1) (45,1,11,1) (24,49,14,1) (34,46,28,1) (34,31,4,1) 
(21,38,18,1) (6,33,5,1) (48,1,16,1) (36,45,19,1) (36,28,10,1) 
(27,38,15,1) (31,4,20,1) (27,35,10,1) (18,39,8,1) (31,19,9,1) 
(29,44,4,1) (10,0,7,1) (22,46,2,1) (23,20,6,1) (27,36,12,1) 
(48,30,3,1) (19,26,12,1) (10,21,11,1) (15,1,7,1) (34,43,14,1) 
(18,26,16,1) (20,34,13,1) (36,31,17,1) (2,5,14,1) (23,12,14,1) 
(23,4,8,1) (33,29,9,1) (41,33,5,1) (16,49,7,1) (4,34,14,1) 
(12,32,16,1) (21,22,7,1) (46,37,11,1) (38,6,10,1) (24,49,1,1) 
(7,24,3,1) (41,30,10,1) (6,37,7,1) (34,22,10,1) (12,3,17,1) 
(2,6,10,1) (27,43,12,1) (34,6,14,1) (17,31,10,1) (31,35,16,1) 
(37,27,14,1) (23,3,11,1) (31,30,17,1) (1,17,6,1) (45,40,2,1) 
(2,35,11,1) (10,37,14,1) (43,8,10,1) (41,17,5,1) (35,20,10,1) 
(48,3,6,1) (38,3,16,1) (35,9,14,1) (29,41,11,1) (24,34,10,1) 
(22,43,4,1) (10,11,11,1) (47,15,15,1) (17,16,3,1) (19,6,12,1) 
(32,11,11,1) (45,1,1,1) (13,47,10,1) (14,9,5,1) (8,4,11,1) 
(44,46,12,1) (29,18,7,1) (44,20,15,1) (27,9,5,1) (24,3,15,1) 
(17,38,17,1) (17,40,11,1) (35,5,7,1) (43,29,9,1) (29,31,12,1) 
(16,26,14,1) (30,3,13,1) (42,33,12,1) (39,28,3,1) (11,8,14,1) 
(25,43,7,1) (30,36,5,1) (23,2,11,1) (11,6,12,1) (40,41,10,1) 
(17,39,8,1) (9,19,8,1) (2,11,7,1) (12,9,7,1) (13,2,13,1) 
(7,1,11,1) (29,4,10,1) (43,46,5,1) (3,36,3,1) (36,29,10,1) 
(45,28,19,1) (11,16,9,1) (43,19,10,1) (25,0,20,1) (42,3,22,1) 
(20,26,14,1) (12,47,11,1) (20,42,7,1) (12,38,5,1) (21,36,11,1) 
(0,12,9,1) (32,14,10,1) (42,34,7,1) (18,10,11,1) (31,2,12,1) 
(12,4,10,1) (49,5,5,1) (34,10,7,1) (41,13,10,1) (36,32,13,1) 
(18,49,14,1) (0,26,9,1) (2,46,12,1) (49,24,7,1) (6,39,19,1) 