(21,14,12,1) (27,1,11,1) (24,9,13,1) (2,17,5,1) (16,22,11,1) 
(28,14,9,1) (15,21,4,1) (4,7,23,1) (28,22,5,1) (6,10,23,1) 
(15,27,10,1) (2,8,14,1) (7,10,15,1) (14,21,9,1) (13,8,16,1) 
(9,21,5,1) (19,17,10,1) (0,14,17,1) (17,2,11,1) (5,4,8,1) 
(4,5,7,1) (24,2,11,1) (4,22,12,1) (10,14,5,1) (16,13,5,1) 
(18,19,7,1) (8,6,6,1) (16,10,12,1) (15,27,3,1) (5,10,15,1) 
(5,27,11,1) (29,4,7,1) (8,2,1,1) (2,5,10,1) (20,1,10,1) 
(11,13,7,1) (26,3,3,1) (13,19,6,1) (17,15,8,1) (20,19,10,1) 
(2,16,16,1) (19,16,12,1) (15,19,9,1) (28,25,1,1) (22,18,5,1) 
(11,3,15,1) (19,9,7,1) (10,4,10,1) (1,4,12,1) (2,3,13,1) 
(24,28,13,1) (18,14,3,1) (9,22,9,1) (7,10,2,1) (11,23,16,1) 
(14,17,13,1) (6,7,17,1) (9,17,7,1) (12,24,11,1) (10,11,8,1) 
(22,3,10,1) (15,7,16,1) (15,5,8,1) (26,19,13,1) (21,12,17,1) 
(10,29,19,1) (25,22,13,1) (0,19,9,1) (27,8,2,1) (14,3,8,1) 
(8,0,15,1) (4,2,9,1) (21,2,9,1) (26,10,7,1) (2,19,8,1) 
(28,9,7,1) (27,19,9,1) (12,23,12,1) (10,15,10,1) (1,17,7,1) 
(8,20,9,1) (25,13,12,1) (22,17,6,1) (19,14,10,1) (23,24,5,1) 
(2,14,11,1) (26,7,9,1) (8,22,4,1) (13,27,19,1) (0,11,12,1) 
(14,25,4,1) (26,2,9,1) (19,12,14,1) (24,3,12,1) (15,4,26,1) 
(29,26,15,1) (15,12,11,1) (17,26,15,1) (17,14,10,1) (15,8,16,1) 
(13,6,12,1) (25,28,8,1) (19,16,11,1) (13,8,4,1) (22,21,6,1) 
(16,2,9,1) (4,26,19,1) (12,4,22,1) (21,15,21,1) (13,8,7,1) 
(4,15,10,1) (12,3,7,1) (2,1,5,1) (5,22,10,1) (13,18,5,1) 
(17,15,6,1) (12,10,6,1) (13,20,16,1) (4,3,9,1) (29,17,6,1) 
(20,8,9,1) (19,7,11,1) (23,2,12,1) (2,16,11,1) (26,15,7,1) 
(26,5,4,1) (12,15,10,1) (24,17,7,1) (14,4,14,1) (4,12,16,1) 
(4,24,14,1) (24,2,12,1) (11,19,4,1) (1,25,13,1) (6,29,7,1) 
(0,9,12,1) (7,9,6,1) (0,10,12,1) (4,26,14,1) (5,29,13,1) 
(23,2,9,1) (6,25,15,1) (26,28,16,1) (26,20,12,1) (26,24,11,1) 
(2,12,9,1) (5,18,1,1) (5,10,16,1) (29,15,13,1) (13,0,4,1) 
(25,17,8,1) (2,24,19,1) (20,10,10,1) (2,28,15,1) (21,4,8,1) 
(12,24,12,1) (20,19,22,1) (17,24,4,1) (9,29,7,1) (10,29,10,1) 
(19,14,9,1) (0,11,13,1) (19,13,4,1) (14,29,8,1) (24,4,7,1) 
(24,27,10,1) (27,21,4,1) (25,0,11,1) (17,26,6,1) (14,3,12,1) 
(1,27,7,1) (4,25,9,1) (25,8,4,1) (23,19,9,1) (7,28,15,1) 
(21,3,9,1) (23,15,8,1) (17,18,10,1) (19,16,10,1) (25,6,6,1) 
(20,5,11,1) (25,14,14,1) (8,21,13,1) (1,20,10,1) (2,1,12,1) 
(9,29,10,1) (20,29,5,1) (29,18,3,1) (2,18,3,1) (9,22,14,1) 
(29,0,10,1) (11,3,13,1) (25,12,10,1) (18,25,2,1) (24,8,8,1) 
(8,2,19,1) (16,13,10,1) (22,16,9,1) (8,29,8,1) (8,18,7,1) 
(7,1,7,1) (23,15,14,1) (25,11,8,1) (4,27,13,1) (24,9,12,1) 
(16,3,13,1) (15,20,12,1) (28,8,5,1) (9,21,10,1) (14,4,6,1) 
(0,11,12,1) (22,0,13,1) (5,18,12,1) (15,21,12,1) (6,13,13,1) 
(15,6,11,1) (21,1,20,1) (4,10,19,1) (1,8,14,1) (28,4,10,1) 
(29,27,16,1) (15,6,12,1) (18,12,16,1) (4,7,15,1) (26,16,12,1) 
(3,6,14,1) (14,23,8,1) (18,15,11,1) (14,21,12,1) (19,15,15,1) 
(19,21,22,1) (26,28,10,1) (20,15,7,1) (20,6,14,1) (13,17,7,1) 
(25,12,14,1) (26,9,13,1) (29,1,9,1) (15,13,6,1) (2,3,13,1) 
(24,28,22,1) (22,19,10,1) (11,2,9,1) (25,0,6,1) (7,1,6,1) 
(21,26,7,1) (12,26,7,1) (13,17,7,1) (6,2,2,1) (16,22,15,1) 
(28,7,15,1) (12,23,13,1) (29,18,16,1) (0,16,7,1) (16,18,3,1) 
(27,2,9,1) (9,17,15,1) (1,5,12,1) (20,3,15,1) (17,12,10,1) 
(28,12,18,1) (10,1,7,1) (2,15,7,1) (22,10,11,1) (14,0,15,1) 
(18,0,11,1) (19,28,17,1) (6,4,2,1) (1,4,12,1) (13,19,4,1) 
(5,25,9,1) (15,25,16,1) (22,5,17,1) (11,13,8,1) (12,23,12,1) 
(8,18,11,1) (12,27,18,1) (7,19,9,1) (18,29,5,1) (17,19,12,1) 
(3,22,6,1) (21,6,14,1) (10,13,5,1) (1,28,12,1) (9,5,1,1) 
(0,2,10,1) (3,20,12,1) (7,13,12,1) (9,14,13,1) (24,8,7,1) 
(25,15,18,1) (3,4,13,1) (10,18,12,1) (22,10,13,1) (16,20,9,1) 
(9,12,4,1) (4,13,4,1) (23,2,16,1) (0,14,3,1) (9,22,10,1) 
(19,14,11,1) (13,6,10,1) (12,19,13,1) (29,15,5,1) (25,19,10,1) 
(26,28,4,1) (5,23,11,1) (14,1,16,1) (1,26,11,1) (20,13,14,1) 
(21,27,9,1) (6,12,11,1) (17,20,3,1) (15,13,16,1) (22,20,8,1) 
(15,14,7,1) (11,17,7,1) (7,24,6,1) (9,28,9,1) (17,3,10,1) 
(9,23,3,1) (24,11,11,1) (21,11,9,1) (15,28,17,1) (5,19,7,1) 
(6,9,17,1) (29,20,10,1) (20,25,12,1) (17,11,16,1) (6,21,6,1) 
(26,16,8,1) (10,29,12,1) (27,8,17,1) (25,17,13,1) (24,7,19,1) 
(23,10,11,1) (29,7,8,1) (3,17,17,1) (18,16,7,1) (14,12,17,1) 
(25,15,14,1) (0,27,10,1) (13,26,4,1) (12,27,8,1) (15,28,9,1) 
(5,13,19,1) (18,24,12,1) (17,3,4,1) (26,21,9,1) (26,20,7,1) 
(17,4,5,1) (5,2,9,1) (16,4,14,1) (23,18,7,1) (16,5,10,1) 
(23,11,15,1) (7,5,8,1) (6,7,12,1) (21,12,18,1) (8,24,6,1) 
(10,27,14,1) (6,20,11,1) (9,0,21,1) (26,27,13,1) (4,0,11,1) 
(1,8,12,1) (26,5,12,1) (3,5,8,1) (2,9,11,1) (17,6,12,1) 
(20,2,10,1) (3,13,15,1) (26,20,7,1) (18,29,9,1) (19,23,15,1) 
(27,2,14,1) (16,10,15,1) (17,6,18,1) (6,14,8,1) (2,1,7,1) 
(13,21,9,1) (4,16,15,1) (2,23,16,1) (17,27,6,1) (7,16,11,1) 
(25,13,7,1) (25,0,9,1) (0,24,6,1) (1,29,2,1) (27,0,6,1) 
(10,6,8,1) (23,27,4,1) (24,13,14,1) (25,26,6,1) (11,28,18,1) 
(20,16,9,1) (22,12,8,1) (28,12,16,1) (26,6,10,1) (27,23,5,1) 
(1,7,3,1) (14,1,18,1) (25,6,1,1) (5,27,20,1) (21,2,16,1) 
(25,23,12,1) (11,17,8,1) (25,26,4,1) (28,3,9,1) (29,16,17,1) 
(23,21,11,1) (15,3,18,1) (10,4,10,1) (7,13,20,1) (19,29,4,1) 
(10,29,22,1) (23,2,5,1) (16,4,13,1) (14,16,9,1) (27,0,22,1) 
(15,19,9,1) (16,20,14,1) (17,27,8,1) (12,9,5,1) (11,6,5,1) 
(4,26,10,1) (27,7,4,1) (15,19,2,1) (15,1,13,1) (17,19,12,1) 
(1,19,10,1) (11,12,15,1) (16,29,16,1) (0,9,15,1) (11,19,7,1) 
(1,4,8,1) (19,0,8,1) (6,20,13,1) (4,2,9,1) (2,24,11,1) 
(23,18,16,1) (17,16,12,1) (16,4,17,1) (14,11,5,1) (19,18,12,1) 
(20,12,12,1) (26,14,9,1) (9,17,13,1) (1,12,15,1) (0,3,2,1) 
(11,20,9,1) (26,11,8,1) (28,8,15,1) (22,26,12,1) (4,26,5,1) 
(21,18,14,1) (27,6,20,1) (16,4,5,1) (11,25,12,1) (10,11,12,1) 
(6,0,5,1) (7,18,12,1) (25,0,7,1) (26,25,13,1) (16,7,21,1) 
(10,14,6,1) (28,9,8,1) (15,3,17,1) (15,18,4,1) (24,7,6,1) 
(21,19,9,1) (5,7,1,1) (20,1,12,1) (5,19,15,1) (22,9,5,1) 
(28,25,9,1) (7,16,5,1) (20,25,9,1) (23,5,7,1) (11,17,21,1) 
(22,13,7,1) (6,13,6,1) (29,12,13,1) (14,12,14,1) (11,25,7,1) 
(20,7,7,1) (3,27,7,1) (29,1,13,1) (17,18,11,1) (6,17,7,1) 
(9,20,15,1) (20,14,11,1) (0,22,9,1) (6,22,10,1) (7,1,15,1) 
(27,17,13,1) (18,24,5,1) (20,29,11,1) (14,1,10,1) (0,4,8,1) 