(22,13,5,1) (5,27,9,1) (10,12,2,1) (15,1,10,1) 
(3,20,12,1) (29,6,5,1) (28,11,11,1) (22,20,12,1) 
(24,11,4,1) (14,10,8,1) (24,5,11,1) (18,9,5,1) 
(20,23,5,1) (18,10,6,1) (19,27,13,1) (21,23,17,1) 
(12,6,9,1) (28,2,9,1) (4,15,5,1) (24,26,7,1) 
(22,1,15,1) (3,22,3,1) (10,22,4,1) (15,3,10,1) 
(8,20,12,1) (20,22,4,1) (2,28,16,1) (23,12,5,1) 
(21,12,9,1) (22,18,7,1) (15,21,11,1) (18,6,10,1) 
(26,2,10,1) (12,1,3,1) (9,29,14,1) (24,0,8,1) 
(7,2,3,1) (3,12,14,1) (14,22,15,1) (6,25,16,1) 
(11,21,11,1) (29,3,6,1) (7,14,12,1) (6,25,15,1) 
(22,8,16,1) (9,4,7,1) (1,3,8,1) (19,20,13,1) 
(9,18,12,1) (2,23,10,1) (12,29,3,1) (18,25,4,1) 
(18,14,8,1) (9,29,22,1) (5,16,12,1) (1,28,12,1) 
(0,11,2,1) (17,7,11,1) (9,2,9,1) (6,26,6,1) 
(29,5,14,1) (29,19,6,1) (15,2,11,1) (18,14,3,1) 
(25,20,9,1) (9,10,18,1) (24,19,12,1) (2,23,4,1) 
(6,11,4,1) (27,18,9,1) (6,2,4,1) (26,3,14,1) 
(10,9,12,1) (22,12,11,1) (25,1,2,1) (29,24,13,1) 
(17,4,11,1) (4,10,12,1) (13,4,10,1) (12,26,9,1) 
(26,10,7,1) (28,8,7,1) (28,5,14,1) (19,29,6,1) 
(3,18,6,1) (12,21,18,1) (18,26,11,1) (5,3,12,1) 
(9,22,11,1) (14,15,17,1) (17,21,12,1) (13,16,7,1) 
(22,12,14,1) (20,15,10,1) (1,19,13,1) (25,2,10,1) 
(25,15,7,1) (0,27,9,1) (11,3,8,1) (28,27,15,1) 
(24,9,13,1) (6,22,11,1) (21,16,6,1) (8,9,6,1) 
(15,16,21,1) (28,18,15,1) (24,5,15,1) (3,18,17,1) 
(4,6,3,1) (6,23,12,1) (19,2,4,1) (17,20,18,1) 
(10,26,6,1) (12,20,14,1) (7,3,9,1) (13,2,8,1) 
(20,11,10,1) (10,13,20,1) (5,28,11,1) (11,27,11,1) 
(21,20,16,1) (9,23,17,1) (29,25,18,1) (11,25,12,1) 
(3,18,15,1) (3,19,14,1) (14,29,3,1) (5,13,11,1) 
(18,13,22,1) (22,10,16,1) (9,4,6,1) (23,19,17,1) 
(19,11,4,1) (20,12,6,1) (3,5,11,1) (8,6,1,1) 
(25,2,7,1) (25,20,14,1) (14,22,17,1) (13,5,11,1) 
(13,29,4,1) (17,13,8,1) (2,16,8,1) (2,3,10,1) 
(15,29,16,1) (0,29,4,1) (24,6,11,1) (24,1,4,1) 
(15,26,13,1) (24,7,9,1) (7,21,14,1) (11,24,5,1) 
(15,7,13,1) (8,23,11,1) (9,25,16,1) (12,27,6,1) 
(13,28,2,1) (3,6,15,1) (16,3,11,1) (11,18,1,1) 
(26,19,6,1) (4,3,11,1) (26,12,10,1) (17,15,11,1) 
(17,14,21,1) (17,19,13,1) (4,15,11,1) (20,24,11,1) 
(27,26,8,1) (23,2,11,1) (18,13,6,1) (22,6,9,1) 
(26,19,10,1) (7,18,5,1) (17,28,5,1) (24,10,11,1) 
(0,29,6,1) (5,19,13,1) (13,4,22,1) (10,8,12,1) 
(26,25,15,1) (17,5,11,1) (22,23,2,1) (18,2,13,1) 
(5,20,5,1) (25,14,7,1) (1,7,12,1) (24,13,6,1) 
(20,8,12,1) (9,17,13,1) (9,1,8,1) (7,21,12,1) 
(8,11,16,1) (23,24,9,1) (4,10,13,1) (19,29,10,1) 
(14,20,9,1) (3,28,7,1) (14,23,8,1) (25,9,6,1) 
(19,16,17,1) (6,5,17,1) (5,21,10,1) (22,3,20,1) 
(29,20,8,1) (5,26,11,1) (23,16,6,1) (19,21,6,1) 
(3,22,3,1) (11,27,16,1) (8,2,8,1) (19,9,15,1) 
(25,14,10,1) (15,12,21,1) (2,0,5,1) (0,24,12,1) 
(0,16,10,1) (11,14,10,1) (21,6,13,1) (3,6,3,1) 
(16,14,13,1) (13,26,12,1) (5,13,9,1) (1,4,22,1) 
(7,3,11,1) (21,24,2,1) (28,22,3,1) (17,3,18,1) 
(3,4,9,1) (20,11,5,1) (24,18,5,1) (2,3,16,1) 
(22,0,11,1) (11,24,10,1) (4,1,1,1) (2,25,9,1) 
(20,29,18,1) (16,17,3,1) (19,5,15,1) (13,11,16,1) 
(29,22,3,1) (7,15,12,1) (2,13,14,1) (8,18,10,1) 
(18,28,9,1) (6,16,5,1) (27,22,3,1) (20,4,20,1) 
(23,18,21,1) (19,17,6,1) (22,2,6,1) (23,25,17,1) 
(5,9,22,1) (19,7,9,1) (3,25,9,1) (13,21,13,1) 
(25,27,11,1) (20,5,6,1) (14,7,11,1) (26,17,11,1) 
(19,22,14,1) (21,3,4,1) (8,11,11,1) (22,21,13,1) 
(2,20,4,1) (24,25,9,1) (1,3,24,1) (26,22,8,1) 
(21,20,9,1) (13,25,3,1) (25,24,10,1) (24,27,6,1) 
(27,1,9,1) (6,13,9,1) (7,5,8,1) (14,16,10,1) 
(29,15,15,1) (8,20,14,1) (3,8,11,1) (12,20,8,1) 
(21,28,6,1) (18,27,1,1) (10,16,9,1) (25,13,18,1) 
(18,16,5,1) (2,23,13,1) (6,2,6,1) (29,22,22,1) 
(28,27,7,1) (15,4,12,1) (9,22,9,1) (29,1,15,1) 
(8,22,11,1) (28,19,10,1) (11,14,2,1) (28,22,15,1) 
(18,2,17,1) (25,6,2,1) (20,14,6,1) (11,27,13,1) 
(1,19,2,1) (4,1,12,1) (10,14,8,1) (25,19,5,1) 
(23,17,2,1) (3,10,17,1) (17,20,19,1) (3,6,7,1) 
(19,11,1,1) (10,16,13,1) (1,12,16,1) (0,18,10,1) 
(8,29,12,1) (9,5,17,1) (11,6,5,1) (17,13,11,1) 
(8,15,7,1) (21,2,17,1) (25,14,15,1) (1,20,11,1) 
(7,10,9,1) (23,19,9,1) (24,4,8,1) (15,28,13,1) 
(0,6,8,1) (4,0,12,1) (25,10,12,1) (27,18,5,1) 
(9,6,6,1) (16,21,11,1) (29,12,11,1) (26,15,11,1) 
(8,1,11,1) (0,18,14,1) (29,5,14,1) (12,29,9,1) 
(21,13,9,1) (3,8,15,1) (15,27,7,1) (26,20,10,1) 
(15,12,6,1) (12,0,13,1) (7,10,11,1) (0,22,12,1) 
(5,2,15,1) (8,19,15,1) (12,8,18,1) (2,28,17,1) 
(17,2,12,1) (8,6,19,1) (17,21,11,1) (26,23,9,1) 
(0,4,15,1) (8,20,3,1) (19,0,6,1) (12,11,10,1) 
(27,1,13,1) (29,24,14,1) (14,19,11,1) (22,0,11,1) 
(8,13,9,1) (18,7,8,1) (4,25,9,1) (11,8,16,1) 
(15,29,3,1) (13,18,17,1) (1,3,6,1) (3,12,8,1) 
(16,9,5,1) (12,9,11,1) (23,14,8,1) (25,19,18,1) 
(6,1,13,1) (8,26,15,1) (2,7,5,1) (29,9,7,1) 
(28,13,4,1) (9,2,8,1) (9,3,19,1) (28,2,2,1) 
(29,1,11,1) (26,6,5,1) (10,29,10,1) (16,11,15,1) 
(12,2,14,1) (23,9,21,1) (23,13,8,1) (18,21,6,1) 
(0,28,3,1) (28,11,6,1) (28,22,12,1) (20,14,1,1) 
(7,20,10,1) (25,27,7,1) (6,20,8,1) (4,1,11,1) 
(9,20,14,1) (2,17,1,1) (1,16,1,1) (19,3,6,1) 