(32,36,24,1) (16,47,9,1) (36,23,3,1) (24,21,18,1) (17,49,6,1) (7,31,9,1) 
(46,3,8,1) (47,33,14,1) (30,23,14,1) (34,3,11,1) (48,32,7,1) (46,43,20,1) 
(48,29,9,1) (9,1,16,1) (4,19,22,1) (26,35,8,1) (38,12,12,1) (48,26,10,1) 
(45,48,7,1) (35,23,16,1) (3,44,16,1) (12,15,14,1) (39,41,9,1) (13,3,11,1) 
(35,12,15,1) (46,33,18,1) (31,5,18,1) (37,27,15,1) (4,19,23,1) (22,20,6,1) 
(22,40,1,1) (17,8,9,1) (11,5,15,1) (35,33,3,1) (1,20,15,1) (47,19,9,1) 
(37,49,7,1) (25,26,17,1) (20,32,11,1) (33,3,16,1) (27,39,10,1) (36,15,3,1) 
(21,7,11,1) (26,17,2,1) (2,26,14,1) (30,37,13,1) (42,39,4,1) (42,46,5,1) 
(1,33,5,1) (18,36,11,1) (30,46,9,1) (14,43,12,1) (2,14,9,1) (14,11,2,1) 
(27,31,6,1) (16,12,15,1) (24,47,17,1) (19,23,9,1) (33,27,11,1) (37,27,10,1) 
(11,29,17,1) (14,31,5,1) (34,39,8,1) (29,12,13,1) (49,13,13,1) (31,9,11,1) 
(17,33,11,1) (17,19,14,1) (41,32,13,1) (26,29,19,1) (48,9,18,1) (42,29,10,1) 
(33,30,10,1) (47,48,11,1) (49,16,14,1) (4,12,6,1) (42,18,7,1) (2,0,17,1) 
(28,15,6,1) (16,5,6,1) (16,40,10,1) (47,39,15,1) (47,24,8,1) (25,38,11,1) 
(45,42,10,1) (17,28,9,1) (42,3,4,1) (45,39,3,1) (49,21,11,1) (15,27,16,1) 
(43,12,8,1) (24,18,10,1) (31,46,10,1) (18,2,8,1) (19,26,5,1) (32,38,22,1) 
(41,27,8,1) (18,13,16,1) (28,6,12,1) (21,7,10,1) (33,32,13,1) (24,25,8,1) 
(12,1,4,1) (25,49,12,1) (7,13,17,1) (4,36,15,1) (1,5,9,1) (49,30,13,1) 
(4,32,9,1) (25,42,14,1) (19,36,14,1) (0,40,15,1) (1,19,13,1) (19,49,9,1) 
(2,27,10,1) (36,49,15,1) (45,12,14,1) (4,48,15,1) (7,16,5,1) (4,5,11,1) 
(48,45,10,1) (0,40,7,1) (47,10,14,1) (25,12,6,1) (7,49,6,1) (41,13,12,1) 
(5,21,11,1) (45,10,8,1) (15,13,10,1) (31,25,8,1) (0,15,7,1) (17,44,9,1) 
(5,39,12,1) (24,29,13,1) (33,5,6,1) (32,24,15,1) (32,34,15,1) (47,25,6,1) 
(8,41,13,1) (47,21,11,1) (29,38,5,1) (46,43,10,1) (30,0,11,1) (3,26,14,1) 
(2,26,3,1) (41,46,8,1) (40,8,7,1) (49,22,23,1) (37,12,10,1) (0,38,12,1) 
(30,24,7,1) (14,42,10,1) (3,19,6,1) (48,8,10,1) (23,22,5,1) (44,33,13,1) 
(21,18,9,1) (42,18,11,1) (32,26,8,1) (40,48,13,1) (48,24,8,1) (1,7,20,1) 
(14,20,10,1) (13,25,13,1) (15,2,11,1) (30,21,6,1) (45,40,4,1) (42,19,17,1) 
(19,37,7,1) (1,49,7,1) (1,24,8,1) (44,29,6,1) (42,4,13,1) (42,17,3,1) 
(25,38,7,1) (17,29,14,1) (45,37,15,1) (40,38,2,1) (43,15,10,1) (20,12,4,1) 
(11,36,16,1) (30,6,15,1) (47,10,11,1) (13,9,5,1) (9,8,11,1) (8,35,13,1) 
(16,2,21,1) (31,35,5,1) (10,48,2,1) (30,2,15,1) (46,27,14,1) (21,37,9,1) 
(38,37,12,1) (47,10,11,1) (26,37,16,1) (22,34,10,1) (30,14,6,1) (24,45,11,1) 
(7,22,10,1) (33,20,4,1) (36,31,7,1) (11,8,15,1) (2,28,12,1) (4,32,9,1) 
(18,36,14,1) (16,10,5,1) (9,17,12,1) (11,41,8,1) (43,7,3,1) (30,41,11,1) 
(43,34,3,1) (6,33,14,1) (2,30,4,1) (24,35,13,1) (23,26,14,1) (8,1,9,1) 
(26,48,14,1) (8,30,5,1) (29,40,9,1) (21,13,6,1) (20,41,5,1) (16,2,8,1) 
(21,8,11,1) (1,23,5,1) (39,43,13,1) (20,16,11,1) (43,6,4,1) (0,25,9,1) 
(14,17,3,1) (1,49,15,1) (18,4,13,1) (11,22,2,1) (18,16,10,1) (48,12,17,1) 
(47,34,12,1) (28,14,12,1) (13,14,17,1) (9,20,12,1) (40,44,10,1) (44,4,18,1) 
(37,38,11,1) (6,39,18,1) (11,23,7,1) (10,20,17,1) (31,19,4,1) (15,32,13,1) 
(39,31,9,1) (34,42,1,1) (11,21,4,1) (26,5,13,1) (13,11,16,1) (8,41,16,1) 
(48,2,11,1) (19,5,8,1) (36,5,16,1) (49,0,11,1) (25,24,11,1) (22,39,13,1) 
(28,41,13,1) (44,40,8,1) (10,17,3,1) (49,11,2,1) (33,45,13,1) (29,11,22,1) 
(39,44,20,1) (6,24,4,1) (34,40,17,1) (47,25,8,1) (27,20,11,1) (25,3,8,1) 
(20,0,5,1) (12,42,4,1) (1,2,10,1) (40,5,7,1) (36,18,9,1) (37,4,6,1) 
(22,6,13,1) (8,13,2,1) (20,12,24,1) (33,1,15,1) (41,38,15,1) (39,38,14,1) 
(20,6,8,1) (25,22,14,1) (46,5,10,1) (19,23,10,1) (21,30,9,1) (4,32,7,1) 
(35,49,6,1) (19,18,7,1) (46,12,15,1) (8,4,7,1) (47,5,3,1) (16,2,9,1) 
(8,4,10,1) (13,45,12,1) (17,47,7,1) (39,40,3,1) (17,23,8,1) (36,13,10,1) 
(28,9,22,1) (33,24,13,1) (25,4,6,1) (43,48,15,1) (44,35,3,1) (16,41,5,1) 
(47,4,13,1) (23,48,14,1) (31,42,20,1) (19,0,8,1) (36,40,10,1) (47,46,6,1) 
(38,0,15,1) (19,35,13,1) (33,47,3,1) (17,47,13,1) (20,39,14,1) (2,5,7,1) 
(3,49,19,1) (39,34,10,1) (4,22,11,1) (8,2,21,1) (9,43,3,1) (20,41,8,1) 
(15,19,6,1) (40,13,16,1) (26,20,5,1) (17,34,10,1) (39,38,2,1) (24,13,8,1) 
(33,29,10,1) (3,36,9,1) (44,12,8,1) (4,3,13,1) (7,37,11,1) (9,39,6,1) 
(5,13,9,1) (4,28,13,1) (36,18,14,1) (38,24,6,1) (18,23,16,1) (21,16,5,1) 
(10,43,6,1) (46,27,10,1) (25,5,5,1) (39,38,10,1) (31,1,8,1) (23,41,13,1) 
(37,28,5,1) (35,17,17,1) (41,22,6,1) (21,41,6,1) (28,2,18,1) (37,34,8,1) 
(40,13,7,1) (39,14,9,1) (28,31,13,1) (30,18,15,1) (39,18,11,1) (42,41,15,1) 
(44,43,18,1) (10,36,10,1) (1,44,11,1) (12,3,23,1) (49,5,20,1) (37,27,6,1) 
(36,34,17,1) (12,28,13,1) (22,49,15,1) (28,44,5,1) (20,28,6,1) (26,38,14,1) 
(31,45,7,1) (30,24,11,1) (10,13,7,1) (23,43,18,1) (6,45,2,1) (27,49,2,1) 
(24,16,13,1) (2,46,5,1) (20,37,8,1) (1,47,14,1) (0,20,3,1) (13,14,11,1) 
(31,10,15,1) (28,48,4,1) (1,31,17,1) (22,40,10,1) (45,31,6,1) (36,3,10,1) 
(12,27,10,1) (29,25,13,1) (7,34,5,1) (37,49,8,1) (20,9,13,1) (36,16,15,1) 
(15,30,11,1) (6,4,14,1) (11,38,9,1) (14,38,2,1) (11,15,11,1) (27,2,10,1) 
(36,7,3,1) (12,14,3,1) (43,15,5,1) (39,26,10,1) (37,42,9,1) (35,22,9,1) 
(48,7,7,1) (7,5,20,1) (8,27,4,1) (44,11,14,1) (26,9,14,1) (31,2,12,1) 
(46,21,10,1) (16,35,12,1) (48,10,18,1) (31,40,4,1) (29,18,10,1) (9,18,4,1) 
(19,20,7,1) (4,2,19,1) (8,33,20,1) (24,48,9,1) (45,32,13,1) (24,33,7,1) 
(33,42,8,1) (1,21,14,1) (32,43,10,1) (13,39,5,1) (8,36,16,1) (45,24,10,1) 
(3,25,2,1) (45,46,13,1) (25,21,15,1) (37,42,8,1) (29,6,17,1) (11,15,8,1) 
(3,16,7,1) (30,6,8,1) (23,22,16,1) (49,13,7,1) (33,49,8,1) (31,18,1,1) 
(14,39,7,1) (22,43,9,1) (1,47,15,1) (45,24,7,1) (39,32,7,1) (31,12,12,1) 
(39,28,19,1) (36,39,9,1) (35,38,8,1) (23,48,6,1) (13,17,5,1) (19,48,10,1) 
(38,46,15,1) (38,7,1,1) (46,44,15,1) (27,31,16,1) (22,5,10,1) (10,26,8,1) 
(29,18,9,1) (33,42,7,1) (17,15,17,1) (18,45,5,1) (46,31,6,1) (26,16,12,1) 
(2,36,16,1) (36,40,15,1) (23,37,16,1) (3,37,18,1) (47,41,17,1) (43,42,14,1) 
(40,31,13,1) (20,49,14,1) (11,34,1,1) (14,35,15,1) (18,46,8,1) (17,11,11,1) 
(28,27,18,1) (25,0,3,1) (43,20,7,1) (19,48,1,1) (41,6,13,1) (1,13,4,1) 
(29,11,9,1) (31,22,19,1) (49,37,19,1) (42,48,9,1) (15,37,10,1) (5,42,2,1) 
(47,26,13,1) (37,16,6,1) (17,43,8,1) (4,32,6,1) (35,47,9,1) (23,42,7,1) 
(34,21,6,1) (23,19,3,1) (23,46,1,1) (2,19,5,1) (49,16,9,1) (23,13,13,1) 
(15,6,1,1) (11,23,11,1) (34,20,13,1) (27,1,8,1) (24,35,3,1) (29,10,5,1) 
(21,4,18,1) (19,27,13,1) (18,39,10,1) (6,28,8,1) (22,39,6,1) (33,36,11,1) 
(21,18,10,1) (10,34,10,1) (25,39,9,1) (1,46,8,1) (41,42,9,1) (42,2,14,1) 
(37,7,3,1) (2,21,9,1) (17,27,14,1) (41,38,6,1) (3,40,4,1) (32,43,12,1) 
(47,39,17,1) (49,26,10,1) (35,10,17,1) (11,13,6,1) (15,12,13,1) (45,31,15,1) 
(47,19,6,1) (44,13,10,1) (7,12,13,1) (26,27,14,1) (44,30,11,1) (14,42,18,1) 
(28,11,14,1) (36,43,15,1) (39,46,17,1) (38,15,15,1) (0,14,12,1) (12,23,15,1) 
(46,10,13,1) (24,46,8,1) (26,3,7,1) (16,42,11,1) (13,11,24,1) (25,17,6,1) 
(31,43,11,1) (10,9,15,1) (46,24,8,1) (27,10,6,1) (31,32,6,1) (27,24,9,1) 
(23,6,7,1) (39,14,10,1) (37,22,10,1) (29,23,15,1) (27,5,16,1) (20,46,18,1) 
(34,0,7,1) (1,41,12,1) (1,17,14,1) (33,5,13,1) (43,18,18,1) (26,21,15,1) 
(43,14,7,1) (27,45,9,1) (12,32,11,1) (28,33,15,1) (27,8,6,1) (13,32,1,1) 
(46,45,11,1) (30,32,6,1) (14,19,6,1) (24,6,3,1) (42,28,10,1) (14,46,14,1) 
(22,15,13,1) (29,38,9,1) (28,37,9,1) (31,6,12,1) (26,45,18,1) (45,48,11,1) 
(20,15,9,1) (3,36,14,1) (43,38,12,1) (47,32,11,1) (25,28,20,1) (6,45,15,1) 
(33,5,12,1) (48,11,12,1) (32,21,6,1) (33,44,13,1) (32,9,10,1) (34,42,6,1) 