(5,91,17,1) (73,99,15,1) (3,14,5,1) (48,33,18,1) (30,3,6,1) (5,65,6,1) 
(69,86,13,1) (54,94,13,1) (20,78,11,1) (69,53,13,1) (36,35,8,1) (35,31,16,1) 
(20,70,3,1) (90,65,10,1) (79,22,12,1) (73,85,5,1) (89,36,12,1) (42,23,10,1) 
(91,97,15,1) (19,64,9,1) (65,84,6,1) (81,38,15,1) (32,53,10,1) (22,39,13,1) 
(43,11,9,1) (72,7,5,1) (40,89,17,1) (51,31,8,1) (87,44,11,1) (36,35,4,1) 
(95,39,11,1) (47,15,3,1) (73,80,15,1) (70,13,16,1) (63,99,12,1) (98,31,4,1) 
(57,22,5,1) (33,78,14,1) (10,47,7,1) (35,61,13,1) (88,58,13,1) (23,13,15,1) 
(70,92,4,1) (87,98,9,1) (32,86,2,1) (80,88,12,1) (42,85,13,1) (93,56,8,1) 
(27,59,13,1) (43,73,6,1) (96,34,5,1) (80,52,7,1) (23,51,10,1) (99,89,8,1) 
(83,75,9,1) (67,18,8,1) (22,30,6,1) (22,12,12,1) (93,29,8,1) (2,26,12,1) 
(52,23,3,1) (27,42,5,1) (19,41,10,1) (5,44,23,1) (31,81,11,1) (24,18,10,1) 
(80,52,11,1) (83,30,1,1) (78,66,8,1) (54,23,8,1) (79,43,11,1) (67,90,12,1) 
(56,19,7,1) (1,84,4,1) (12,95,2,1) (67,90,12,1) (4,60,17,1) (6,17,9,1) 
(52,5,8,1) (74,48,10,1) (42,68,6,1) (4,63,8,1) (77,51,10,1) (72,37,13,1) 
(63,3,16,1) (21,15,5,1) (30,24,10,1) (31,34,11,1) (68,4,8,1) (21,93,5,1) 
(8,54,6,1) (78,18,6,1) (86,5,8,1) (87,29,16,1) (84,56,3,1) (80,71,11,1) 
(93,1,4,1) (81,33,5,1) (14,20,17,1) (20,75,13,1) (58,10,14,1) (32,6,13,1) 
(20,50,1,1) (41,76,14,1) (40,87,7,1) (96,19,10,1) (46,5,16,1) (51,87,9,1) 
(90,81,7,1) (18,32,12,1) (42,84,21,1) (21,69,21,1) (2,52,9,1) (57,81,11,1) 
(90,20,23,1) (6,70,15,1) (98,23,6,1) (51,20,16,1) (7,4,17,1) (7,51,15,1) 
(69,94,17,1) (56,20,13,1) (48,84,10,1) (60,7,1,1) (2,13,5,1) (84,43,8,1) 
(27,99,5,1) (59,51,6,1) (70,55,16,1) (52,9,7,1) (74,69,14,1) (30,62,11,1) 
(52,33,13,1) (24,62,3,1) (62,51,6,1) (77,36,13,1) (23,92,16,1) (71,50,14,1) 
(7,13,1,1) (9,99,16,1) (95,40,22,1) (80,83,19,1) (8,5,10,1) (71,37,11,1) 
(83,23,2,1) (57,4,12,1) (5,31,15,1) (76,66,8,1) (74,21,14,1) (88,97,11,1) 
(42,52,18,1) (38,89,9,1) (23,55,14,1) (44,85,14,1) (18,44,14,1) (58,94,8,1) 
(64,9,11,1) (70,59,2,1) (96,79,9,1) (50,68,12,1) (5,48,5,1) (71,16,11,1) 
(76,93,17,1) (5,37,19,1) (14,7,11,1) (11,8,4,1) (42,45,13,1) (74,78,8,1) 
(32,22,21,1) (8,90,24,1) (61,39,2,1) (77,88,9,1) (12,18,20,1) (76,82,10,1) 
(95,35,15,1) (41,36,10,1) (9,16,19,1) (84,9,5,1) (3,86,18,1) (47,67,14,1) 
(89,38,13,1) (82,27,6,1) (63,6,10,1) (64,26,5,1) (41,79,24,1) (18,25,6,1) 
(16,29,10,1) (26,37,9,1) (54,17,11,1) (26,91,16,1) (46,66,8,1) (92,48,5,1) 
(97,82,10,1) (45,43,5,1) (53,15,9,1) (71,11,6,1) (52,50,14,1) (76,3,4,1) 
(31,67,11,1) (46,35,17,1) (14,72,6,1) (48,68,13,1) (16,26,8,1) (51,1,18,1) 
(59,41,17,1) (24,15,15,1) (36,89,16,1) (27,13,9,1) (93,8,4,1) (89,38,6,1) 
(42,3,10,1) (11,87,8,1) (25,86,13,1) (38,97,10,1) (49,92,13,1) (50,95,3,1) 
(15,56,13,1) (79,42,5,1) (40,38,4,1) (72,91,10,1) (15,59,8,1) (78,88,6,1) 
(14,64,4,1) (81,41,12,1) (94,16,12,1) (25,99,7,1) (7,90,13,1) (3,32,19,1) 
(49,17,13,1) (56,39,5,1) (61,25,6,1) (22,73,13,1) (41,79,4,1) (50,16,1,1) 
(98,40,17,1) (23,54,9,1) (48,57,1,1) (16,24,8,1) (84,83,4,1) (56,25,2,1) 
(57,39,17,1) (67,4,15,1) (32,20,12,1) (55,95,7,1) (9,3,11,1) (37,73,16,1) 
(97,15,12,1) (5,33,11,1) (70,18,12,1) (88,60,6,1) (8,60,7,1) (2,19,1,1) 
(5,41,4,1) (38,79,9,1) (63,16,9,1) (89,78,16,1) (64,54,13,1) (22,59,3,1) 
(41,38,18,1) (10,34,10,1) (4,46,10,1) (2,37,3,1) (71,6,9,1) (60,15,16,1) 
(18,67,10,1) (49,59,11,1) (57,61,21,1) (4,26,15,1) (4,20,11,1) (97,33,16,1) 
(33,75,13,1) (79,25,9,1) (30,48,16,1) (17,58,8,1) (68,19,15,1) (20,82,7,1) 
(98,89,8,1) (29,7,5,1) (47,94,8,1) (61,6,8,1) (31,85,10,1) (25,51,14,1) 
(51,91,8,1) (98,22,14,1) (10,14,11,1) (49,27,17,1) (46,78,6,1) (66,71,9,1) 
(58,3,12,1) (61,96,22,1) (72,83,7,1) (78,38,14,1) (7,87,9,1) (32,61,7,1) 
(29,63,11,1) (79,69,10,1) (94,87,12,1) (82,76,6,1) (98,57,3,1) (69,27,6,1) 
(12,3,11,1) (82,83,7,1) (78,36,8,1) (62,75,5,1) (14,13,7,1) (71,3,11,1) 
(74,81,5,1) (37,58,6,1) (57,49,8,1) (42,33,8,1) (8,46,13,1) (92,72,9,1) 
(64,50,15,1) (4,55,10,1) (24,92,8,1) (68,32,15,1) (83,7,7,1) (60,75,12,1) 
(96,32,9,1) (92,6,1,1) (88,45,14,1) (60,92,15,1) (40,70,9,1) (22,60,15,1) 
(74,98,4,1) (93,89,17,1) (60,55,13,1) (86,57,6,1) (41,23,13,1) (98,53,12,1) 
(25,78,16,1) (49,20,11,1) (19,91,14,1) (1,47,6,1) (33,41,6,1) (8,49,20,1) 
(35,29,16,1) (99,49,2,1) (53,47,9,1) (36,41,4,1) (40,51,3,1) (22,25,1,1) 
(62,2,3,1) (12,80,1,1) (25,37,11,1) (81,99,14,1) (28,91,8,1) (66,16,11,1) 
(5,14,3,1) (93,69,3,1) (86,8,16,1) (9,80,4,1) (90,6,21,1) (64,29,19,1) 
(91,93,17,1) (99,96,14,1) (39,6,9,1) (21,83,21,1) (67,1,8,1) (60,92,16,1) 
(87,19,10,1) (77,7,10,1) (28,53,5,1) (33,87,12,1) (18,85,7,1) (18,49,10,1) 
(88,46,14,1) (59,54,16,1) (22,63,9,1) (29,2,15,1) (6,29,13,1) (23,64,12,1) 
(43,77,7,1) (41,56,17,1) (38,83,9,1) (75,28,9,1) (77,10,5,1) (44,64,5,1) 
(27,24,6,1) (67,43,15,1) (67,92,13,1) (63,26,7,1) (93,6,12,1) (28,95,17,1) 
(86,84,11,1) (72,18,8,1) (79,20,20,1) (27,95,15,1) (58,90,6,1) (81,38,14,1) 
(80,89,11,1) (17,85,8,1) (74,5,6,1) (26,53,10,1) (17,53,6,1) (66,32,4,1) 
(87,13,18,1) (14,15,10,1) (97,48,2,1) (17,50,9,1) (83,21,13,1) (55,52,8,1) 
(70,61,15,1) (47,9,11,1) (69,95,4,1) (58,70,2,1) (67,51,8,1) (40,31,1,1) 
(51,41,19,1) (2,77,6,1) (1,60,9,1) (60,31,18,1) (88,24,11,1) (39,10,14,1) 
(27,10,9,1) (77,13,13,1) (10,20,3,1) (10,93,11,1) (74,12,11,1) (94,38,6,1) 
(39,79,12,1) (25,63,20,1) (89,15,16,1) (46,84,10,1) (70,84,7,1) (75,12,11,1) 
(31,22,8,1) (28,4,2,1) (90,47,17,1) (2,24,10,1) (33,38,2,1) (87,38,9,1) 
(56,79,13,1) (1,61,8,1) (42,36,3,1) (24,69,14,1) (73,30,6,1) (76,75,5,1) 
(30,0,6,1) (20,7,7,1) (79,91,4,1) (86,84,5,1) (26,4,12,1) (0,27,12,1) 
(50,82,15,1) (83,13,14,1) (44,72,14,1) (71,91,18,1) (92,24,7,1) (35,13,4,1) 
(99,72,9,1) (60,80,4,1) (55,22,3,1) (43,84,3,1) (78,2,7,1) (13,80,12,1) 
(25,10,2,1) (74,44,7,1) (80,83,15,1) (31,18,14,1) (59,86,7,1) (45,25,14,1) 
(79,22,8,1) (74,89,6,1) (50,8,25,1) (43,48,16,1) (69,23,12,1) (12,20,2,1) 
(31,14,11,1) (66,47,16,1) (17,44,6,1) (95,58,10,1) (5,74,6,1) (56,9,7,1) 
(59,90,5,1) (83,66,10,1) (37,35,6,1) (64,17,11,1) (15,34,17,1) (16,69,19,1) 
(4,95,8,1) (95,77,4,1) (71,35,18,1) (85,2,11,1) (33,74,3,1) (44,67,16,1) 
(89,59,6,1) (94,72,10,1) (92,77,10,1) (9,53,10,1) (53,49,10,1) (72,4,8,1) 
(63,75,9,1) (43,96,3,1) (77,43,5,1) (27,70,10,1) (68,83,11,1) (72,7,12,1) 
(41,24,1,1) (98,21,7,1) (85,12,13,1) (58,50,10,1) (38,47,17,1) (36,81,16,1) 
(93,15,12,1) (26,34,13,1) (65,12,12,1) (43,79,11,1) (38,95,11,1) (53,84,15,1) 
(87,0,15,1) (23,85,10,1) (98,35,14,1) (82,40,14,1) (8,52,6,1) (6,46,5,1) 
(48,64,1,1) (71,60,14,1) (60,67,1,1) (87,61,13,1) (70,13,3,1) (48,47,14,1) 
(68,72,7,1) (39,74,14,1) (4,32,6,1) (62,58,9,1) (66,79,13,1) (79,2,8,1) 
(73,64,15,1) (79,0,15,1) (11,36,12,1) (28,76,10,1) (36,17,13,1) (79,80,16,1) 
(94,8,6,1) (46,97,8,1) (29,37,4,1) (45,96,12,1) (16,58,10,1) (38,25,15,1) 
(9,56,7,1) (1,14,12,1) (57,91,8,1) (25,35,8,1) (82,13,7,1) (53,25,10,1) 
(88,86,10,1) (75,92,13,1) (47,97,6,1) (79,77,9,1) (22,47,12,1) (83,63,15,1) 
(11,32,11,1) (38,8,16,1) (58,23,11,1) (28,90,16,1) (78,10,5,1) (58,70,18,1) 
(78,23,15,1) (3,26,9,1) (11,63,16,1) (30,80,7,1) (21,0,14,1) (56,68,15,1) 
(38,97,4,1) (0,47,26,1) (57,2,5,1) (10,57,16,1) (9,83,3,1) (84,60,9,1) 
(57,89,11,1) (23,56,8,1) (73,21,9,1) (47,14,13,1) (9,91,15,1) (52,51,4,1) 
(86,14,11,1) (46,23,10,1) (77,1,12,1) (62,73,11,1) (56,42,9,1) (73,49,7,1) 
(95,11,12,1) (79,65,15,1) (65,53,6,1) (92,88,13,1) (27,59,8,1) (70,66,14,1) 
(37,81,11,1) (70,49,15,1) (90,67,1,1) (7,98,13,1) (16,36,10,1) (85,65,12,1) 
(73,75,6,1) (52,3,17,1) (79,9,13,1) (56,23,2,1) (49,86,13,1) (21,57,13,1) 