(18,10,5,1) (8,29,16,1) (1,2,15,1) (31,46,8,1) (3,8,16,1) (33,21,19,1) (9,11,1,1) (19,27,7,1) 
(13,18,15,1) (16,39,9,1) (42,3,14,1) (30,38,13,1) (30,3,11,1) (21,24,8,1) (37,38,9,1) (2,26,14,1) 
(9,14,6,1) (16,30,9,1) (24,28,8,1) (43,21,14,1) (43,24,13,1) (27,23,6,1) (21,38,2,1) (26,42,6,1) 
(41,4,8,1) (16,43,16,1) (35,45,9,1) (7,25,13,1) (1,9,12,1) (46,2,12,1) (13,48,1,1) (40,46,15,1) 
(46,43,7,1) (20,19,11,1) (4,26,18,1) (7,30,9,1) (29,46,14,1) (33,22,11,1) (20,13,13,1) (0,16,8,1) 
(14,27,8,1) (36,46,11,1) (7,17,4,1) (26,20,7,1) (25,4,16,1) (18,21,6,1) (10,45,8,1) (26,38,5,1) 
(16,41,12,1) (22,27,24,1) (26,14,12,1) (36,15,2,1) (14,30,22,1) (10,28,9,1) (1,15,8,1) (21,27,8,1) 
(20,4,16,1) (13,25,5,1) (36,7,6,1) (40,42,12,1) (22,12,11,1) (4,25,6,1) (5,27,1,1) (31,36,21,1) 
(9,33,9,1) (5,25,2,1) (34,17,19,1) (22,36,8,1) (23,17,19,1) (22,30,5,1) (36,49,18,1) (17,6,9,1) 
(13,19,10,1) (2,41,15,1) (10,33,10,1) (0,10,19,1) (0,13,11,1) (45,32,14,1) (25,23,17,1) (30,29,5,1) 
(5,44,18,1) (5,13,5,1) (37,42,8,1) (31,47,10,1) (6,4,13,1) (42,0,12,1) (33,31,16,1) (40,18,11,1) 
(17,34,15,1) (28,7,10,1) (35,37,17,1) (16,34,6,1) (39,0,12,1) (33,3,6,1) (34,44,15,1) (18,36,2,1) 
(20,48,6,1) (3,20,21,1) (37,48,1,1) (26,17,13,1) (4,40,6,1) (12,38,16,1) (48,3,7,1) (41,8,19,1) 
(8,10,16,1) (22,9,4,1) (15,5,9,1) (10,33,10,1) (29,41,8,1) (8,36,10,1) (16,27,7,1) (27,40,10,1) 
(35,13,15,1) (11,6,16,1) (1,22,7,1) (26,22,9,1) (32,30,9,1) (14,31,9,1) (15,49,7,1) (1,6,11,1) 
(2,28,6,1) (30,40,3,1) (35,10,5,1) (28,5,3,1) (16,32,17,1) (32,35,18,1) (0,20,5,1) (26,44,9,1) 
(8,14,10,1) (37,43,11,1) (38,3,17,1) (34,17,13,1) (9,23,20,1) (30,45,11,1) (21,16,10,1) (25,4,11,1) 
(17,23,4,1) (43,0,4,1) (0,31,9,1) (27,24,15,1) (6,21,4,1) (6,3,5,1) (2,38,4,1) (14,16,7,1) 
(38,43,2,1) (21,28,15,1) (18,46,13,1) (13,16,7,1) (6,30,10,1) (21,2,17,1) (12,20,4,1) (15,32,3,1) 
(25,16,12,1) (49,0,14,1) (27,43,18,1) (36,34,7,1) (15,8,5,1) (45,41,23,1) (49,39,6,1) (30,41,14,1) 
(45,49,3,1) (49,36,4,1) (49,41,12,1) (30,4,14,1) (23,33,17,1) (14,16,17,1) (41,3,14,1) (34,38,8,1) 
(40,4,8,1) (39,22,5,1) (6,21,9,1) (46,10,16,1) (40,23,24,1) (1,6,11,1) (40,8,3,1) (31,6,8,1) 
(32,16,14,1) (37,33,5,1) (1,11,13,1) (12,7,16,1) (1,7,6,1) (12,6,16,1) (1,38,7,1) (43,26,9,1) 
(14,9,3,1) (0,42,19,1) (19,48,3,1) (22,40,3,1) (37,45,3,1) (29,46,18,1) (19,40,6,1) (24,44,1,1) 
(44,4,7,1) (0,39,4,1) (11,45,5,1) (20,14,12,1) (46,22,7,1) (22,44,5,1) (45,47,14,1) (9,20,11,1) 
(28,14,9,1) (29,39,4,1) (47,42,7,1) (14,41,10,1) (40,0,10,1) (47,41,19,1) (10,37,9,1) (14,2,11,1) 
(13,42,20,1) (36,19,11,1) (16,34,7,1) (37,22,11,1) (10,36,23,1) (21,1,7,1) (10,15,3,1) (17,33,10,1) 
(14,25,15,1) (35,1,7,1) (24,23,14,1) (7,28,12,1) (3,49,8,1) (9,27,13,1) (27,19,11,1) (0,24,8,1) 
(3,40,22,1) (10,30,5,1) (10,8,14,1) (26,30,9,1) (10,15,4,1) (15,2,10,1) (33,30,19,1) (16,1,17,1) 
(15,43,11,1) (28,32,8,1) (19,6,21,1) (34,25,10,1) (41,14,16,1) (28,30,9,1) (44,0,13,1) (1,0,8,1) 
(15,35,4,1) (39,46,4,1) (21,5,7,1) (47,20,17,1) (22,8,6,1) (34,9,5,1) (23,47,8,1) (33,19,8,1) 
(25,48,21,1) (18,25,14,1) (7,45,20,1) (46,24,9,1) (36,4,7,1) (41,37,1,1) (31,1,13,1) (2,43,5,1) 
(22,47,11,1) (15,1,11,1) (34,19,8,1) (46,5,10,1) (22,20,7,1) (1,40,10,1) (39,1,10,1) (45,35,12,1) 
(28,17,13,1) (40,48,9,1) (16,31,14,1) (5,30,6,1) (42,20,11,1) (46,24,12,1) (28,7,10,1) (1,15,10,1) 
(20,2,2,1) (22,1,11,1) (3,13,7,1) (43,32,13,1) (48,23,7,1) (34,5,13,1) (21,30,12,1) (20,21,9,1) 
(4,24,15,1) (26,42,15,1) (37,27,7,1) (9,49,3,1) (40,23,13,1) (1,41,10,1) (33,24,8,1) (45,25,10,1) 
(17,24,14,1) (42,8,9,1) (34,49,7,1) (38,47,9,1) (2,11,2,1) (49,31,9,1) (32,10,10,1) (8,45,16,1) 
(20,30,12,1) (47,16,12,1) (35,29,19,1) (5,27,14,1) (34,31,16,1) (12,18,4,1) (5,44,9,1) (6,14,9,1) 
(38,49,4,1) (5,4,9,1) (31,9,11,1) (13,26,14,1) (20,12,10,1) (6,46,16,1) (19,17,16,1) (38,6,6,1) 
(6,18,4,1) (25,15,4,1) (14,15,12,1) (16,6,13,1) (5,21,13,1) (39,32,6,1) (49,39,11,1) (43,4,8,1) 
(35,10,6,1) (15,36,17,1) (15,13,6,1) (37,7,9,1) (2,34,9,1) (6,28,13,1) (12,46,7,1) (24,14,14,1) 
(49,33,16,1) (22,46,13,1) (7,11,6,1) (12,0,15,1) (38,12,12,1) (24,33,9,1) (38,29,13,1) (46,48,10,1) 
(13,45,9,1) (15,0,6,1) (42,25,8,1) (35,47,14,1) (16,17,14,1) (3,20,16,1) (27,20,7,1) (47,44,10,1) 
(35,36,6,1) (39,20,4,1) (20,10,6,1) (27,46,14,1) (46,13,11,1) (16,39,15,1) (34,26,15,1) (35,28,14,1) 
(28,42,7,1) (18,26,9,1) (6,32,7,1) (26,0,9,1) (2,4,17,1) (19,44,4,1) (20,36,8,1) (32,28,12,1) 
(32,0,12,1) (26,3,17,1) (45,18,19,1) (36,49,8,1) (5,2,5,1) (26,47,7,1) (34,29,9,1) (29,20,10,1) 
(19,3,8,1) (12,34,12,1) (40,9,11,1) (13,29,11,1) (9,6,7,1) (44,13,1,1) (23,21,13,1) (44,38,13,1) 
(7,25,8,1) (40,49,17,1) (28,35,12,1) (44,23,13,1) (24,39,14,1) (46,25,4,1) (24,41,16,1) (7,37,8,1) 
(13,22,13,1) (39,24,9,1) (37,35,8,1) (5,46,11,1) (14,37,5,1) (47,7,5,1) (40,18,13,1) (10,46,7,1) 
(33,22,15,1) (23,26,5,1) (47,14,7,1) (14,13,10,1) (25,26,12,1) (4,39,13,1) (19,36,13,1) (39,42,16,1) 
(24,46,1,1) (34,14,4,1) (17,20,8,1) (24,47,13,1) (1,15,15,1) (7,9,12,1) (46,49,7,1) (18,2,13,1) 
(16,31,2,1) (16,9,14,1) (16,21,15,1) (32,20,8,1) (2,35,13,1) (21,31,14,1) (39,0,8,1) (34,9,12,1) 
(25,44,14,1) (37,19,15,1) (48,40,9,1) (25,2,6,1) (35,42,7,1) (41,45,9,1) (33,0,9,1) (4,12,9,1) 
(27,8,6,1) (47,9,1,1) (12,37,12,1) (17,14,16,1) (0,43,10,1) (8,33,20,1) (24,16,7,1) (16,25,16,1) 
(31,26,8,1) (16,28,18,1) (22,14,10,1) (2,44,6,1) (35,34,14,1) (39,3,15,1) (20,25,2,1) (41,42,13,1) 
(2,37,3,1) (29,0,5,1) (32,22,8,1) (19,35,15,1) (22,18,4,1) (9,14,11,1) (21,25,4,1) (17,14,9,1) 
(9,27,12,1) (35,30,10,1) (47,7,17,1) (22,12,18,1) (40,3,11,1) (12,19,10,1) (11,38,3,1) (31,42,15,1) 
(17,21,18,1) (19,3,10,1) (3,28,6,1) (45,7,10,1) (32,17,12,1) (36,28,12,1) (44,27,3,1) (40,20,10,1) 
(9,26,1,1) (6,11,7,1) (10,19,23,1) (20,40,10,1) (7,49,21,1) (32,29,2,1) (31,17,7,1) (19,39,13,1) 
(23,24,13,1) (31,0,18,1) (4,0,14,1) (9,12,7,1) (45,25,12,1) (12,14,15,1) (46,17,18,1) (0,47,8,1) 
(6,18,10,1) (37,31,6,1) (44,11,15,1) (33,17,11,1) (20,0,9,1) (6,16,7,1) (40,3,2,1) (0,33,18,1) 
(25,7,16,1) (10,1,16,1) (27,15,11,1) (40,12,11,1) (7,17,6,1) (47,35,8,1) (16,31,17,1) (46,37,6,1) 
(15,43,7,1) (46,38,9,1) (31,21,7,1) (4,49,6,1) (18,19,16,1) (36,2,8,1) (48,1,10,1) (17,35,6,1) 
(8,5,16,1) (17,30,4,1) (1,14,7,1) (6,22,14,1) (7,1,4,1) (19,45,20,1) (15,43,11,1) (12,43,14,1) 
(11,16,15,1) (11,25,6,1) (22,20,16,1) (9,48,7,1) (21,20,16,1) (0,17,16,1) (39,15,3,1) (44,47,18,1) 
(42,44,13,1) (34,3,12,1) (10,22,10,1) (14,5,11,1) (47,16,8,1) (32,49,10,1) (12,6,11,1) (15,10,13,1) 
(30,3,7,1) (17,35,9,1) (23,14,14,1) (20,35,8,1) (4,1,7,1) (48,2,8,1) (15,28,2,1) (28,7,1,1) 
(35,22,11,1) (39,41,10,1) (28,42,10,1) (31,23,21,1) (10,22,8,1) (22,5,9,1) (39,36,11,1) (6,31,9,1) 
(15,17,12,1) (7,43,15,1) (3,28,14,1) (37,49,16,1) (1,29,1,1) (37,1,15,1) (21,9,1,1) (17,10,3,1) 
(45,9,11,1) (18,41,17,1) (14,17,10,1) (34,44,2,1) (23,47,12,1) (18,23,11,1) (27,9,5,1) (1,39,10,1) 
(25,48,17,1) (26,38,1,1) (5,48,7,1) (5,6,13,1) (37,25,14,1) (37,27,13,1) (20,36,2,1) (37,43,10,1) 
(11,29,9,1) (33,9,13,1) (26,8,13,1) (22,1,7,1) (38,1,18,1) (38,30,14,1) (1,40,11,1) (38,32,3,1) 
(2,33,10,1) (44,5,11,1) (10,8,4,1) (6,29,19,1) (27,13,12,1) (26,15,23,1) (21,33,14,1) (23,5,10,1) 
(2,35,9,1) (36,4,8,1) (26,23,10,1) (8,9,5,1) (41,33,8,1) (0,26,8,1) (11,36,13,1) (45,48,7,1) 
(41,10,9,1) (0,6,18,1) (30,13,13,1) (28,6,5,1) (33,21,9,1) (37,44,12,1) (47,49,11,1) (9,23,5,1) 
(37,27,5,1) (27,17,5,1) (7,30,11,1) (14,45,8,1) (28,1,17,1) (24,31,8,1) (15,23,19,1) (2,14,8,1) 
(23,38,5,1) (36,27,15,1) (44,33,11,1) (31,13,11,1) (3,14,14,1) (30,33,8,1) (10,43,9,1) (37,5,19,1) 
(3,2,6,1) (18,46,16,1) (38,47,10,1) (40,22,8,1) (30,7,19,1) (31,49,10,1) (12,27,5,1) (16,10,11,1) 
(43,44,13,1) (42,46,8,1) (15,28,14,1) (26,45,11,1) (37,27,7,1) (22,16,13,1) (35,20,3,1) (41,30,2,1) 
(9,4,11,1) (36,39,17,1) (15,35,13,1) (37,21,18,1) (43,20,1,1) (8,27,14,1) (2,24,2,1) (39,32,2,1) 
(47,11,16,1) (30,45,15,1) (47,6,16,1) (31,37,19,1) (9,25,7,1) (20,26,14,1) (41,8,9,1) (13,49,1,1) 
(12,44,6,1) (47,31,13,1) (31,12,16,1) (19,41,6,1) (22,47,11,1) (14,43,12,1) (36,47,5,1) (1,7,11,1) 
(35,22,9,1) (25,2,20,1) (15,42,6,1) (22,47,1,1) (49,7,13,1) (18,42,2,1) (45,38,13,1) (39,26,9,1) 
(17,32,14,1) (19,13,8,1) (38,0,11,1) (10,14,12,1) (25,32,10,1) (33,34,7,1) (31,34,18,1) (2,35,12,1) 
(42,35,8,1) (19,48,9,1) (36,25,4,1) (7,35,2,1) (46,3,12,1) (9,28,15,1) (17,8,10,1) (14,17,6,1) 
(15,14,10,1) (31,23,6,1) (36,26,10,1) (18,23,16,1) (3,20,9,1) (1,32,7,1) (45,15,10,1) (7,40,8,1) 
(42,16,10,1) (35,46,3,1) (25,6,5,1) (9,24,8,1) (36,44,8,1) (35,37,11,1) (48,30,4,1) (44,23,8,1) 
(47,45,22,1) (9,14,5,1) (24,21,14,1) (47,31,13,1) (38,6,15,1) (13,47,4,1) (46,20,9,1) (28,35,8,1) 
(40,5,15,1) (2,9,4,1) (15,10,16,1) (27,9,12,1) (22,12,2,1) (1,13,1,1) (39,25,13,1) (25,23,4,1) 
(1,11,18,1) (21,35,10,1) (10,32,4,1) (27,34,10,1) (34,9,9,1) (25,45,8,1) (35,38,11,1) (25,20,17,1) 
(0,20,8,1) (22,45,7,1) (3,8,3,1) (38,23,14,1) (35,10,16,1) (5,17,10,1) (43,23,3,1) (26,22,13,1) 
(9,22,13,1) (27,0,13,1) (1,19,16,1) (17,4,4,1) (20,23,10,1) (0,24,21,1) (34,21,12,1) (14,46,11,1) 
(8,25,1,1) (34,31,9,1) (14,49,7,1) (34,4,19,1) (15,25,6,1) (27,49,15,1) (31,28,12,1) (12,45,17,1) 
(37,47,12,1) (16,26,9,1) (3,42,11,1) (20,42,17,1) (35,33,6,1) (35,15,8,1) (30,42,21,1) (7,3,1,1) 
(18,49,5,1) (1,4,4,1) (33,44,18,1) (33,7,10,1) (36,6,11,1) (49,16,4,1) (11,38,7,1) (42,31,14,1) 
(2,19,2,1) (19,47,10,1) (16,6,13,1) (42,26,12,1) (14,33,10,1) (8,44,3,1) (15,32,17,1) (6,32,4,1) 
(3,33,7,1) (49,36,1,1) (26,17,17,1) (25,40,4,1) (0,11,15,1) (25,36,10,1) (33,29,9,1) (44,20,9,1) 
(44,11,14,1) (26,43,1,1) (19,30,9,1) (43,45,11,1) (7,0,13,1) (28,42,14,1) (2,18,6,1) (24,4,5,1) 
(15,22,12,1) (43,7,13,1) (49,41,16,1) (4,16,22,1) (46,36,14,1) (39,34,9,1) (7,41,5,1) (37,47,7,1) 
(23,41,11,1) (21,42,6,1) (41,4,13,1) (42,4,8,1) (17,37,5,1) (10,33,8,1) (22,38,3,1) (19,48,9,1) 