(17,29,14,1) (4,27,7,1) (12,5,6,1) 
(16,8,16,1) (10,28,18,1) (22,8,12,1) 
(26,27,7,1) (26,13,4,1) (13,24,5,1) 
(14,18,12,1) (29,11,12,1) (5,20,11,1) 
(15,21,6,1) (29,22,15,1) (4,0,8,1) 
(12,15,16,1) (1,6,9,1) (1,15,8,1) 
(13,1,4,1) (0,15,4,1) (9,27,2,1) 
(29,25,11,1) (12,15,10,1) (29,3,13,1) 
(0,4,5,1) (29,1,10,1) (17,27,3,1) 
(2,14,11,1) (14,4,16,1) (23,25,2,1) 
(13,22,12,1) (16,7,6,1) (11,25,6,1) 
(27,16,13,1) (0,18,8,1) (7,27,16,1) 
(24,3,9,1) (2,0,9,1) (19,6,21,1) 
(20,17,8,1) (18,16,1,1) (19,17,14,1) 
(25,24,8,1) (14,2,5,1) (6,17,17,1) 
(16,24,18,1) (9,1,12,1) (3,29,12,1) 
(16,9,12,1) (11,16,11,1) (3,29,6,1) 
(14,29,2,1) (12,19,13,1) (3,4,8,1) 
(24,15,9,1) (1,12,9,1) (27,0,17,1) 
(27,6,4,1) (16,11,9,1) (17,19,8,1) 
(4,14,6,1) (25,19,2,1) (11,9,16,1) 
(2,7,2,1) (18,7,6,1) (17,28,5,1) 
(6,4,14,1) (24,12,8,1) (23,22,7,1) 
(12,22,16,1) (22,7,10,1) (3,0,1,1) 
(0,3,5,1) (5,12,13,1) (22,24,8,1) 
(26,28,1,1) (17,25,13,1) (11,29,10,1) 
(7,9,12,1) (13,9,17,1) (19,25,7,1) 
(24,7,6,1) (27,24,17,1) (19,18,9,1) 
(28,26,13,1) (23,10,8,1) (14,26,13,1) 
(2,14,10,1) (1,15,6,1) (22,3,18,1) 
(4,8,10,1) (14,29,5,1) (9,28,2,1) 
(18,23,13,1) (13,21,15,1) (21,25,18,1) 
(8,28,8,1) (8,29,12,1) (0,21,2,1) 
(26,12,4,1) (3,17,17,1) (20,18,20,1) 
(17,5,8,1) (16,27,9,1) (8,17,9,1) 
(24,10,12,1) (6,20,11,1) (5,1,13,1) 
(26,28,8,1) (25,14,4,1) (12,22,12,1) 
(25,28,7,1) (5,21,4,1) (19,10,7,1) 
(6,13,14,1) (4,3,13,1) (11,22,11,1) 
(9,4,4,1) (11,19,3,1) (27,2,4,1) 
(29,20,13,1) (26,18,8,1) (25,23,12,1) 
(25,18,13,1) (11,9,12,1) (23,27,14,1) 
(1,26,13,1) (17,16,13,1) (28,15,13,1) 
(25,26,13,1) (2,10,18,1) (7,28,4,1) 
(3,27,10,1) (25,0,15,1) (0,6,16,1) 
(9,14,10,1) (0,20,10,1) (28,18,9,1) 
(4,20,10,1) (26,3,18,1) (19,14,12,1) 
(15,9,3,1) (27,21,13,1) (4,20,6,1) 
(17,18,12,1) (3,8,7,1) (20,9,11,1) 
(18,15,12,1) (16,9,9,1) (21,23,9,1) 
(20,27,10,1) (1,27,7,1) (11,4,4,1) 
(3,26,7,1) (1,29,11,1) (15,0,16,1) 
(17,25,1,1) (22,1,17,1) (15,1,15,1) 
(26,1,4,1) (15,16,10,1) (8,16,13,1) 
(14,4,11,1) (4,27,8,1) (24,14,6,1) 
(8,23,8,1) (14,12,8,1) (26,3,9,1) 
(15,8,16,1) (0,11,17,1) (28,25,3,1) 
(2,18,15,1) (22,8,14,1) (6,1,12,1) 
(16,1,5,1) (12,3,21,1) (9,13,13,1) 
(12,6,7,1) (15,12,5,1) (22,11,12,1) 
(29,17,13,1) (22,3,2,1) (23,15,9,1) 
(29,4,3,1) (28,3,13,1) (25,27,9,1) 
(15,19,10,1) (22,2,6,1) (16,23,12,1) 
(24,11,17,1) (3,13,8,1) (23,3,15,1) 
(4,15,12,1) (23,25,14,1) (22,27,21,1) 
(22,26,11,1) (9,3,13,1) (25,3,4,1) 
(3,27,6,1) (19,11,7,1) (18,26,5,1) 
(1,8,15,1) (2,13,5,1) (26,28,6,1) 
(4,7,5,1) (9,8,6,1) (14,5,5,1) 
(7,11,1,1) (19,11,12,1) (14,9,12,1) 
(22,10,15,1) (4,18,8,1) (22,25,11,1) 
(23,6,12,1) (14,9,15,1) (16,12,12,1) 
(24,7,14,1) (25,16,16,1) (1,23,18,1) 
(28,17,22,1) (25,13,13,1) (22,18,10,1) 
(23,8,11,1) (10,4,4,1) (17,2,11,1) 
(9,1,6,1) (0,25,12,1) (3,6,9,1) 
(5,6,10,1) (8,2,17,1) (20,22,5,1) 
(6,16,1,1) (8,6,10,1) (17,29,15,1) 
(2,19,1,1) (16,6,7,1) (26,6,7,1) 
(29,25,12,1) (4,17,7,1) (7,22,18,1) 
(26,29,7,1) (9,0,12,1) (1,23,9,1) 
(9,24,12,1) (26,6,11,1) (28,26,6,1) 
(23,19,4,1) (24,8,12,1) (3,4,11,1) 
(7,14,7,1) (13,15,18,1) (10,21,12,1) 
(26,29,10,1) (13,5,12,1) (2,27,6,1) 
(27,22,8,1) (15,10,2,1) (9,18,6,1) 
(5,2,15,1) (7,14,8,1) (2,13,15,1) 
(13,12,1,1) (14,10,7,1) (27,19,9,1) 
(12,23,10,1) (22,24,6,1) (27,21,5,1) 
(1,24,6,1) (26,20,11,1) (11,27,7,1) 
(17,14,13,1) (15,18,10,1) (11,12,7,1) 
(1,10,10,1) (12,11,14,1) (5,20,6,1) 
(10,3,13,1) (28,16,10,1) (3,7,7,1) 
(5,19,18,1) (28,10,16,1) (25,10,17,1) 
(16,28,12,1) (7,24,7,1) (8,23,14,1) 
(1,3,8,1) (8,15,20,1) (18,29,1,1) 
(17,22,14,1) (0,18,11,1) (17,12,8,1) 
(15,2,12,1) (8,12,15,1) (16,14,19,1) 
(2,20,12,1) (11,24,10,1) (24,6,7,1) 
(15,20,13,1) (8,9,9,1) (20,4,15,1) 