(5,1,4,1) (1,21,5,1) (1,23,12,1) (17,13,23,1) (24,5,12,1) (11,21,12,1) (17,8,13,1) (28,0,5,1) 
(2,12,11,1) (1,10,4,1) (18,1,9,1) (7,5,14,1) (20,10,16,1) (11,16,12,1) (21,2,11,1) (10,11,12,1) 
(25,5,18,1) (10,22,15,1) (12,7,12,1) (4,7,10,1) (22,27,5,1) (12,13,8,1) (28,29,8,1) (19,11,11,1) 
(11,20,5,1) (1,7,8,1) (1,14,9,1) (1,28,10,1) (11,10,14,1) (0,18,16,1) (18,21,4,1) (28,25,15,1) 
(14,2,9,1) (19,12,7,1) (24,2,9,1) (14,18,13,1) (10,19,14,1) (9,25,8,1) (5,25,21,1) (28,6,14,1) 
(12,21,11,1) (3,23,11,1) (1,6,19,1) (3,28,15,1) (1,9,9,1) (4,1,12,1) (2,27,5,1) (12,16,11,1) 
(7,6,15,1) (13,24,7,1) (17,22,4,1) (27,0,15,1) (27,8,22,1) (21,8,16,1) (25,4,15,1) (22,29,8,1) 
(11,2,18,1) (24,26,22,1) (25,17,4,1) (12,27,7,1) (23,26,13,1) (6,16,4,1) (18,11,12,1) (28,21,13,1) 
(22,5,6,1) (25,0,5,1) (21,22,9,1) (4,10,2,1) (19,2,8,1) (3,20,3,1) (8,22,11,1) (14,5,12,1) 
(24,11,1,1) (0,6,7,1) (10,19,6,1) (20,19,13,1) (17,27,11,1) (19,14,4,1) (5,3,2,1) (14,25,8,1) 
(7,9,16,1) (26,8,4,1) (12,0,1,1) (1,18,11,1) (1,20,5,1) (14,8,5,1) (28,27,13,1) (26,11,13,1) 
(10,8,12,1) (28,21,17,1) (3,8,11,1) (20,13,12,1) (13,4,8,1) (15,11,11,1) (2,18,18,1) (15,0,12,1) 
(26,14,9,1) (18,5,5,1) (14,4,7,1) (21,17,7,1) (12,22,12,1) (29,13,4,1) (4,0,13,1) (2,6,9,1) 
(12,23,18,1) (1,18,1,1) (4,8,9,1) (14,7,11,1) (0,28,10,1) (25,27,21,1) (4,5,20,1) (12,5,7,1) 
(13,25,19,1) (18,7,17,1) (26,28,12,1) (22,7,18,1) (18,26,21,1) (24,18,13,1) (9,26,16,1) (17,0,5,1) 
(14,20,6,1) (25,5,12,1) (22,0,20,1) (16,29,17,1) (7,26,5,1) (12,16,5,1) (18,2,16,1) (27,5,15,1) 
(8,25,5,1) (15,12,1,1) (9,7,9,1) (22,17,11,1) (8,2,20,1) (1,16,1,1) (21,14,21,1) (21,27,5,1) 
(13,6,5,1) (24,20,14,1) (18,11,14,1) (23,5,9,1) (11,15,12,1) (9,3,16,1) (7,3,4,1) (27,11,7,1) 
(15,22,7,1) (15,0,17,1) (27,23,11,1) (3,25,7,1) (23,17,2,1) (25,6,10,1) (11,12,2,1) (29,24,8,1) 
(15,20,14,1) (29,24,9,1) (20,6,13,1) (24,18,12,1) (1,28,9,1) (13,11,17,1) (12,4,11,1) (12,21,12,1) 
(23,28,9,1) (18,20,4,1) (1,23,13,1) (2,15,12,1) (12,15,17,1) (12,17,15,1) (27,9,4,1) (10,11,16,1) 
(0,3,10,1) (7,29,12,1) (5,24,11,1) (1,23,8,1) (3,16,3,1) (15,25,9,1) (23,8,7,1) (25,1,17,1) 
(25,12,12,1) (17,26,7,1) (13,15,12,1) (1,26,3,1) (20,1,8,1) (28,11,5,1) (4,1,11,1) (23,1,11,1) 
(13,21,12,1) (21,28,12,1) (10,12,16,1) (22,26,12,1) (22,14,9,1) (19,21,11,1) (16,5,12,1) (10,18,16,1) 
(19,18,8,1) (22,27,6,1) (2,6,18,1) (5,18,18,1) (16,29,22,1) (25,28,9,1) (3,29,14,1) (7,9,8,1) 
(1,24,12,1) (27,20,13,1) (20,24,5,1) (21,16,17,1) (14,23,7,1) (17,4,10,1) (20,6,7,1) (17,7,5,1) 
(3,28,9,1) (29,18,7,1) (11,4,5,1) (1,23,7,1) (7,11,5,1) (21,11,3,1) (27,18,11,1) (11,20,12,1) 
(3,8,18,1) (24,25,11,1) (14,4,4,1) (22,0,17,1) (11,18,6,1) (15,29,13,1) (2,26,19,1) (18,2,4,1) 
(22,21,9,1) (7,2,8,1) (18,23,16,1) (13,6,16,1) (28,16,13,1) (2,23,15,1) (7,24,7,1) (20,16,12,1) 
(19,16,15,1) (0,12,8,1) (10,11,13,1) (8,22,19,1) (2,19,4,1) (0,2,9,1) (5,7,4,1) (7,3,13,1) 
(27,15,13,1) (6,24,14,1) (25,6,2,1) (20,27,3,1) (9,5,10,1) (21,29,15,1) (29,3,11,1) (23,9,10,1) 
(3,20,2,1) (9,6,12,1) (17,7,17,1) (12,3,10,1) (10,24,12,1) (29,1,18,1) (25,6,16,1) (24,18,8,1) 
(2,4,22,1) (19,22,13,1) (18,29,9,1) (15,13,13,1) (12,11,9,1) (4,12,4,1) (6,17,7,1) (13,21,5,1) 
(9,25,10,1) (12,20,10,1) (28,11,11,1) (3,17,13,1) (15,4,18,1) (4,23,8,1) (16,25,12,1) (5,24,12,1) 
(15,4,13,1) (20,0,19,1) (22,20,12,1) (19,24,6,1) (24,25,14,1) (24,8,12,1) (17,19,9,1) (7,23,6,1) 
(25,15,21,1) (23,16,13,1) (21,19,18,1) (21,26,13,1) (1,23,13,1) (1,28,9,1) (18,23,10,1) (23,15,7,1) 
(18,20,12,1) (11,2,15,1) (12,2,12,1) (11,18,11,1) (7,29,12,1) (0,7,13,1) (16,6,13,1) (15,0,16,1) 
(2,28,9,1) (16,7,19,1) (16,5,9,1) (4,3,3,1) (9,6,12,1) (5,19,13,1) (18,22,5,1) (17,2,17,1) 
(20,5,4,1) (0,28,6,1) (21,16,24,1) (10,16,7,1) (9,16,5,1) (1,5,4,1) (4,0,15,1) (24,4,3,1) 
(20,17,5,1) (24,25,7,1) (27,19,13,1) (8,22,12,1) (26,19,10,1) (14,2,8,1) (24,27,12,1) (21,5,12,1) 
(15,17,15,1) (28,27,7,1) (24,15,19,1) (29,12,8,1) (20,25,10,1) (17,0,10,1) (9,21,20,1) (15,8,11,1) 
(11,0,7,1) (18,6,12,1) (5,17,5,1) (10,19,2,1) (26,7,16,1) (1,12,3,1) (25,28,18,1) (28,22,22,1) 
(28,6,12,1) (1,18,7,1) (12,8,11,1) (13,1,16,1) (28,15,9,1) (11,15,12,1) (12,17,5,1) (11,8,11,1) 
(21,27,10,1) (17,28,8,1) (1,2,17,1) (20,15,11,1) (7,15,12,1) (17,0,13,1) (12,18,14,1) (18,7,7,1) 
(9,13,14,1) (29,13,8,1) (17,21,13,1) (1,17,6,1) (17,14,5,1) (10,16,2,1) (19,15,13,1) (10,19,6,1) 
(7,28,6,1) (2,6,17,1) (1,19,13,1) (16,27,12,1) (19,20,17,1) (29,3,11,1) (9,13,4,1) (29,22,19,1) 
(11,29,4,1) (7,28,16,1) (5,19,3,1) (16,4,5,1) (22,7,9,1) (21,27,7,1) (22,3,3,1) (12,2,10,1) 
(14,12,6,1) (1,15,9,1) (10,21,11,1) (28,15,5,1) (8,25,8,1) (4,8,6,1) (19,3,14,1) (2,25,6,1) 
(20,4,8,1) (0,22,8,1) (8,19,12,1) (13,2,8,1) (19,26,14,1) (11,8,15,1) (1,16,15,1) (10,17,8,1) 
(21,8,12,1) (22,4,16,1) (3,28,16,1) (25,10,7,1) (16,13,8,1) (3,19,20,1) (18,0,11,1) (6,20,9,1) 
(24,11,13,1) (22,28,14,1) (4,28,9,1) (10,18,8,1) (5,12,18,1) (2,4,10,1) (6,24,11,1) (0,14,4,1) 
(19,10,6,1) (5,13,8,1) (21,26,17,1) (27,10,19,1) (4,3,2,1) (9,0,11,1) (18,7,13,1) (14,1,14,1) 
(0,21,11,1) (28,12,6,1) (2,17,14,1) (3,26,5,1) (2,10,6,1) (19,21,14,1) (29,14,12,1) (14,28,5,1) 
(25,5,16,1) (25,4,17,1) (23,20,6,1) (28,25,9,1) (11,1,14,1) (12,27,18,1) (0,1,11,1) (14,20,2,1) 
(26,23,7,1) (21,17,5,1) (2,11,24,1) (13,29,10,1) (16,28,3,1) (13,28,14,1) (27,11,12,1) (18,1,17,1) 
(16,14,16,1) (11,6,12,1) (17,18,7,1) (3,29,13,1) (18,10,9,1) (10,7,24,1) (22,13,18,1) (23,29,7,1) 
(10,13,18,1) (4,12,2,1) (24,23,8,1) (25,18,10,1) (10,27,16,1) (16,1,8,1) (24,6,9,1) (16,20,15,1) 
(13,16,13,1) (26,10,9,1) (11,19,12,1) (23,13,18,1) (8,0,7,1) (12,15,9,1) (21,29,5,1) (0,13,9,1) 
(17,5,12,1) (2,27,9,1) (26,19,6,1) (10,5,11,1) (12,4,6,1) (12,19,12,1) (27,12,2,1) (6,7,12,1) 
(8,21,11,1) (22,1,9,1) (12,1,14,1) (27,7,1,1) (20,3,9,1) (14,9,24,1) (19,9,9,1) (19,22,14,1) 
(12,2,11,1) (2,26,11,1) (0,27,5,1) (8,19,11,1) (19,27,13,1) (24,14,12,1) (24,7,11,1) (0,15,3,1) 
(18,0,17,1) (6,9,6,1) (3,2,12,1) (6,19,13,1) (4,19,7,1) (3,28,8,1) (15,14,11,1) (5,8,6,1) 
(13,21,8,1) (4,15,10,1) (23,13,6,1) (23,29,10,1) (18,25,5,1) (22,3,14,1) (10,22,14,1) (17,12,8,1) 
(27,0,12,1) (6,12,1,1) (12,20,12,1) (11,19,10,1) (7,29,6,1) (24,6,8,1) (6,5,11,1) (28,23,8,1) 
(10,18,13,1) (22,1,7,1) (25,2,13,1) (29,3,11,1) (18,7,8,1) (22,10,11,1) (15,28,5,1) (23,7,10,1) 
(0,24,12,1) (0,28,9,1) (27,1,4,1) (8,13,9,1) (12,9,1,1) (22,18,14,1) (3,28,7,1) (4,17,7,1) 
(14,22,13,1) (10,11,12,1) (22,19,20,1) (15,12,14,1) (10,19,4,1) (16,10,8,1) (22,26,2,1) (25,3,9,1) 
(23,26,14,1) (22,15,15,1) (11,26,16,1) (11,12,15,1) (10,23,2,1) (20,0,16,1) (24,19,14,1) (12,20,2,1) 
(21,5,6,1) (9,3,13,1) (23,1,7,1) (13,16,12,1) (19,25,11,1) (17,4,17,1) (25,21,9,1) (11,15,5,1) 
(8,5,8,1) (6,9,17,1) (14,1,14,1) (17,16,10,1) (17,20,8,1) (0,29,12,1) (28,18,5,1) (11,25,8,1) 
(4,27,4,1) (9,0,5,1) (27,9,11,1) (23,1,8,1) (11,28,21,1) (18,29,11,1) (2,24,14,1) (22,6,5,1) 
(3,13,14,1) (7,19,13,1) (28,7,11,1) (19,5,7,1) (18,26,17,1) (2,23,16,1) (28,10,5,1) (4,27,4,1) 
(5,16,5,1) (24,27,13,1) (17,16,3,1) (14,0,6,1) (6,27,2,1) (5,19,15,1) (8,4,14,1) (14,26,9,1) 
(24,15,4,1) (14,23,15,1) (10,25,8,1) (27,21,9,1) (8,14,1,1) (11,23,13,1) (2,26,4,1) (16,6,10,1) 
(8,20,3,1) (11,10,16,1) (8,27,10,1) (2,26,6,1) (14,23,11,1) (10,0,9,1) (20,3,15,1) (15,29,5,1) 
(1,10,5,1) (25,10,12,1) (14,24,9,1) (25,9,16,1) (21,0,9,1) (16,10,2,1) (20,16,2,1) (8,24,12,1) 
(5,12,4,1) (12,20,9,1) (3,20,1,1) (28,27,15,1) (5,20,11,1) (14,29,9,1) (13,20,10,1) (21,29,10,1) 
(3,4,7,1) (24,6,15,1) (18,22,8,1) (23,19,8,1) (9,16,4,1) (11,17,15,1) (11,21,10,1) (10,25,6,1) 
(26,1,12,1) (2,15,11,1) (9,26,3,1) (4,16,4,1) (15,3,15,1) (13,14,3,1) (5,14,6,1) (2,24,13,1) 
(17,22,7,1) (22,25,19,1) (28,2,11,1) (20,27,5,1) (28,13,8,1) (9,1,14,1) (5,10,6,1) (29,13,13,1) 
(24,25,14,1) (1,3,9,1) (8,24,13,1) (9,12,7,1) (13,29,14,1) (15,28,9,1) (29,2,8,1) (1,8,13,1) 
(1,21,5,1) (7,3,9,1) (23,17,11,1) (21,6,12,1) (13,28,13,1) (24,19,8,1) (15,25,13,1) (15,2,6,1) 
(2,29,5,1) (6,0,11,1) (8,15,8,1) (14,27,10,1) (13,5,3,1) (29,18,9,1) (5,4,6,1) (0,15,6,1) 
(28,24,15,1) (6,20,12,1) (28,14,6,1) (21,23,12,1) (21,10,9,1) (3,16,9,1) (6,1,9,1) (24,25,3,1) 
(28,3,13,1) (8,10,16,1) (6,21,19,1) (17,5,8,1) (10,22,15,1) (18,5,14,1) (11,13,10,1) (9,11,15,1) 
(1,16,7,1) (21,28,15,1) (5,4,11,1) (3,23,6,1) (4,13,13,1) (12,19,11,1) (15,7,24,1) (22,10,4,1) 
(5,27,11,1) (0,6,13,1) (0,7,9,1) (24,2,14,1) (17,3,9,1) (11,3,9,1) (11,22,9,1) (24,10,18,1) 
(2,8,6,1) (12,1,7,1) (24,28,2,1) (24,18,12,1) (27,2,8,1) (13,5,5,1) (7,2,8,1) (12,11,16,1) 
(25,14,19,1) (26,7,14,1) (25,17,3,1) (21,7,15,1) (25,1,7,1) (17,1,9,1) (23,28,9,1) (18,26,8,1) 
(0,10,15,1) (22,26,1,1) (25,17,12,1) (23,13,18,1) (27,11,16,1) (29,24,13,1) (3,10,6,1) (7,21,3,1) 
(18,21,13,1) (18,8,4,1) (15,25,14,1) (8,7,10,1) (8,9,9,1) (26,10,10,1) (4,10,13,1) (6,13,3,1) 
(6,1,14,1) (6,2,16,1) (6,8,14,1) (3,28,12,1) (13,22,14,1) (13,19,10,1) (24,13,23,1) (14,15,27,1) 
(29,2,9,1) (0,26,15,1) (6,18,15,1) (10,13,15,1) (26,3,10,1) (0,6,17,1) (24,22,8,1) (12,27,16,1) 
(25,0,18,1) (22,6,12,1) (16,3,13,1) (1,21,21,1) (1,0,9,1) (4,18,9,1) (11,0,13,1) (16,29,8,1) 
(4,13,14,1) (15,29,15,1) (22,27,7,1) (7,14,8,1) (12,29,9,1) (9,7,4,1) (22,12,9,1) (25,2,15,1) 
(22,14,9,1) (12,22,11,1) (25,21,8,1) (0,18,12,1) (27,12,15,1) (12,29,10,1) (29,28,19,1) (2,1,14,1) 
(15,11,5,1) (13,22,7,1) (12,18,11,1) (5,26,17,1) (20,2,18,1) (9,14,11,1) (20,22,13,1) (16,5,4,1) 
(5,22,15,1) (5,15,9,1) (23,27,2,1) (19,17,2,1) (8,29,9,1) (5,8,8,1) (22,3,17,1) (19,1,12,1) 
(3,12,13,1) (21,11,14,1) (24,19,11,1) (15,6,12,1) (15,24,13,1) (25,22,13,1) (11,23,5,1) (1,22,11,1) 
(13,18,11,1) (22,9,11,1) (1,13,11,1) (13,24,7,1) (8,25,6,1) (18,10,11,1) (19,17,10,1) (24,7,11,1) 