(13,6,11,1) (12,1,10,1) (3,12,2,1) (12,2,13,1) (3,26,11,1) (19,4,11,1) 
(20,1,15,1) (12,16,2,1) (11,24,8,1) (18,4,10,1) (10,14,16,1) (6,2,20,1) 
(10,14,9,1) (26,19,7,1) (0,20,9,1) (1,22,13,1) (28,7,16,1) (7,17,8,1) 
(9,16,5,1) (8,25,8,1) (10,12,11,1) (20,18,6,1) (18,22,10,1) (10,9,13,1) 
(12,8,6,1) (22,7,19,1) (9,28,11,1) (12,7,9,1) (10,24,14,1) (11,10,7,1) 
(21,6,5,1) (7,14,16,1) (25,2,3,1) (22,23,9,1) (6,18,9,1) (13,1,9,1) 
(11,9,11,1) (7,20,9,1) (18,11,12,1) (23,20,8,1) (23,27,11,1) (10,5,11,1) 
(12,29,2,1) (3,0,1,1) (16,24,6,1) (23,15,19,1) (0,26,7,1) (17,26,19,1) 
(25,13,5,1) (13,24,12,1) (21,17,12,1) (25,20,6,1) (8,1,6,1) (17,18,1,1) 
(7,12,9,1) (8,25,10,1) (28,21,8,1) (20,9,10,1) (5,7,10,1) (20,24,15,1) 
(16,13,3,1) (13,23,8,1) (0,13,10,1) (26,0,5,1) (12,14,21,1) (7,21,13,1) 
(17,1,10,1) (13,0,9,1) (0,10,16,1) (3,26,4,1) (18,5,13,1) (1,29,15,1) 
(4,11,17,1) (16,0,11,1) (12,26,2,1) (8,0,7,1) (23,14,8,1) (17,22,8,1) 
(1,16,12,1) (16,19,19,1) (13,12,6,1) (18,29,10,1) (18,14,7,1) (14,27,15,1) 
(11,2,8,1) (1,26,3,1) (5,25,8,1) (0,12,15,1) (29,22,13,1) (3,26,5,1) 
(17,19,13,1) (21,25,5,1) (12,2,7,1) (21,8,6,1) (7,6,4,1) (29,12,13,1) 
(22,24,8,1) (22,20,6,1) (24,29,16,1) (22,28,14,1) (11,4,10,1) (9,13,9,1) 
(3,20,5,1) (26,7,23,1) (2,12,18,1) (11,2,13,1) (21,15,14,1) (23,5,7,1) 
(2,17,20,1) (20,1,10,1) (25,3,8,1) (6,22,9,1) (12,17,14,1) (14,10,5,1) 
(29,25,17,1) (21,17,2,1) (28,21,14,1) (17,6,8,1) (19,27,5,1) (14,6,9,1) 
(10,20,17,1) (26,15,10,1) (3,1,12,1) (21,8,7,1) (27,19,11,1) (16,14,13,1) 
(14,19,13,1) (9,3,8,1) (28,2,10,1) (11,17,5,1) (13,0,13,1) (0,27,11,1) 
(8,2,8,1) (7,28,13,1) (12,28,6,1) (28,0,3,1) (10,29,2,1) (10,3,17,1) 
(1,29,14,1) (19,21,4,1) (19,22,3,1) (12,18,1,1) (2,16,17,1) (18,0,24,1) 
(11,17,15,1) (26,0,6,1) (27,28,4,1) (12,10,11,1) (1,23,15,1) (13,23,10,1) 
(17,10,17,1) (2,3,10,1) (3,9,2,1) (6,9,9,1) (25,16,9,1) (12,20,14,1) 
(17,22,7,1) (16,14,16,1) (7,1,6,1) (9,26,8,1) (2,26,14,1) (4,12,21,1) 
(21,18,1,1) (7,5,15,1) (28,17,4,1) (19,15,10,1) (4,18,6,1) (19,1,19,1) 
(5,2,8,1) (14,12,11,1) (28,1,7,1) (11,28,6,1) (24,16,1,1) (24,19,13,1) 
(4,13,9,1) (26,29,4,1) (17,4,12,1) (21,8,7,1) (19,28,5,1) (13,15,14,1) 
(14,19,19,1) (17,24,16,1) (5,17,4,1) (22,2,7,1) (1,10,12,1) (12,15,2,1) 
(26,27,11,1) (0,20,13,1) (24,29,16,1) (26,9,8,1) (6,15,15,1) (5,9,3,1) 
(7,8,6,1) (4,15,6,1) (0,2,2,1) (25,4,2,1) (24,10,10,1) (22,25,8,1) 
(19,14,11,1) (28,17,10,1) (10,24,11,1) (29,12,7,1) (19,12,3,1) (26,10,12,1) 
(19,0,10,1) (15,12,18,1) (29,23,11,1) (28,9,10,1) (3,2,19,1) (16,24,11,1) 
(19,5,3,1) (14,8,1,1) (25,1,10,1) (9,15,16,1) (8,0,13,1) (21,12,7,1) 
(19,22,14,1) (8,20,12,1) (16,25,14,1) (13,5,14,1) (20,9,8,1) (17,4,4,1) 
(12,26,17,1) (13,18,10,1) (27,19,12,1) (10,6,16,1) (3,20,9,1) (21,16,13,1) 
(7,17,4,1) (27,29,17,1) (23,12,10,1) (0,21,10,1) (1,21,15,1) (13,25,11,1) 
(16,13,11,1) (10,17,9,1) (3,5,12,1) (17,22,11,1) (0,5,12,1) (26,1,14,1) 
(23,15,10,1) (7,3,13,1) (19,10,10,1) (4,8,11,1) (3,18,12,1) (26,4,11,1) 
(5,12,12,1) (24,21,9,1) (18,27,8,1) (1,14,14,1) (27,29,4,1) (21,28,6,1) 
(5,19,2,1) (26,23,9,1) (19,24,8,1) (27,21,12,1) (14,4,13,1) (22,27,18,1) 
(11,15,14,1) (29,17,14,1) (22,21,16,1) (3,27,11,1) (19,16,6,1) (26,11,6,1) 
(20,21,1,1) (5,4,16,1) (20,5,8,1) (26,14,10,1) (13,10,12,1) (24,2,5,1) 
(28,10,12,1) (18,5,9,1) (18,8,13,1) (4,6,13,1) (19,24,5,1) (1,6,14,1) 
(9,1,15,1) (28,10,1,1) (1,4,12,1) (8,25,10,1) (6,21,15,1) (26,28,21,1) 
(2,14,9,1) (17,22,11,1) (0,2,13,1) (9,29,7,1) (26,3,4,1) (18,13,10,1) 
(23,13,10,1) (9,8,6,1) (25,22,16,1) (10,17,3,1) (6,27,4,1) (2,22,7,1) 
(11,6,17,1) (29,1,3,1) (0,14,14,1) (1,21,7,1) (16,22,10,1) (17,22,13,1) 
(23,20,5,1) (9,17,13,1) (12,19,9,1) (26,11,8,1) (18,4,6,1) (22,4,10,1) 
(0,2,16,1) (29,0,13,1) (18,14,10,1) (18,9,1,1) (20,22,9,1) (23,22,23,1) 
(9,27,15,1) (0,15,18,1) (2,14,7,1) (21,28,7,1) (8,9,8,1) (7,8,13,1) 
(1,5,14,1) (23,0,12,1) (9,8,4,1) (6,20,23,1) (5,3,18,1) (19,28,13,1) 
(20,25,12,1) (19,29,15,1) (29,11,7,1) (18,22,6,1) (11,26,13,1) (23,10,11,1) 
(20,14,3,1) (17,8,5,1) (12,22,8,1) (8,1,14,1) (4,26,13,1) (21,7,11,1) 
(14,19,3,1) (2,9,9,1) (27,8,24,1) (28,5,7,1) (21,13,19,1) (7,20,13,1) 
(10,27,15,1) (11,16,20,1) (26,6,8,1) (22,10,2,1) (14,13,3,1) (16,28,2,1) 
(14,9,4,1) (17,13,8,1) (2,18,11,1) (29,22,2,1) (19,17,5,1) (25,17,11,1) 
(26,24,9,1) (21,26,8,1) (4,11,9,1) (5,6,8,1) (12,8,3,1) (22,7,2,1) 
(5,6,7,1) (12,16,16,1) (0,19,11,1) (18,29,15,1) (25,10,10,1) (17,13,5,1) 
(0,22,11,1) (20,12,13,1) (29,22,11,1) (15,22,15,1) (22,19,1,1) (1,26,11,1) 
(11,27,8,1) (0,1,9,1) (10,6,5,1) (15,3,6,1) (19,11,9,1) (8,19,16,1) 
(13,24,6,1) (28,17,19,1) (1,27,4,1) (28,6,13,1) (19,3,9,1) (1,7,16,1) 
(10,12,7,1) (28,19,13,1) (5,11,12,1) (0,16,9,1) (12,15,6,1) (17,8,6,1) 
(18,6,16,1) (4,18,13,1) (8,16,2,1) (17,21,14,1) (29,6,7,1) (23,2,10,1) 
(22,3,13,1) (6,22,11,1) (25,7,10,1) (2,26,11,1) (12,0,8,1) (23,29,7,1) 
(26,1,8,1) (23,14,8,1) (16,13,7,1) (11,3,7,1) (14,27,15,1) (22,6,16,1) 
(11,22,14,1) (6,16,12,1) (10,4,9,1) (3,17,16,1) (8,26,4,1) (13,0,11,1) 
(19,4,5,1) (5,15,7,1) (27,16,17,1) (5,17,10,1) (21,11,16,1) (13,7,1,1) 
(21,10,6,1) (25,16,17,1) (29,21,3,1) (23,12,4,1) (15,19,13,1) (8,21,16,1) 
(6,0,4,1) (1,14,10,1) (9,0,12,1) (2,5,8,1) (27,2,16,1) (21,0,9,1) 
(21,26,5,1) (17,18,11,1) (15,28,3,1) (24,20,11,1) (26,16,6,1) (21,13,11,1) 
(0,4,13,1) (1,7,9,1) (4,21,15,1) (12,17,6,1) (24,7,11,1) (6,25,19,1) 
(1,23,10,1) (21,26,3,1) (22,19,15,1) (15,4,13,1) (22,26,10,1) (21,2,9,1) 
(29,21,8,1) (18,9,3,1) (17,8,12,1) (23,19,20,1) (1,8,17,1) (0,3,10,1) 
(16,26,5,1) (19,2,6,1) (15,4,27,1) (6,21,8,1) (22,5,28,1) (11,6,9,1) 
(2,24,9,1) (16,29,4,1) (14,26,5,1) (13,15,9,1) (8,13,7,1) (28,17,8,1) 
(16,20,3,1) (28,11,18,1) (16,13,10,1) (1,12,14,1) (0,1,14,1) (26,8,14,1) 
(10,28,12,1) (5,9,8,1) (22,6,11,1) (21,13,6,1) (11,9,14,1) (11,29,14,1) 
(2,8,19,1) (9,12,15,1) (19,14,5,1) (13,14,8,1) (27,11,15,1) (11,23,9,1) 
(9,0,10,1) (24,4,4,1) (16,12,5,1) (0,19,15,1) (0,8,10,1) (7,16,10,1) 
(21,8,11,1) (2,25,5,1) (6,23,16,1) (21,9,17,1) (15,28,5,1) (8,17,13,1) 
(14,3,7,1) (10,0,15,1) (1,22,12,1) (10,25,3,1) (5,18,14,1) (4,11,7,1) 
(10,28,15,1) (27,14,15,1) (12,5,10,1) (23,18,9,1) (6,14,7,1) (20,22,5,1) 
(15,17,13,1) (5,6,10,1) (20,6,6,1) (8,21,12,1) (21,7,18,1) (7,22,16,1) 
(24,0,15,1) (18,28,14,1) (10,16,17,1) (23,1,5,1) (24,9,11,1) (21,22,9,1) 
(15,18,8,1) (7,12,2,1) (20,1,12,1) (29,12,7,1) (18,21,14,1) (22,1,13,1) 
(26,2,13,1) (20,10,3,1) (5,19,10,1) (11,5,17,1) (8,6,12,1) (15,2,10,1) 
(5,19,11,1) (8,0,7,1) (27,8,18,1) (2,25,13,1) (0,7,8,1) (15,19,8,1) 
(17,27,8,1) (1,23,9,1) (0,9,17,1) (5,24,16,1) (14,29,19,1) (26,17,3,1) 
(9,24,5,1) (26,17,17,1) (25,15,9,1) (6,10,10,1) (26,27,6,1) (29,13,9,1) 
(20,29,12,1) (16,13,2,1) (13,25,13,1) (25,4,5,1) (13,15,15,1) (11,21,8,1) 
(20,1,11,1) (4,0,7,1) (15,28,17,1) (27,21,22,1) (8,14,19,1) (14,13,16,1) 
(9,20,13,1) (22,1,17,1) (17,5,10,1) (8,13,9,1) (6,18,16,1) (22,8,12,1) 
(14,6,8,1) (20,24,8,1) (24,12,7,1) (23,29,11,1) (14,1,17,1) (9,12,15,1) 
(11,29,6,1) (25,11,13,1) (12,15,9,1) (5,25,15,1) (3,11,14,1) (14,21,21,1) 
(9,0,13,1) (18,4,11,1) (1,20,8,1) (3,22,14,1) (19,23,20,1) (5,28,7,1) 
(24,14,6,1) (24,19,7,1) (19,18,12,1) (27,8,20,1) (16,4,14,1) (14,17,11,1) 
(2,23,15,1) (7,20,7,1) (6,1,18,1) (20,14,10,1) (23,13,13,1) (2,10,10,1) 