0.8947188770422643
0.856
0.8248033972947467
0.875586895079887
0.823605207226355
0.9073110893032384
0.9112091408735898
0.8763797761482053
0.8884991150442478
0.8957786580836841
0.9016507648038771
0.9406354515050167
0.945799876466955
0.8148908857509628
0.8915722208825657
0.941101152368758
0.897325856412604
0.9101963326541952
0.8821419798575288
0.903223880597015
0.9014056224899598
0.9174305605917761
0.97126953125
0.8855048191947501
0.9112578055307761
0.9098027031225726
0.9441966394493556
0.8867413269271532
0.891986382087207
0.9449438202247191
0.9120498058642389
0.824665654936925
0.8813085952887418
0.850103552652541
0.8696029547553094
0.9344043592634348
0.8993379622154045
0.8756175589211954
0.8652694015507986
0.9380007217610971
0.9056564583132064
0.8823144805455275
0.8564224859826695
0.9472287192572117
0.886972049689441
0.8622448979591837
0.9182318345664959
0.8831794146123483
0.7814912009879592
0.9158053213620935
0.8527687166839049
0.9010965209151212
0.8514551105460196
0.9131493506493507
0.9271378708551483
0.8913739554832507
0.8917696234371533
0.9066248512041022
0.8786326573280367
0.8328963389885543
0.8996952366619008
0.8949530160654744
0.8683109524179151
0.8826397306397307
0.925173643701896
0.9319302344316442
0.9045364261899695
0.9295946635561712
0.9028565198430004
0.8782817894659517
0.9296537448249906
0.8875092524056255
0.8668860122258181
0.8646921278254092
0.8815576939599622
0.8890148830616584
0.8785583233363912
0.9490196078431372
0.9246136048125868
0.867351952417895
0.9125920471281296
0.8432931368170314
0.8647278476754356
0.9301787728890046
0.8949983654789146
0.922683858643744
0.9285769603097773
0.873327166204132
0.9498400269428307
0.9323917407513622
0.9331192540914129
0.9113855421686747
0.8532051282051282
0.8915342991796125
0.9098629408637089
0.8786686838124055
0.9347861293702963
0.8926923841718035
0.876745780341355
0.9131213771298086
