296.75
343.0
335.0
365.591659
347.0
322.5
357.3749049
387.68557939999994
331.0
390.964332
296.5
350.8333328
276.5
379.60512900000003
316.0
317.0
385.236062
350.6627524
328.75
377.4512695
354.200504
302.0
280.5
347.5
321.8333331
333.0
357.5830337
342.345047
375.93956010000005
338.7500003
364.3397352
318.5
340.95437
355.76408499999997
266.5
358.682811
359.90005499999995
272.0
364.0
321.0000003
300.0
280.83333307000004
328.5
379.5
312.5
271.5
317.733333
353.375
305.5
342.0
274.75
375.9015886
341.5000003
359.486501
353.0
344.99999970000005
337.5
267.5
284.5
356.0
267.75
286.5
309.0
359.1016735
354.5
310.0000005
349.8333334
400.0582377
337.0
291.5
362.51858789999994
347.5
344.0
347.49999990000003
355.5
304.5
322.5000003
269.0
312.5
321.0
355.8515661999999
361.0
340.25
329.0000001
284.0
335.500001
358.666667
262.5
322.0
296.0
343.75
346.71548299999904
309.0
291.80555647
331.2500007
362.75
399.44032200000004
336.25
373.2791409
367.50000000000006
