0.8617488494411571
0.858054580380208
0.8017569546120058
0.9232431165003014
0.8288514669122484
0.828882833787466
0.8921145985964372
0.8272087568412823
0.9241842333237078
0.7975969085859196
0.8505284348263714
0.8179200517650442
0.9037204956046238
0.7673155142359094
0.9103483972299564
0.8311870531252402
0.8886990635282207
0.8843597011079619
0.8507390562819784
0.8491389207807118
0.8464405598834631
0.7862976190476191
0.7906887504099704
0.8251428571428572
0.8651935375294514
0.8574678016693383
0.9358503142258617
0.8187984496124031
0.9025764840953603
0.8558435363332804
0.8265668849391955
0.8926280771789754
0.8439952290861232
0.8490498148536295
0.7982965273787045
0.9162852784134249
0.8613142505386273
0.8793642105263157
0.9142143090493303
0.8222835633626098
0.9018507787033684
0.856747647802275
0.8296737766624843
0.8835748155953635
0.8515027122122856
0.878310405643739
0.8192258271763572
0.8730175913396482
0.7858433362207647
0.8581002892960463
0.7952101948147063
0.8611349762604567
0.8405524830378015
0.9236020535590398
0.8899730820995962
0.848377901452423
0.9155797101449276
0.8413278296427745
0.848937542688017
0.7459329486122561
0.7931060322218059
0.7769485544480902
0.7653831380833493
0.8931784214646644
0.8562495735825886
0.8802694136291601
0.8768188512518409
0.882877542772464
0.8758093907550264
0.8292404268675455
0.9443271865511368
0.8552047315741583
0.9240456769983687
0.9063150615127029
0.7798492919319215
0.8444804756114038
0.8272590842327097
0.8677967620526913
0.8562387445330589
0.8768115942028986
0.8535483870967742
0.8482693150284796
0.831527359509063
0.8683802261372601
0.8520328496722398
0.8654236809931346
0.8343345347750634
0.8397106301566424
0.8249534257917616
0.9217523706730398
0.919835787432588
0.8865637583892617
0.7552525018800255
0.8539659006671608
0.8600756100355138
0.9464586443714542
0.8386097611061675
0.9048231820807393
0.8946652195692102
0.8015394402035624
