0.9160796717387588
0.8726639502230054
0.8846915460776847
0.8801973917897193
0.8867612600885186
0.8460431654676259
0.9076363636363637
0.8208603292618163
0.8947817484852232
0.8435924777045366
0.91678672985782
0.8471389963189041
0.8253120494335736
0.8012903090886278
0.86000942951438
0.7953233523691928
0.906514982273809
0.8177972200980612
0.8712579229644076
0.8858429434376716
0.9358421438291636
0.8218361980815114
0.828514408650852
0.825677553856845
0.7973104723482939
0.9030787175174958
0.9119075531736728
0.8666666666666667
0.8701252236135957
0.8611462562553112
0.83329694830229
0.914632399289439
0.8349652699977593
0.8622977346278318
0.8402498580352072
0.8789328932893289
0.8583913000881748
0.8484756097560976
0.8312117177097204
0.8718846323205637
0.881390895428322
0.8552387901967692
0.8590773645293014
0.890681383446208
0.8939376164515906
0.8258051489146896
0.8427759654845838
0.8621924817949222
0.8695001893222264
0.8333953296135566
0.8721152152210935
0.8210202194291479
0.8725571340333539
0.8607377709897756
0.9006336307325112
0.9428903525765208
0.8909450994841562
0.8526811594202899
0.747766323024055
0.7995031187229094
0.8352779558567635
0.8359788896782706
0.8336559923472874
0.8883064919475843
0.82763182585851
0.9138455686572842
0.8619496561081739
0.9192739481691323
0.804782433318207
0.8778220873905171
0.8435386660757811
0.8302274297252776
0.9241219280666596
0.8968549489849584
0.815810873605948
0.862979025390317
0.8660282154258058
0.8285619688776074
0.8975144358094908
0.8707087672153174
0.8879242304656669
0.882784291829518
0.9076888769958077
0.8625772985128022
0.9337047074174445
0.8554635156535509
0.8905497925311203
0.8319825882155024
0.9323442895510935
0.8889931641756459
0.8578554462164913
0.92070796460177
0.8310755961440893
0.8431740614334471
0.8916752665978672
0.8703502952835531
0.8899768399382398
0.8802242517406638
0.8863970277801233
0.7497061704211557
