0.9092880881581249
0.8986303454573125
0.9042300805729633
0.8724174653887113
0.8431629550497165
0.8279156816390859
0.9593481747004999
0.8907152885539052
0.9155537784886045
0.876009279135794
0.8738535449119231
0.8858593540305986
0.8540237219427971
0.9409577736809762
0.940882885850766
0.9137624802942722
0.945165899349103
0.903387703889586
0.8980689822686422
0.8834545184745511
0.8903278003967011
0.9166845349772179
0.9106997742663657
0.8567256982876489
0.9186210083170757
0.8913831197525409
0.942565487996717
0.944618174688756
0.9229063018242123
0.8584325910581737
0.8264674493062967
0.8961874399510874
0.8981440387331047
0.8907562698967311
0.9020697167755991
0.875602934433746
0.8887186851763204
0.8411539798401112
0.958320106925069
0.9349438402567303
0.8775
0.858984438984439
0.917974298275279
0.9440689435554495
0.8529209468512728
0.9673848753696662
0.9044082275856349
0.8724310776942356
0.8427592777424916
0.8883964544721998
0.853271635817909
0.8719590710508163
0.8949934780940689
0.8866216216216216
0.9074713884690132
0.8776370843426557
0.9447311517947239
0.9272817717795657
0.8878378378378379
0.8590081414689661
0.8597734578294811
0.937890625
0.8132297628781684
0.9012686998925531
0.8496130386305503
0.9097025972278293
0.868816705336427
0.9488831615120275
0.8806363706148768
0.9162284927735719
0.9257633587786259
0.9149841646872525
0.8385364151089738
0.9430862969410594
0.8335311572700297
0.8583583583583584
0.9580165631469979
0.8730460448642267
0.9195779792577131
0.8850194291839742
0.8900719815292679
0.9003317933641327
0.9106658923732095
0.8905928292509763
0.9199502698127182
0.9189588819120924
0.9080576099649669
0.8639209948792977
0.9380952380952381
0.9431236356419924
0.8494533782495391
0.953839360416473
0.8993154739880116
0.8766792690611216
0.8854755784061696
0.8660421545667447
0.8855996808793547
0.9238157161434144
0.9274472430224643
0.8707137129109863
