0.7895643684745046
0.8778635014836639
0.7865404776997045
0.8398628729613288
0.6602720069838042
0.9317044069445094
0.8477551788495955
0.9148795989360629
0.8449498287568347
0.8443757340631941
0.858129212351029
0.8740973312401636
0.9215852614695939
0.8432940845461526
0.854501442281308
0.8400292457876174
0.8720784589544932
0.9216068032905745
0.817133456215645
0.8181899933467977
0.9105536681239097
0.8565168044349776
0.830641161679177
0.9748220148290235
0.9210901036887547
0.8391499983020342
0.9088174384684569
0.9066717797223958
0.8264078257000396
0.9173329261802964
0.9169503974861039
0.8760514139374829
0.8676775634989061
0.8303214457929167
0.8470713793270158
0.899028274633428
0.8533225595748717
0.8669485669626368
0.9058357090325021
0.8786075562371344
0.8618767578624392
0.8625818674466087
0.8093065378020965
0.876363376045907
0.8987268647291672
0.9336012102548029
0.8243883648793521
0.7591004411021627
0.8487794350379377
0.8378281906877132
0.8979154162861652
0.9249655852035105
0.85274517285285
0.8892882006680066
0.8684401135113835
0.8988078034009288
0.8459240073106405
0.8635201109915079
0.8475442926152363
0.8537092469759757
0.9446324942253684
0.8413913782276656
0.8539988855187426
0.8783194895870953
0.8536096087113729
0.8916909234685179
0.8431060307959902
0.897806923949011
0.8655514061428244
0.8552244612023165
0.8944717697089963
0.8447959438741826
0.8948099054524042
0.8758796217719652
0.843965440895446
0.6727541833388728
0.9213357409329844
0.7807467491750052
0.9129372276642964
0.8231430158315991
0.8350573446533454
0.8652840862979014
0.8864743683277202
0.8916977967523062
0.9055356634963435
0.8498263752762218
0.9252507085643276
0.8652876129764714
0.843811825582441
0.9001142775516034
0.9475374597474151
0.8237743465162528
0.842964637874759
0.8036393817727092
0.8642056161379013
0.8901837510994222
0.9100299314699927
0.8933885071838857
0.8904912465606684
0.839135815326783
