0.9156323504384357
0.8714150663101315
0.8878629268142492
0.8799780526735834
0.8900506970849176
0.8469070789150471
0.9087049920663045
0.8227967321812676
0.8945647354141458
0.8468378343815758
0.9170448944973582
0.8607031685727534
0.8224223111460969
0.7948557780635679
0.857000981044915
0.7993653432057723
0.9086244451021012
0.8176916758833979
0.872836959217743
0.8874774410774411
0.9363932210538424
0.8185205632004136
0.8269070155902004
0.8274241339788267
0.7983068475732522
0.9076641560063231
0.9152459662533794
0.8707660648967741
0.8747318692174596
0.8564879431456782
0.8356739387136979
0.9139123773485858
0.8415768703608134
0.8609305115206157
0.836196978988488
0.8662022892755488
0.8648437494235457
0.847531856041723
0.828173426729992
0.8710094417717419
0.8809787693414898
0.8556232427366448
0.8601958075257964
0.8867347047711026
0.8916202625628564
0.8269405940594059
0.8432445299229112
0.8602232667450058
0.871027710519236
0.8359407365143942
0.8737895716945996
0.8237754449646297
0.8715356646988902
0.8581560283687943
0.9012803768184408
0.9439944504663729
0.8911865699989426
0.8586321097925083
0.7474900520355066
0.8052662263206344
0.8359962545679842
0.8327381525076397
0.8310000095176319
0.8923829805572765
0.822834874268614
0.9094771002174916
0.8591827708268623
0.9137488642326052
0.7990654205607477
0.8821042980620996
0.8398311567132819
0.825599696782067
0.9223139711465451
0.8950426822997017
0.8137816358793956
0.8671296655544347
0.8651512055578259
0.8265778306349163
0.9016338325121023
0.8756976708090601
0.8871907602366976
0.8807879893627419
0.9055390190946242
0.8599293597685881
0.9339035319737116
0.8547423539212187
0.8878527228502653
0.8328887976047102
0.9337426003069502
0.8899867327207802
0.8588069136104071
0.921932928491589
0.8334743653558985
0.8441353795560428
0.886331569664903
0.8691141260973663
0.8888500094571591
0.8792040962662804
0.8825388293352172
0.7464273703562541
