284.72869380000003
269.57231729999995
263.7500008
297.46323777000197
253.09887
265.77209649999895
255.25758300000547
292.3877704
243.416667299934
258.88314499999996
282.4219612299999
287.8076977
283.4438218
269.000001
271.37403770000003
277.4272732
260.6864562
268.0920178
283.3766692
281.76142749999997
271.9625321
270.2818258
225.75000000000003
285.20833260000336
293.71283126
285.857352499999
278.696814900002
272.32889789999996
275.63633709999993
263.5306603
319.09813310000004
263.46596880000004
266.3506102
288.1514275
249.50000020000002
288.512287
273.53258370000003
264.625001
305.269998
286.71528827
269.3930034
268.52476870000004
259.3995079
285.38377900000006
276.3736293
243.270156400462
280.1572524
291.8719011
271.0
290.6732375
284.40776750000003
283.97547399999894
292.05893970000005
278.6239414
288.19566290000006
259.401923900004
298.9005466
270.98245879999996
294.2521494
260.0795125
267.75735299999997
275.33452550010173
274.98675049999997
247.56416999999996
318.19788361999997
308.37042099999996
298.0820271
271.8516435
277.4239553
262.8492551
278.9786765
239.0
289.64381499999996
277.74789499999997
268.5
251.52381079999998
295.3236634
290.014733
262.647369500043
279.7392237
260.24999990000003
278.9108121
268.44554020000004
279.72357859999596
271.8213151
278.634752
303.494499
287.40126019999997
265.2076125
250.938661
280.6793645
280.73167314000005
258.69311988
267.1961873
278.9495874
302.325272
271.959915
280.4032058
285.4175983
284.00000009999997
