163.88131316
134.999999999994
153.634146799989
149.3750006
172.2777774
168.759258900002
169.59999900000201
137.79008212000002
170.0
163.22844890000002
153.0185045
149.9999999999784
143.1907899
152.249999999993
155.63278256040894
144.616665600003
154.61111040000003
148.0719334
168.9333336
162.875
169.14460803
152.4742646
177.02222229
151.5
175.79081600000302
133.5
154.0132572
150.560126199975
179.3421058
153.06324385
144.24044560001298
164.24999957999998
178.41666659995784
141.00000009999997
175.90909086000204
164.10674129999998
178.9390259
156.13541720999999
161.25036627000003
149.958332500002
115.0
180.3453044
168.332
174.125000000007
164.60988989999998
145.95
148.32479819999998
142.00000000004854
183.99999929999998
152.0
152.235714
157.30487822
181.81868969999698
161.83796289999998
135.1538463
155.8902445
162.4
153.83333333
168.44537839999902
143.43348669999693
169.7380952
156.22946660000002
172.4687499
174.0
150.9491763
159.3269238
161.3426471
189.29685369999999
112.0
155.99390200000002
178.96666729999998
151.792951796999
147.651316100026
153.097655400001
181.1373617
167.7
157.3944943
203.394704599997
144.83100178
169.61759553999698
197.989583000001
152.27108504
146.750000000006
123.0
164.14646471
163.132811
152.318532200008
156.84058565
156.21261719999998
144.0
148.728934569997
180.758380219975
157.61204429300003
156.79858086000002
149.0
159.62705109000004
158.7225085
149.844764400001
183.096364369998
171.9349848
