0.8990184530820573
0.9263628797336663
0.9039432875498449
0.9242318164138468
0.862719400889305
0.8963729535471848
0.9616736536601096
0.9520016945562381
0.9333028362305581
0.8813929977652443
0.8953604568165596
0.9035378632386303
0.9680552851859062
0.9026744730679157
0.9104782747944913
0.9282666666666667
0.9585059599583382
0.945562248995984
0.961285613611195
0.95407204385278
0.9468376494023905
0.9012248803827752
0.8577640786404532
0.9513971210838272
0.9346153846153846
0.901496062992126
0.9538195707530011
0.92911045943304
0.9116219119226638
0.9528043422072887
0.8879040088777916
0.9567344345616264
0.9386263516219463
0.9202907859395072
0.9093460566937973
0.9477378259316586
0.9367892475267313
0.893757418797885
0.9519303399076794
0.9360409385921118
0.9640845070422536
0.8838547363815358
0.9491509653407769
0.9515858208955223
0.9217391304347826
0.9538323218700832
0.9624807395993836
0.8816666666666667
0.8815126545026486
0.9356569594129787
0.8897520971578815
0.9182442373712604
0.9344868525195673
0.9417498122519044
0.9784347312463083
0.8969031661659348
0.9729798473879867
0.9523054040654437
0.9493718008375989
0.8990784445942909
0.8487271033840422
0.9135135135135135
0.9144023445677203
0.9608634068235005
0.9115398404589047
0.9404529552568588
0.9466107741705315
0.9400426049908703
0.9500810783419479
0.9430220301465163
0.9663614027250391
0.9422766490397996
0.9098916819946863
0.9528581387242941
0.9029141104294478
0.8930371352785146
0.9536176532993846
0.9508547008547008
0.8903889689236468
0.9446428571428571
0.8967074270822892
0.9376394466755913
0.9614404207970868
0.8477245508982036
0.9610307835820896
0.9592140494566074
0.9409308394954328
0.9626044120796744
0.9470229380185456
0.9397766922540126
0.9545140152894066
0.9173015215816168
0.943805123897522
0.9298037612428455
0.926970236329477
0.921256540749767
0.9574108818011257
0.9509461209042924
0.9277052923428198
0.9448106246925726
