0.7781513979715321
0.9181395721340092
0.848786973409023
0.9165134463718746
0.8878481242479319
0.8187818333803546
0.9050791593977667
0.8643291623387696
0.8099918238461755
0.8826537851252428
0.896419058648358
0.9091322788709572
0.9272083576251104
0.8698992555055868
0.8577486665494403
0.8915301915147779
0.9257903806646088
0.9025249161081432
0.894664595528408
0.8859384424832553
0.8967842208639413
0.86
0.8743047931175748
0.893502931580451
0.8124240406979143
0.8718905258321128
0.87514666237095
0.8723231043552967
0.8129993406422514
0.9126768955307223
0.8426975596649676
0.823990941057845
0.8841366516540607
0.7945072585726007
0.8540710427624596
0.9147140210696295
0.8539743397172649
0.8288396946564885
0.8361162842368803
0.8121409864547736
0.890263528863261
0.8322510328607141
0.8424859500856443
0.9037573590395519
0.88203317829978
0.9198196832563357
0.8290990301619956
0.8554024764770123
0.7553344965185221
0.8736864644068913
0.8299755136862982
0.9125479410499495
0.8368476753676048
0.8705068021581828
0.8762358276643991
0.933064833542459
0.9247630340759659
0.8431169856408287
0.8393197515935316
0.810498309021367
0.8630214240859105
0.8943064065808458
0.8297922383379067
0.8866724116300919
0.9032942134453228
0.8342470044370027
0.8932099298714123
0.8938353858929643
0.7767627685995033
0.9153664919263229
0.8367659985081946
0.8281440902583873
0.9065399737876803
0.8431754177463499
0.8289210974933879
0.7634467238360353
0.7866713183903502
0.860617606502649
0.8991464298353528
0.8301385922477278
0.8687757639562682
0.7996109159686571
0.8912557758114575
0.8577089610224883
0.9217523706730398
0.8748008188497995
0.8894910559388282
0.8703488260661236
0.9077758440732023
0.8759251686771621
0.873550731134036
0.8476583503991875
0.8663246466297406
0.8631246685647039
0.8735935450652927
0.8269883295352531
0.905958614178848
0.8548819444693142
0.8781032777397457
0.896040466272802
