323.0
354.081612
252.25
362.937428
340.6111112
313.62499999999994
317.00484000000006
264.5
317.78571400000004
345.819456
336.33862999999997
332.0665261
339.261801
327.9999996
323.4548534
311.25
357.36828899999995
347.6107824
335.7500004
360.9951437
357.72696700000006
321.75
259.5
361.43103449999995
341.0
349.5000003
339.737207
300.0
357.34695800000003
304.4999998
362.79856529999995
345.1234919
330.3746361
351.775346300002
289.5
347.29064500000004
361.8632691
268.5
377.472623
352.2358734
344.480022
314.5
245.5
371.74381900000003
328.853879
281.25
340.7091835
347.833333
339.0
342.603768
360.2446587699901
359.85738849999996
360.48380579999997
328.5
262.0
337.3264415
359.972728
299.5
342.3335811
294.95
346.266038299997
331.37288119999346
316.7500005
336.0079869
323.0
325.2912523
346.40791258999997
360.2184398
334.5
328.329812
333.4864882
375.3367648
298.5
345.15956500000004
313.0
291.5
349.5030132
360.6096484
361.79275
324.0
327.4090534
343.6957133
348.7914061
305.0
293.0
337.0328911
327.66666609
323.75
299.5
288.0
353.85887729999996
319.5000005
290.0
338.3694458
363.21890799999994
320.0
356.718997
364.56533509999997
361.725424
321.0
