0.9499322837311664
0.8837751536329679
0.777534547333075
0.9680642348495858
0.94034472466796
0.8898507748230342
0.9322678843226788
0.8885322607125267
0.937228811107897
0.9422946000309453
0.9381853070175439
0.9197891944715901
0.9606728538283063
0.9397652465532232
0.9749801639777836
0.9120874219446923
0.9616022099447514
0.8863135544588546
0.9386193512614361
0.9607137024334477
0.9575422086908386
0.9608356424092168
0.9688013279748384
0.924810274372446
0.9097157250809643
0.8832065573770492
0.9622001296736546
0.974208037825059
0.9441200943003745
0.9011537262238852
0.9489150345216288
0.9191734510832068
0.970606531881804
0.92570554233254
0.9713278008298755
0.8924092409240925
0.876904948939513
0.8605998983223182
0.8937764350453172
0.9512784490025288
0.9423790690599331
0.918160741885626
0.9533970925784239
0.9455229291281494
0.9251856082238721
0.9486650647443599
0.9201895462377944
0.92423855963991
0.9370124804992199
0.9080446037435285
0.9749687630154102
0.8937164339419978
0.9174630541871921
0.9666989664082687
0.8887738853503184
0.9511093271055321
0.883778014941302
0.8913071268775967
0.9875503162737205
0.952830626450116
0.9482391240011838
0.9344444444444444
0.92992700729927
0.9326883000893122
0.9367574257425743
0.9776519129782446
0.9599239061509195
0.9913642052565708
0.9880040322580645
0.9469065812176485
0.9316258202758806
0.9097243491577336
0.9669831795984808
0.9461633459575168
0.9450872656755009
0.8596994902066005
0.9671351437192314
0.9621546961325966
0.9547776726584674
0.9620041753653444
0.9869868751745322
0.8741053129434022
0.9410010649627263
0.9491117478510028
0.9438612473721093
0.9051380042462845
0.9517190185966558
0.9574888601408653
0.9257142857142857
0.9653811388972582
0.9719071837253656
0.8656901820114256
0.9176250170322933
0.891425046267736
0.9516186516186517
0.9075629698008704
0.9493995196156926
0.8761362189688097
0.9519605776325498
0.8721453287197232
