0.8576297720371293
0.8926980770160728
0.8551732186803973
0.8705206870393568
0.8367367596447527
0.805785287171102
0.8916565164433617
0.8811781701662519
0.8799259457701066
0.8595974049477724
0.8238864193645673
0.8115778619041153
0.8091723785601771
0.9320047002071802
0.9437865831038781
0.8543917997381307
0.9084704282645795
0.885886431071663
0.9011315425316431
0.8522884078696613
0.803665314456451
0.8940071128528944
0.8277965842758208
0.8426307222614601
0.8714917793196542
0.8018918701056048
0.886538372693867
0.8969889616063627
0.8874129668898499
0.876157300507986
0.8387914379657623
0.8524583923665666
0.8927482984114349
0.887908982601766
0.8655509713737245
0.8763034554216518
0.8890033914067141
0.8120940098341413
0.9184626687220059
0.9322698567993876
0.8559724128690797
0.8447474571982158
0.8372670790677619
0.8851080030217959
0.8326131771926512
0.8292490594389184
0.8496656777435077
0.8641219319546896
0.8125915987201981
0.8479095375103178
0.8090795084023075
0.8791888748909779
0.8497803871793965
0.862659597515715
0.8638346045646748
0.8835733546744742
0.9406376573975644
0.8543071143273483
0.8211886038771362
0.7709839749813244
0.8034081678694145
0.8865080048275626
0.7855624691966486
0.9000825323939834
0.8646329068658801
0.9043215171067612
0.8749126753806195
0.8952859542963968
0.8278639386007405
0.866257746048676
0.8682389926098821
0.8458404857350971
0.7935116539866178
0.9112357222916416
0.7842383271175974
0.865847010346209
0.9099137688385571
0.8326937568836589
0.8854894479099014
0.8339097671906386
0.8606395800126044
0.886060780538703
0.8926708774931565
0.7758176265516747
0.9127912601494484
0.8912013801688874
0.8759683720578093
0.8239389307761196
0.8571981842710681
0.8394205188327903
0.8040782998258558
0.8701421162436122
0.8801520572046259
0.8497588884348182
0.8427742530349858
0.8205320715544504
0.8876783247456431
0.8856916360572815
0.8843263188488911
0.7925710929493593
