12.0
11.0
8.0
13.0
12.0
12.0
6.0
11.7
9.0
12.6
15.0
12.333333
9.0
6.0
19.0
8.0
10.0
11.5
12.5
13.5
9.0
13.0
10.666667
7.0
8.0
8.0
15.0
15.2
14.0
5.0
11.0
9.0
12.0
12.75
13.0
12.466667
11.0
12.857143
9.0
11.0
6.0
9.0
13.0
11.5
7.0
15.333333
14.0
13.5
12.0
10.0
15.0
13.5
12.333333
12.8
6.0
9.0
7.0
7.0
14.333333
13.0
12.0
17.0
10.714286
7.5
11.5
13.0
12.0
16.75
19.0
11.0
12.0
8.0
14.8
11.333333
13.5
10.666667
12.0
17.0
14.0
12.0
13.0
8.25
13.666667
12.0
11.0
8.0
10.5
15.375
12.7
13.0
16.214286
13.0
12.5
8.5
12.0
12.0
10.0
11.5
17.0
9.5
