0.8593895930620413
0.9033112286047137
0.8628151260504202
0.8159174311926606
0.8349994755061366
0.8156690676676474
0.9265841824357108
0.9246746002231313
0.8234380515354748
0.8364739569130079
0.8675831052014079
0.826274722523575
0.9146573761029109
0.8718807440629366
0.8618077239112572
0.8902763349262415
0.9278583865351132
0.9143406059535377
0.9152127374899652
0.933696053116931
0.9193826924911745
0.8679913174152614
0.7642793296089385
0.8901699716713881
0.87272853057836
0.8323870823722003
0.9097673725022368
0.8915886341620923
0.8111074865437938
0.9285140562248996
0.8590720917854398
0.9067066316972648
0.8901886572726214
0.8359488727143618
0.8416612448492735
0.9032242540904716
0.9076565694108901
0.8653614457831326
0.8744843484591118
0.8804053489343919
0.9354191497814859
0.8110087377800848
0.9138512887075839
0.9254830113257828
0.848229933403435
0.9082509359700489
0.9045923271869265
0.8145597064709806
0.7969391025641026
0.8803911154031868
0.867910138009754
0.8737857844248055
0.8752494935094169
0.8796002141709798
0.8941763505721636
0.8360179885527391
0.903125
0.8950472923812494
0.7931537405628003
0.8649374243035931
0.8068847189644688
0.8390194075587334
0.8964433934948364
0.9293907001603421
0.862435029138447
0.9065400198761563
0.8797436337134528
0.8838025525525526
0.8730579531442664
0.8350704225352112
0.8347109104104508
0.876394953905871
0.8779837570621469
0.891966966966967
0.8626079136690648
0.9154823269513991
0.9233392539964476
0.8803140389117623
0.8243872549019607
0.8982935838753714
0.8618074764877894
0.9054143217543179
0.9172112428634168
0.8057167556190333
0.9269500854052002
0.8509462317711233
0.8732608507320454
0.944640434192673
0.8960281745255332
0.9262760310330748
0.8604833219877468
0.8801427953266984
0.8444156293222683
0.8563106796116505
0.8623742859441629
0.8788672429363953
0.9272344596932303
0.9391495059562286
0.8801373783629078
0.8698406951484432
