13.0
15.0
10.0
13.5
12.0
11.5
17.0
19.0
12.5
16.2
11.333333
13.0
15.166667
15.0
16.5
13.0
16.25
18.5
16.5
19.0
16.5
13.666667
8.5
13.0
14.0
10.5
13.0
15.5
11.0
17.5
11.5
18.0
15.0
13.5
6.5
11.0
16.0
12.25
13.0
10.666667
16.5
6.5
15.0
18.0
8.5
14.75
16.0
12.0
10.0
9.5
15.0
17.0
13.0
12.0
18.0
12.5
13.0
15.0
9.5
10.5
8.5
12.0
15.333333
13.5
15.5
11.5
14.666667
12.4
13.0
14.6
18.0
12.0
10.0
16.5
14.0
15.571429
16.166667
18.5
11.666667
12.666667
15.0
15.0
18.8
9.3333333
13.0
13.0
16.2
18.0
11.0
17.0
16.0
8.5
12.5
11.0
14.5
14.5
18.4
20.5
14.5
16.0
