361.0
356.918259
252.16666689999997
380.468834
298.5
333.0
333.5
362.8066558
274.5
382.10740050000004
336.5
331.75
335.75
319.0
356.754969
359.916667
384.2524542
350.5331098
332.6249993
380.863946
284.5
324.25
324.1666662
377.99167675
327.7499997
381.30822
391.0328809
265.5
310.5
346.5
367.606177
333.66666719999995
350.307044
364.79447300000004
349.625
367.0
337.75
314.83333293
386.3592056
357.8894509
367.7792848
333.75
352.72535677999997
402.3600859
304.5
309.25
366.5
378.349404
308.0
344.75
350.0
327.5
321.2
377.39988000000005
324.0
361.4180973
386.66725510000003
349.50000029999995
352.5000005
334.73333400000007
344.3571429
378.111812
310.0
352.474428
392.415367
400.84120900000005
362.1666664
372.82496779999997
363.5385109
370.52431929999995
373.4039558
316.375
378.9782755
371.1472872
311.5000003
358.25263700000005
389.33608000000004
318.0
393.71221
372.477402
366.00852940000004
371.94140910000004
331.87499999999994
349.4999996
303.40000000000003
374.43985240000006
338.0
353.18327880000004
281.25
369.76281
375.75
340.6499703
332.0
266.0
340.99999999999994
334.0
360.1811657
325.5
363.2849137
366.49999950000006
