0.8058436944937833
0.9194396993508712
0.8871287128712871
0.9099440646364202
0.8984445212582095
0.8793250209806978
0.9289138373086784
0.9154182106934886
0.8845428673070082
0.9263241678726484
0.9139115851036381
0.9156542932133483
0.9437426210153483
0.8991878438564318
0.8893117261471231
0.9404661280298322
0.9248359188544153
0.9257555799487742
0.9257534595466508
0.9343377275580665
0.9239595050618673
0.898689556281367
0.9163346613545816
0.964160026560425
0.8304625984251969
0.9315509541209906
0.9281639043763843
0.89549213556024
0.8482899943470887
0.9304552912223134
0.8979360262974904
0.9106272417915938
0.8277457947287937
0.8010072000647197
0.8982338902147972
0.9346846846846847
0.8848925848925849
0.8923878835562549
0.8846567347565658
0.8783602870300953
0.9036060733867567
0.8510367659871058
0.8638085742771685
0.9379589087234759
0.901496062992126
0.9406871609403255
0.8613122171945702
0.8951685958731757
0.7913904347124768
0.9275325068037497
0.8405788245750472
0.9342025048041879
0.9019080129356809
0.8947806749803785
0.9301228935853273
0.9356945880730783
0.9541941783688273
0.9191278831718303
0.8519794218520333
0.8781439722463139
0.8918718166383701
0.9096542958820539
0.8373831775700935
0.8983174075612796
0.9084150768517804
0.823596256684492
0.8634052126666101
0.9320482590583982
0.7911126760563381
0.9559810768191034
0.8745833010310877
0.9032147973371535
0.8824939293101898
0.910193812896012
0.8820231958762886
0.7988992248062016
0.7799035369774919
0.8810462372170265
0.9008821586942164
0.8823144805455275
0.8975455485718832
0.8179835191468735
0.9491882334029899
0.9204684503698293
0.9097744360902256
0.9043381259295984
0.9000318152895191
0.8433227344992051
0.9463152507676561
0.9040850453893932
0.9039868904415472
0.9067066316972648
0.8623742859441629
0.8989617371139454
0.919341840161182
0.893685718005468
0.9297063555913113
0.9026329029012242
0.859877239133158
0.9051989532825367
