0.9348627042057699
0.9522033898305085
0.8895496129486278
0.9538715432649421
0.8541875208541875
0.9869857349596858
0.9508604997517789
0.9539119804400978
0.9356352742356737
0.9307733455601406
0.9242131979695432
0.9156109411552996
0.9578347578347578
0.8868189806678383
0.9313556872380402
0.9560682680151706
0.9283257075072022
0.9841657020009922
0.8758356332413371
0.9354752711895569
0.9708978328173374
0.9543378592840769
0.9069540672312035
0.9740062489151189
0.9903883495145631
0.9013910223587643
0.9333758218167181
0.9770894712358505
0.9513235047746691
0.9681953290870489
0.9527781839450212
0.9409370448292604
0.9017651805527537
0.872493477450615
0.9848918353105374
0.9529411764705882
0.9532409658078107
0.9286896920064092
0.9692252252252253
0.9267228739002933
0.9690182745431364
0.884790380240494
0.9171907756813418
0.9473661995610333
0.9613086168952091
0.9680243859339106
0.9320479941381206
0.9506501324343848
0.9572510412722454
0.9741056007895386
0.9476167778836988
0.9805746782400478
0.9298544355946169
0.9375978223885676
0.9466115051221434
0.9762613430127042
0.9414595784837999
0.9442622950819672
0.9549511129602662
0.9157451240295399
0.9846025618529567
0.9423933559833899
0.8888241090491049
0.9361588989677823
0.9231047992164545
0.9462951184608046
0.8850762527233116
0.9494695741859437
0.9187103988073052
0.9222549308213129
0.9549125979505726
0.9253660322108346
0.9450545014129996
0.9093555093555094
0.9367907481026382
0.7280330882352941
0.9347354138398914
0.9078859491394812
0.95048
0.910660700184259
0.9118679050567595
0.9280464402226061
0.9443416589577551
0.9535523300229183
0.9539243167484233
0.8589590643274854
0.9545169131051245
0.9486131505955294
0.9083417764268829
0.9608893956670468
0.9646838990968546
0.8895002807411566
0.9174117465700632
0.9112587149048427
0.9128864468864469
0.9645584045584046
0.947141638225256
0.9253770491803278
0.9575965868689262
0.9514051522248244
