0.7905932656333512
0.8870472682627378
0.782340905884013
0.832839134794442
0.6506304347826087
0.9221496330767854
0.8413199794555727
0.911678764191327
0.8422786720321932
0.8247071352502663
0.8556906077348067
0.8806206896551724
0.925392251040666
0.8471639323413456
0.8581654155142895
0.8244916090819349
0.8548132897912821
0.9134768504865821
0.8127499032632529
0.7981220657276995
0.8985819625638117
0.8440513552068474
0.8276604819791
0.9654336734693878
0.9066389689672715
0.8391966377290891
0.9058231443744597
0.9006359189378057
0.8216143277723258
0.9154868987094251
0.9204435539588227
0.8762401915148291
0.860672
0.8185689948892675
0.837051177904143
0.8874429223744292
0.8529024390243902
0.8589192191715601
0.8994245091401489
0.8811608648980218
0.8593885328252209
0.8407329056912788
0.8244837942685521
0.8795223716716991
0.8981311183625037
0.9252090800477897
0.8328751689950428
0.7460453709380748
0.8478755074424899
0.8361612903225807
0.891104421839319
0.9279728124587567
0.8450854462191444
0.8828613569321534
0.8695652173913043
0.8907223686250194
0.8294221007418977
0.8519134775374376
0.8512715409068095
0.8432783432783433
0.9444368652417766
0.8383950981839657
0.8339091668988576
0.8813412688673457
0.8576214405360134
0.892875157629256
0.8376206789162255
0.899064449064449
0.8618355995055624
0.8471106758080313
0.8898200640867636
0.84155161078238
0.8946058091286307
0.8786277732128184
0.8257836769274216
0.6686314089624545
0.9163585083046067
0.766522070740776
0.9160497981157469
0.8194010268111809
0.8197533320071614
0.8572736520854527
0.8844744260974627
0.8872539606337014
0.8990387503754881
0.8341538136488486
0.9205014749262537
0.862004662004662
0.8403803463075329
0.8998496692723993
0.9382291975125852
0.8215749664511407
0.8404566444330426
0.797256610117683
0.8610376398779247
0.8834741784037559
0.9046746016509887
0.8930778739184178
0.8694120057365294
0.818158925573587
