17.0
17.0
10.0
15.0
12.333333
16.0
16.0
16.5
17.666667
16.0
17.0
18.0
21.0
15.5
12.5
15.0
17.0
13.0
17.0
17.0
15.0
16.0
17.333333
15.0
16.0
11.5
15.0
17.666667
16.0
16.0
16.5
9.0
13.5
11.333333
15.0
19.0
18.0
10.5
13.5
14.0
13.5
12.5
11.0
20.0
13.5
13.0
16.0
11.0
14.0
14.0
11.0
15.0
13.666667
16.0
14.0
17.5
15.0
18.0
15.666667
15.5
18.0
15.0
12.333333
15.5
15.0
18.0
16.0
19.0
16.0
13.0
15.0
13.5
12.0
12.5
13.75
14.0
14.5
14.5
14.666667
16.0
14.5
13.0
10.0
18.0
13.0
16.0
15.5
13.5
16.5
18.0
18.5
18.0
16.5
14.0
14.0
13.0
17.0
16.0
18.0
15.5
