0.9552755012891833
0.866046189119539
0.7285421556575583
0.909966396506762
0.8295444355689483
0.8470243534225895
0.8120141400933703
0.8107497690662371
0.8515269390814955
0.9046107901159217
0.9310673281406753
0.7973769117897512
0.8686785746184015
0.8360078286200687
0.9792770035834316
0.810919480183386
0.8878408438776045
0.8646562947701171
0.8480523965814745
0.8756848098937331
0.8565602461748307
0.8820461074658628
0.824186245027523
0.8404852929077141
0.8246423887671291
0.7718165201264541
0.9398805945768132
0.9053990016962884
0.8315089921166413
0.8239326335310989
0.9039768747738556
0.8752285686700052
0.9065550903162318
0.8627831861729286
0.9362094046301401
0.8525561165807536
0.8851652439115907
0.7944031160752403
0.8443324389616663
0.829777440339044
0.8112792259248921
0.8488754466993326
0.8495505978665491
0.9050238162756725
0.82263806503427
0.9263337163029766
0.889790080020802
0.9061162251677003
0.8444613757293873
0.8018611258988483
0.9578062020058874
0.8737943145751386
0.8718364067695004
0.8987847781010317
0.8124402670831947
0.8951964881685558
0.8463648079581146
0.8347762245976724
0.8869207526070418
0.9370336289784498
0.8885920471804528
0.939141931374076
0.8639064748112579
0.9108943089390014
0.8850518171280252
0.9083073418180487
0.938529361759509
0.9487650702238076
0.9604116508309145
0.8847062938008918
0.8385929656075279
0.8093995504261186
0.8792666814753959
0.8567193377854252
0.9222758111328898
0.7741840878960179
0.8517341700441287
0.9178414242005222
0.9054493900641143
0.8907995106895613
0.926691627265254
0.7514378263545299
0.9040021760808414
0.875721404598409
0.8805499341841038
0.764989143787025
0.8864540292389914
0.9102031928301704
0.8951956916130624
0.9071265288350217
0.9556949895182419
0.8649774879991521
0.8442045206859735
0.7973781088863598
0.9021798196210526
0.8368016155687289
0.8399114105894468
0.8224921312752367
0.8921399875177787
0.8298252200625222
