0.8583057048130788
0.8875841998561245
0.8491133518776078
0.8729675516224189
0.8418946228798267
0.8075212802179095
0.8855776397515528
0.8916083916083916
0.8808476988771153
0.8635380722337244
0.8293164502629038
0.8130450714547454
0.8063770068485461
0.9317484662576687
0.9476582827406765
0.8506671899529042
0.9046097618486206
0.8892985554784584
0.9018290204579326
0.8512622884067245
0.800820456720908
0.8937836435566509
0.8248580250317031
0.8332848837209302
0.8727618243243244
0.8098501519438331
0.8874429223744292
0.900130662020906
0.887261297995243
0.8693331522477251
0.8429765886287626
0.849717785516993
0.8753103881816753
0.892416269643746
0.8618834080717489
0.8768203883495146
0.8890649956997174
0.8088578164909294
0.9205139005897219
0.9306167400881057
0.8495368113115553
0.8438593700286351
0.8386056320555763
0.8733342784235895
0.8337950511027434
0.824797933758736
0.854780674587533
0.8601935236635371
0.8135733295979829
0.8416699539776463
0.8132364702745934
0.8759925522772845
0.8454717420406263
0.8623644380884281
0.8680307160428163
0.8857600204891791
0.9442247562994298
0.8555790203618483
0.8145619679603191
0.76905517578125
0.8002691902092468
0.8900012769761205
0.7847658196312904
0.9041704474069938
0.8478730967474376
0.9009954058192956
0.8713364525223442
0.8973493975903615
0.846227162169806
0.8695375335120643
0.8764125991824958
0.8437008403361345
0.8072277467863206
0.908515680799948
0.7832072025052192
0.8632692425448534
0.9099722238995229
0.836084452975048
0.8741273625063851
0.8438408670367433
0.8542568423371331
0.8910650137352962
0.8898179287950829
0.781305315597011
0.90844989185292
0.886365788227868
0.8775998634346194
0.8347042658172507
0.8568539579724336
0.8337894736842105
0.8006761198234577
0.8826253604332231
0.8830747195034614
0.8465719063545151
0.8477159769922377
0.8205592188050536
0.8858205624163071
0.8882780016631485
0.8798757457988943
0.7890786886987939
