181.6562509
226.347826900004
181.57642539999136
203.6777296
215.456818499998
154.5
194.63591680000002
169.03673479999998
199.4491391
187.01002099999997
205.8861602
224.2024275
194.84907159999798
196.59880141000005
199.3479385
165.333333300005
185.2888583
202.223690000001
203.08466460000002
195.14318169999996
216.4585057
180.25
140.49999990000003
196.89526950003702
195.11386179995557
186.976635000006
205.8268903
210.1008353
218.1357867
202.85714349999301
170.33333370000727
204.7244895
194.826388700002
190.4344553
191.82786940000003
192.769195
197.679487
209.47068446
196.77173940000102
212.84615480000002
215.07236820000003
187.70652120000003
193.5948278
180.2136367
195.80772011000002
168.3333322
190.3808227
207.67260650000003
180.1668069
192.673077
194.6465116
189.65757512200202
200.411892400007
189.70000000000002
211.7237529
208.771029999996
193.842284099999
199.999999999999
201.940904
194.73169920000004
192.375
206.7
212.09274711000003
194.640408
194.7287235
193.66573070000007
197.88095409999903
200.2886896
207.4089897
197.04601926
204.4971106
190.73251459999798
193.3557929
193.8482384000615
186.37322289999997
188.55659760000003
199.58913080000002
211.2999996
192.2366067
194.10086289999998
201.65277910002757
195.66716681999998
184.5902971
185.23851330002898
208.6875
199.4588879
203.58149999999895
184.5223214
175.7494049
190.3141198
184.11091870000004
196.679794599991
181.76643610000002
181.8783787
189.4659876
163.66666700000002
176.05299919999996
196.19552154
209.65238119999998
207.081730699997
