0.8760840232143037
0.867837131116922
0.8193751097909581
0.8452764089249244
0.8300959326266414
0.9047094638909826
0.9039641198441385
0.8796306704458051
0.8420455847625175
0.8987852333966663
0.8819358131435948
0.9227047430773418
0.9244644850229736
0.8040485390650863
0.88661961378041
0.8530878095850756
0.8995522615796885
0.8898710322703035
0.8915541195125734
0.8896406363881101
0.8827893731126356
0.856765438573489
0.9284103021233963
0.8561073775459678
0.8994839152182278
0.8614619683572534
0.904868638040208
0.8873903698705151
0.8533567866406424
0.9020994475434033
0.9026139410187668
0.8061199396231535
0.8641907355725933
0.7996671354702857
0.8264630479506251
0.9404912564515827
0.9189630062566473
0.8526591652586548
0.8646475743637415
0.8901484335728997
0.8654818535130747
0.8760571452302837
0.8347814759330424
0.9386781707410152
0.8924961888263382
0.8466337753109261
0.8485811138014527
0.8343019471245614
0.8107467032675377
0.8659044288990756
0.8704451158445755
0.8602493871738156
0.8022530800110156
0.8817090481289507
0.8985528528372573
0.8984048396532435
0.8887527809511403
0.903003438811244
0.9131048908953137
0.8177155340156387
0.899616473764571
0.8363044454422991
0.8416369306211469
0.8908961794721136
0.9129797621314683
0.8888661711211429
0.9093037810816613
0.9127373246802357
0.9016403665851707
0.8629650507328073
0.8904008646188917
0.8825860899706126
0.8678479204492137
0.8430206428011497
0.8087467278194838
0.8685153894576417
0.8684052647210542
0.8456416830113345
0.8721309216992892
0.8300905617659544
0.8646829754005005
0.8720504162175847
0.8370880149812734
0.8931449090068279
0.870738314738428
0.8668688168090907
0.891748492908135
0.8746245395296118
0.9019856121393933
0.8889016561874911
0.8852408694159749
0.8883715102792541
0.825030593819823
0.8664132524261854
0.8734875977282544
0.8357755885432245
0.8968061690031863
0.8667168307266545
0.8625141564063956
0.904355308005653
