0.8646421033628325
0.8481671433178111
0.8048278240674114
0.9227259150020883
0.8326642208548722
0.8241278543441118
0.8968570411881857
0.8259796718939554
0.9257876946587292
0.8087475423938988
0.8386613986970686
0.8182002262818733
0.9072770262326274
0.7635673270372785
0.9130506629488495
0.8315196432598101
0.8954235356685724
0.8808352877708213
0.8605155471744504
0.8525811817426834
0.8606387463003444
0.7765117625373721
0.7887820667277079
0.8206406950496087
0.86330867866025
0.852484406064134
0.9348799473063724
0.8171510242972844
0.8921298077711203
0.846323628674705
0.8253434882029489
0.8979702770029677
0.8484516111318725
0.853582998381167
0.7987144870853105
0.9027218032580334
0.8616154217109675
0.8827155399201494
0.9108230556082589
0.8153144316957122
0.9150333463159228
0.8557873308388415
0.8339262392545954
0.8847700492951023
0.8545693903743002
0.8731709006019618
0.8272583878279723
0.870007667002578
0.7896044430002068
0.8565202112518265
0.8107109912609406
0.8649223486541394
0.8454016214021768
0.9194364432293447
0.8897049746944822
0.8603796460132083
0.9233904069429527
0.8376819150701922
0.8356136175560488
0.7547727295703577
0.8054927106233598
0.7723431373138919
0.7616862293936049
0.8882856421072054
0.8573955821984752
0.8818825773053344
0.8824789176245689
0.8790418781884849
0.8719053899224675
0.8158154706360394
0.9488134457900471
0.8634046718004446
0.9222759274978779
0.9096179726919559
0.7767562047409792
0.8463368386188623
0.8266054972426686
0.8637370314190709
0.8426970728828014
0.8778730122927709
0.8487314720051384
0.8442995328911298
0.8274602988311482
0.869492588865881
0.8595515613900799
0.8628996439687385
0.8356760879175442
0.8430852013688196
0.825468385155244
0.9202831060354068
0.9226284766917594
0.8893760278438341
0.7545653362338218
0.8518896002378504
0.8587392451764791
0.942206507188173
0.8473850325809461
0.9018150752375192
0.8989368730397128
0.7975352106032735
