376.666666
359.0
339.0
388.0
341.0
344.1666663
426.75000000000006
369.33333279999994
340.5
392.5
408.5
454.018245
462.5719351000001
394.0
396.1666669
296.0
405.5
435.39405500000004
453.49999999999994
377.0
398.25
373.0
309.0
325.66666663
459.4999999
366.5
457.778246
399.5
410.25
441.99999949999994
359.5000001
357.7499997
428.05252299999995
425.0000004
392.4999997
451.452993
391.49999990000003
319.0000002
436.4999996
397.5
403.0
394.0
349.25
444.397355
314.0
353.0
368.25
423.0
391.0
407.5
390.0
396.0
435.5
457.0
366.5
430.5
421.1666663
408.0
384.5
368.25
452.373955
377.833333
414.333333
434.3609187
417.0
460.134496
423.5
395.5
345.0
380.0
449.61332500000003
369.0
416.0
394.0
346.5
365.0
381.0
335.0
485.652967
416.5
384.0
440.0
413.0
369.5
413.00000000000006
392.0
411.5
451.583333
345.0
350.5
414.5
455.962144
323.0
365.0
430.5
411.0
359.0
431.0
402.5
384.0
