0.782581007061308
0.9167519660466859
0.8515880862633628
0.9143297230689409
0.8860673793326854
0.8262390132210651
0.9088585640421494
0.8688338463325397
0.8118169809054882
0.8848761294083357
0.8987481289971425
0.9123920051579626
0.9292997542997543
0.8789633156584785
0.8520862735472786
0.8880249265698182
0.9339960906480973
0.9149667259669236
0.8932730133752951
0.8877909984480082
0.8926891991182954
0.8605925779447631
0.8765173557074227
0.8968582009317884
0.8157903863494486
0.8759603208104686
0.8809978649286436
0.8801228224088231
0.820002283365681
0.9162314240369355
0.851606988783434
0.8223770844871084
0.8816689972855145
0.7890989698787325
0.8525300625300626
0.9056566324842872
0.8576211894052973
0.8260942237425173
0.8292990943353772
0.8159234095120445
0.8885668511505972
0.8285065819337267
0.8359975647938772
0.9010019757267852
0.8854673225579761
0.9215166742804933
0.8275234261996101
0.8557119257894402
0.7594932906068496
0.875377170509536
0.8343231918382219
0.9142791446309496
0.8395871808799565
0.8779102478231748
0.8762533301041414
0.9370829997331198
0.9234861920445908
0.8463018010141633
0.8376627712854758
0.8120277406999014
0.8576181292189007
0.8982523971543458
0.8290012033694344
0.8913147698167728
0.906069401033361
0.8349383667180277
0.8881021897810218
0.8777740189445197
0.7786550898813465
0.9159478574400222
0.8346486294476348
0.8288675853804673
0.9130864197530865
0.840064620355412
0.8352420167071509
0.7564777797091372
0.7914228409627183
0.8623087159015302
0.9045989904655076
0.8415377563882205
0.8715036674816626
0.8011979463776383
0.8930213557220938
0.8548509751011898
0.9221163893577686
0.8812306347819179
0.893220559531555
0.862621055920025
0.9137935805201992
0.879909897226524
0.8707325084857112
0.853318718381113
0.8675108091414453
0.8614435654421556
0.8821309285237141
0.8260837209302325
0.8935964559001208
0.8590214067278288
0.8685625233097128
0.8990061070530475
