12.5
14.5
13.666667
16.5
12.0
12.0
20.0
15.333333
12.0
14.8
17.0
8.0
11.0
18.0
21.0
11.5
17.0
16.0
16.75
13.0
10.5
15.0
15.333333
13.0
11.0
14.0
14.0
17.0
14.0
16.0
14.5
15.333333
15.0
18.8
9.0
13.0
12.5
11.333333
17.0
19.0
14.0
12.0
11.5
14.0
12.0
16.5
15.0
15.5
15.0
15.5
13.0
12.5
16.2
15.0
16.0
16.0
20.0
12.0
9.0
11.8
14.285714
16.5
14.0
17.5
19.0
15.0
15.0
16.0
13.0
18.0
15.0
12.5
14.0
19.0
10.0
13.0
16.0
11.5
20.0
18.0
17.0
16.166667
14.5
13.0
16.8
13.0
10.5
12.5
10.0
12.0
15.5
12.0
16.0
10.5
12.0
11.5
13.5
13.0
17.0
11.0
