0.9560651780325891
0.8617282097468227
0.7308445747800586
0.910772382962871
0.8202681208816178
0.8493203883495145
0.8111459879009245
0.8139355941863778
0.8571286665887577
0.9007445293279813
0.925962515524444
0.7922463694526252
0.8607008205810601
0.8449072584968371
0.9709195986282231
0.8044347826086956
0.8858334394498918
0.8607041947402738
0.8476395609583383
0.8592769269394929
0.8514513007955279
0.8843045112781955
0.8233830541631006
0.8390294388224471
0.8310732912434806
0.7706810541156057
0.9458768160425619
0.8974982931824832
0.8239908447773616
0.8281468079607134
0.9044943188210147
0.8697305863708399
0.9124321389793703
0.8607707794075352
0.9254625471528651
0.8411937050058597
0.8838891498356035
0.7757919062112502
0.8357624157723983
0.8122909435153045
0.8064194535288532
0.8450090275986587
0.8383749718658564
0.8954862625381597
0.8232300884955752
0.9232156273478588
0.8750958834057786
0.8974039388513979
0.8397284716834755
0.7954826566281259
0.9406451612903226
0.8694756963407974
0.8724395980329271
0.8885820895522388
0.8034016480033805
0.8898127026053548
0.8347678974237208
0.8211430035879036
0.8675880923450789
0.9236255990978292
0.8910845139228138
0.9337870685464268
0.8491116594694633
0.9070869735297953
0.8963337893296853
0.9020454545454546
0.9349139147615015
0.9445216461785142
0.9494866529774127
0.8849557522123894
0.8316504030547306
0.8130356684629202
0.8696344423818364
0.853315632690066
0.9098757566103854
0.7784728406055209
0.8403989425618842
0.9143715492042871
0.8973797655934258
0.8886262672286137
0.9167378117277016
0.7367599569429494
0.8986835689907362
0.8714564527933643
0.8821782178217822
0.7614766759345073
0.8815137872819359
0.9042435914464072
0.8929670993057651
0.9092303692147686
0.9549221496735308
0.8607469879518073
0.8427723840345199
0.7905932656333512
0.8987713109935332
0.8370100902814658
0.8332995267072346
0.8165204184947689
0.8892592592592593
0.8176822886382138
