0.8468521353893461
0.9034905173026405
0.8620516590899368
0.8204365068038398
0.8247553400285056
0.8251688949492911
0.9278034881847274
0.9164989480478508
0.8254794469151169
0.8545171733382323
0.8628801781949536
0.8462783146065653
0.9137430198883187
0.8727307923872394
0.868046888229131
0.8939806452807089
0.9336460850056736
0.9209551068363242
0.9191905420949621
0.9301766984443776
0.9351615878287887
0.8549924608054759
0.7587917710108418
0.8847034410222655
0.8731708472409357
0.8334672189914862
0.9115968754294773
0.9076113899495651
0.8262544516972824
0.9340724300709942
0.8614010847338337
0.9060680547937052
0.9008318679914664
0.8438243740868544
0.8520820329933952
0.9146074092605233
0.8976670768510414
0.8615365957706406
0.8873659188667123
0.8900889714728122
0.9337471438251628
0.8111244412592676
0.9128532307239825
0.9289367873978608
0.8519857219734711
0.9074094932113392
0.9013485567039831
0.8305304777305367
0.7993378533761548
0.889794929718219
0.8887359073223953
0.8811104690367275
0.8829053367881642
0.8843037117953648
0.8977424777349434
0.8476761661463437
0.913312837760862
0.8993960045855528
0.8107870111042127
0.8587098469045408
0.8008623425791126
0.8418328623908334
0.8939750110962844
0.9267412770699416
0.877333131709182
0.9151900220888072
0.8848260412330763
0.8877589038996971
0.8690600448694682
0.8380232231415828
0.8616876401363207
0.8693939340450091
0.8793076486225924
0.8950633649665404
0.8612139683851637
0.9222061169610367
0.9333156162116938
0.8821579491346603
0.8228228933899144
0.8935087694341334
0.8593289891138647
0.9035178802574053
0.9271060320544651
0.8006615648682258
0.9349586595753564
0.873725947036703
0.8946557980953949
0.9299961028833661
0.890259278188168
0.9229636203167925
0.8578761179362445
0.877904635766923
0.8534027545254044
0.869677596014204
0.8652085818231962
0.8758715265713343
0.9393316754866377
0.9420024573537542
0.8916165213142064
0.8637743527032044
