10.0
19.0
15.0
16.5
16.5
12.0
17.0
10.0
12.5
10.5
10.0
17.0
17.0
18.0
12.0
12.0
19.0
17.0
14.5
16.5
16.0
7.0
15.0
17.0
11.0
9.5
16.0
8.0
9.0
16.0
16.2
11.5
14.5
12.5
11.75
14.0
17.0
11.5
14.5
4.0
14.5
10.666667
12.0
17.0
16.0
14.0
14.2
13.0
10.0
15.0
8.0
20.0
7.0
14.0
16.0
17.0
17.0
12.0
9.0
12.0
10.5
10.0
4.0
15.0
9.0
14.0
14.666667
21.0
6.0
15.0
13.0
11.5
19.0
12.0
6.0
12.0
13.0
12.0
12.0
13.5
14.333333
12.5
14.0
15.75
16.0
14.0
16.0
13.5
15.0
13.0
15.5
16.0
8.0
13.666667
14.0
12.5
16.0
13.5
16.5
17.5
