22.333333
18.0
12.5
14.0
14.5
15.333333
16.0
12.666667
13.5
8.5
18.0
17.0
15.666667
14.0
16.333333
12.5
18.0
17.0
19.0
15.5
17.5
15.0
8.0
13.333333
11.333333
15.5
23.0
16.0
15.0
15.0
15.666667
18.0
14.0
17.0
11.0
17.0
15.5
12.333333
15.0
13.0
19.0
14.0
17.5
16.0
16.0
18.0
13.5
17.0
15.0
14.5
17.0
17.5
16.0
15.0
13.5
19.0
12.0
15.0
10.5
14.5
17.0
15.0
13.0
17.0
17.5
20.0
18.0
15.0
15.0
13.5
12.0
11.0
15.0
21.0
11.5
18.0
12.0
13.0
21.0
19.0
17.5
13.0
20.0
18.0
20.0
15.0
15.0
16.5
18.0
18.5
18.0
23.0
15.0
16.0
19.0
17.0
17.0
14.5
17.0
9.0
