409.018134
319.0
308.5
412.99999999999994
363.5000002
367.5
393.0
414.875
366.3333324999999
429.068398
318.0
369.5
411.0
419.367035
321.5
351.0
380.75
417.603097
390.00000000000006
385.0
371.6490468
385.5
265.3333329
351.0
342.5
355.0
348.5
357.8333341
392.75
410.83229200000005
358.0
274.5
399.5684182
368.6666669
352.0
381.0
343.0
350.5
431.1482269
396.089423
326.5
318.5
320.0
420.37870649999996
366.2500001
349.0
383.0
385.833333
339.0
312.50000000000006
350.5
385.5
346.0000001
379.25
357.0
369.99999999999994
383.9999997
358.0
320.83333369999997
314.75
382.199679
377.0
345.33333300000004
392.33770300000003
323.5
403.5
421.49999979999996
425.706332
320.25
337.0
401.140342
291.0
369.4999997
372.0
341.5
298.0
388.25
382.0000003
303.50000050000006
383.5
336.0
391.5
366.0
354.0
387.0
388.0
373.0
327.5
355.5
376.5
406.59490900000003
379.0
304.0
375.8205719
425.1188442
364.4999997
423.5
413.1394755
431.335006
328.5
