0.9162730507926238
0.8977655612697287
0.8888888888888888
0.8994502547599893
0.8966170883517904
0.8827338481086893
0.9472755895392919
0.8378068795732749
0.9234949832775919
0.79813188066853
0.9232694420705653
0.8749876018420121
0.804344453064391
0.8634327423093792
0.8594534808067664
0.790707261348962
0.921140150277687
0.8418634860651866
0.8935556108484698
0.8674678224323614
0.9172658955278863
0.8248471902727571
0.8634756097560976
0.8704833141542002
0.805972923486656
0.9308348482729688
0.9541066411620539
0.8610683946177219
0.8468551391628315
0.8820469935547034
0.8683725994852505
0.8958476815888524
0.9065399860107252
0.8549503585217871
0.854615147546036
0.8534764680790559
0.8825413719700611
0.8521597501115573
0.8164928766292816
0.931752994769698
0.9118668867712163
0.897627007776728
0.9311484666840414
0.8912421441774492
0.8891319091217362
0.8373558368495078
0.9358006595822645
0.8810679611650486
0.9423947800535822
0.8735201538865087
0.858441204523777
0.8529735014496662
0.9269026334863494
0.9309314767816723
0.8736761291289042
0.9300118741341777
0.9323917407513622
0.9192275953127579
0.8025714285714286
0.814415342684305
0.8803782505910166
0.9115005341441368
0.8562542072088611
0.9092131809011432
0.8677356276886977
0.8993483769759865
0.9016176177506144
0.9010481099656358
0.8477740475842943
0.9265546459859256
0.7773669740534968
0.8636958465414939
0.92836820083682
0.9335544519333097
0.8833489938141101
0.9127189754158693
0.8793349247397387
0.9016911250873515
0.9195371935756551
0.8645403377110694
0.9051933701657459
0.8839923515405151
0.901332159980579
0.883370873513057
0.9425681583339957
0.8666868932038835
0.8856306546035125
0.8686844613918017
0.9050224076649668
0.9483311021865238
0.8759661259541984
0.9485472794506075
0.8771165644171779
0.8483932223196027
0.9420154459392127
0.9156970912738215
0.859984399375975
0.936832977588047
0.8896027828982577
0.7632784104676521
