0.8754698346407811
0.8674519291990322
0.8208548629733795
0.8503602407925297
0.8273764258555133
0.8998837959974176
0.905969829891944
0.8767657087189479
0.8366565988889488
0.8935722353424376
0.8840107480387918
0.9230522945570971
0.9217248015395718
0.8102165871919426
0.8842789310281853
0.856104033970276
0.9015858013022474
0.8941275167785235
0.8920254377095418
0.8897322638339386
0.8957270408163265
0.8555478570721567
0.9297317890886925
0.8549115044247788
0.9013340668408747
0.8589072936147475
0.9052386346084539
0.8827542773170988
0.8530460142579391
0.9052778630641695
0.897765887305371
0.8057852386237514
0.859682173523004
0.8017156054107555
0.8315307057745188
0.9428571428571428
0.9176188131002216
0.8491535671100363
0.8691181958735406
0.8995969877037124
0.8645894149003681
0.8738309041928576
0.8345249985312261
0.9383664510166358
0.8945942817455724
0.8450873024072735
0.8522065178707611
0.8290724542003631
0.8120941759603469
0.8631157449380478
0.8719483729232459
0.8599094102421889
0.7993622190726868
0.8812520342844743
0.8944180663540863
0.9007985574446162
0.888572986446487
0.9053054875223406
0.9084128498727735
0.8139959973315544
0.8970081135902637
0.8413495165603785
0.8423495286439449
0.8868006210067475
0.9153514706929706
0.8816141995981246
0.908154020385051
0.9118844152287044
0.9002363772082608
0.8682170542635659
0.8862929646287967
0.8803257757486652
0.8694470368642091
0.8429755671902269
0.80596676292062
0.8718378378378379
0.871580298148856
0.8474695136646262
0.8685071503313568
0.8339561855670103
0.8551414458913337
0.8769130747523931
0.8369904134792292
0.8890329793180548
0.8748922878069797
0.870555910543131
0.8913824493263746
0.8735426966977965
0.9022859416120937
0.8949261190786615
0.8868827238335435
0.8906763918483309
0.8161675386373204
0.877227200843437
0.8746908828482078
0.8393823796548592
0.8979957582184518
0.8719567567567568
0.8497220147705584
0.8993600217864923
