0.903290987756605
0.851716114019779
0.8408898305084745
0.9334395919668473
0.8645724333133202
0.9029745357500278
0.9052661381653454
0.8805833763551885
0.9597102953666132
0.8454913564865286
0.9416957300405316
0.8654625138286103
0.9029031287605295
0.7804576778052269
0.8881364073006724
0.8770223325062034
0.9259361322742746
0.8911120220615637
0.9683975405898742
0.8952421652421653
0.8917469103040413
0.8136111331377369
0.9579780399486041
0.9064550458715597
0.8877190664905328
0.8824605594591012
0.9607239244324496
0.8503726492763671
0.948460398485098
0.9147359257109693
0.8709267187106522
0.9296687295231161
0.9118212290502793
0.8785631293570876
0.9051381744227779
0.9179138755980861
0.8760979228486647
0.9164073627698038
0.9360278826157282
0.8656947128051994
0.9285399355604544
0.9021701472428063
0.9323216995447648
0.8964028457092041
0.8870674277559757
0.9247755746276018
0.8387176938369781
0.924297918749432
0.7895515342250197
0.9181778457504916
0.9339668066796435
0.8850776888410574
0.8808691885648282
0.9179363009871484
0.8987919550737887
0.8898794070848338
0.9341260602028937
0.8811348719034512
0.9084653712007972
0.8467654401389341
0.9130951321527098
0.8468941382327209
0.8337847192177901
0.8776406475396699
0.8698597066593787
0.9139599170697996
0.8976752078737485
0.9442807017543859
0.9081177671885636
0.8508105768474069
0.9293604401272243
0.937823267126064
0.9115018801150188
0.918621144647864
0.851531983515499
0.8612293677279697
0.8989300574598772
0.8900763067531476
0.8490334359561824
0.9194090572861018
0.8619201181132955
0.8812132414720215
0.8579302891110511
0.9221159053980863
0.9102795806290565
0.9173876166242578
0.8291450659390632
0.8682063092030937
0.8756661872937992
0.9399883472518936
0.9500719217491369
0.9085789374882673
0.8226513080827802
0.8728602748967029
0.899524626964215
0.9571347506998562
0.9074797843665768
0.958148091369002
0.902261003550613
0.9043058350100603
