(27,51,13,1) (65,8,14,1) (31,71,4,1) (27,20,13,1) (20,34,13,1) (85,6,8,1) (76,28,9,1) (65,55,13,1) (53,96,12,1) (24,91,13,1) (54,2,8,1) (38,54,11,1) (5,60,11,1) (54,86,9,1) (73,37,8,1) (26,46,7,1) (71,39,5,1) (21,59,13,1) (73,11,9,1) (79,10,7,1) 
(35,79,8,1) (31,83,12,1) (94,29,17,1) (59,57,13,1) (2,53,9,1) (61,16,5,1) (7,23,12,1) (35,86,11,1) (40,38,10,1) (19,89,8,1) (48,25,7,1) (32,81,11,1) (2,42,9,1) (62,7,14,1) (13,1,10,1) (38,35,9,1) (35,18,10,1) (63,91,8,1) (44,25,12,1) (36,79,14,1) 
(62,46,14,1) (5,48,4,1) (94,74,15,1) (44,71,15,1) (46,69,11,1) (50,68,2,1) (86,90,4,1) (12,53,11,1) (60,16,17,1) (30,5,10,1) (7,23,10,1) (44,4,4,1) (44,98,2,1) (23,71,18,1) (54,88,6,1) (88,82,15,1) (75,53,11,1) (51,97,8,1) (2,86,5,1) (83,47,16,1) 
(66,74,21,1) (44,78,8,1) (63,20,16,1) (19,16,5,1) (52,10,11,1) (88,75,13,1) (26,93,9,1) (99,26,14,1) (91,27,11,1) (57,36,9,1) (69,92,5,1) (76,84,9,1) (39,17,6,1) (32,47,8,1) (63,50,9,1) (91,71,7,1) (96,89,12,1) (98,64,6,1) (60,45,16,1) (15,92,11,1) 
(85,91,11,1) (63,14,1,1) (16,4,13,1) (24,6,25,1) (41,11,4,1) (40,33,9,1) (37,2,3,1) (51,11,8,1) (31,54,6,1) (13,53,7,1) (7,10,7,1) (22,2,9,1) (89,14,15,1) (32,2,8,1) (49,23,16,1) (26,70,14,1) (77,13,1,1) (45,63,14,1) (41,83,8,1) (42,60,10,1) 
(95,33,13,1) (36,91,10,1) (20,99,15,1) (68,31,13,1) (79,23,4,1) (57,1,9,1) (57,41,6,1) (44,72,7,1) (39,97,9,1) (42,53,7,1) (93,12,8,1) (26,64,11,1) (1,20,4,1) (60,52,6,1) (93,89,6,1) (74,97,4,1) (32,17,17,1) (56,41,4,1) (41,30,13,1) (64,46,6,1) 
(48,76,16,1) (77,2,13,1) (78,62,9,1) (63,34,12,1) (48,74,2,1) (35,99,16,1) (60,39,17,1) (42,97,10,1) (67,37,16,1) (22,56,8,1) (16,75,8,1) (19,11,11,1) (34,14,9,1) (41,53,8,1) (23,68,14,1) (13,53,10,1) (84,49,4,1) (34,93,17,1) (6,70,7,1) (93,73,4,1) 
(77,38,9,1) (27,37,10,1) (56,2,19,1) (76,6,6,1) (31,53,9,1) (40,22,11,1) (40,13,9,1) (29,16,8,1) (74,65,8,1) (41,55,7,1) (64,99,15,1) (40,73,8,1) (11,21,10,1) (62,39,17,1) (28,44,10,1) (2,95,3,1) (44,79,8,1) (39,63,16,1) (85,79,7,1) (1,15,8,1) 
(72,30,4,1) (72,34,9,1) (91,33,13,1) (60,49,8,1) (59,30,6,1) (85,70,8,1) (74,42,12,1) (24,42,14,1) (14,67,9,1) (72,43,8,1) (90,41,13,1) (0,1,12,1) (86,81,9,1) (93,37,11,1) (44,76,12,1) (45,33,11,1) (9,85,14,1) (50,9,12,1) (77,40,15,1) (15,67,5,1) 
(63,44,6,1) (86,61,5,1) (16,37,10,1) (4,59,18,1) (2,90,4,1) (12,28,18,1) (22,56,12,1) (75,88,4,1) (50,73,21,1) (74,43,6,1) (3,91,3,1) (62,53,17,1) (41,50,10,1) (30,68,9,1) (5,6,15,1) (96,78,13,1) (3,46,3,1) (83,68,13,1) (40,35,11,1) (46,79,13,1) 
(78,82,11,1) (55,3,7,1) (56,63,7,1) (69,52,22,1) (99,62,13,1) (57,33,14,1) (96,27,7,1) (10,92,7,1) (92,23,5,1) (23,88,18,1) (93,33,18,1) (9,82,14,1) (90,25,7,1) (18,81,13,1) (60,92,11,1) (84,22,10,1) (58,2,6,1) (1,88,5,1) (26,18,12,1) (74,29,17,1) 
(13,8,8,1) (78,31,15,1) (98,51,11,1) (58,45,11,1) (90,13,10,1) (2,28,15,1) (85,27,7,1) (68,29,3,1) (16,33,15,1) (34,43,12,1) (66,68,13,1) (14,12,12,1) (35,23,2,1) (51,18,15,1) (95,26,7,1) (52,62,5,1) (6,23,2,1) (79,68,12,1) (37,72,17,1) (64,4,6,1) 
(46,69,12,1) (89,98,10,1) (96,70,10,1) (58,61,9,1) (88,50,16,1) (54,72,7,1) (81,37,17,1) (21,43,18,1) (46,93,10,1) (84,71,17,1) (75,36,11,1) (61,0,6,1) (90,49,5,1) (45,78,10,1) (58,62,11,1) (67,75,16,1) (15,26,5,1) (67,26,7,1) (59,26,12,1) (35,46,11,1) 
(8,83,9,1) (31,92,10,1) (88,77,12,1) (2,99,11,1) (67,79,8,1) (38,45,13,1) (83,29,13,1) (22,30,11,1) (63,8,8,1) (98,94,16,1) (45,15,2,1) (40,64,12,1) (70,38,16,1) (58,80,24,1) (75,94,12,1) (90,2,3,1) (75,42,15,1) (32,41,21,1) (80,3,3,1) (1,29,11,1) 
(51,89,21,1) (16,4,7,1) (75,29,12,1) (64,24,7,1) (7,6,7,1) (89,41,11,1) (55,60,12,1) (4,18,6,1) (76,43,18,1) (84,10,10,1) (37,71,9,1) (96,14,10,1) (23,80,15,1) (8,38,13,1) (18,86,11,1) (94,40,14,1) (99,14,14,1) (16,74,8,1) (19,16,10,1) (27,83,10,1) 
(65,9,3,1) (93,15,17,1) (92,3,7,1) (0,87,14,1) (15,5,8,1) (15,54,4,1) (76,0,4,1) (19,56,6,1) (71,32,11,1) (13,37,8,1) (25,46,9,1) (9,85,4,1) (29,86,12,1) (37,62,5,1) (67,56,3,1) (52,85,3,1) (35,76,12,1) (7,47,8,1) (53,84,16,1) (97,67,10,1) 
(23,68,5,1) (33,85,17,1) (92,86,17,1) (19,41,5,1) (34,0,7,1) (78,36,10,1) (90,75,19,1) (79,42,14,1) (74,59,5,1) (6,20,15,1) (51,18,4,1) (90,34,10,1) (1,53,9,1) (38,11,5,1) (24,17,10,1) (30,52,9,1) (16,91,12,1) (47,43,12,1) (92,39,16,1) (59,52,13,1) 
(83,51,17,1) (25,86,9,1) (67,25,6,1) (35,3,8,1) (72,26,15,1) (94,37,5,1) (60,32,13,1) (95,80,19,1) (3,76,17,1) (2,59,9,1) (70,19,12,1) (52,88,8,1) (66,58,11,1) (9,62,12,1) (32,73,11,1) (10,85,3,1) (31,43,14,1) (49,11,14,1) (41,61,12,1) (26,40,7,1) 
(37,80,5,1) (68,41,17,1) (72,98,4,1) (15,12,10,1) (76,63,6,1) (95,75,8,1) (24,95,9,1) (49,36,13,1) (86,41,10,1) (57,17,9,1) (58,31,9,1) (89,97,13,1) (40,73,9,1) (62,64,15,1) (68,72,7,1) (14,26,18,1) (98,35,18,1) (41,32,10,1) (11,21,9,1) (81,70,8,1) 
(50,45,11,1) (8,94,3,1) (53,22,13,1) (7,68,9,1) (99,73,6,1) (79,44,11,1) (22,59,19,1) (54,49,7,1) (90,93,9,1) (49,58,11,1) (23,57,6,1) (30,20,11,1) (90,46,6,1) (66,34,6,1) (46,12,3,1) (10,23,8,1) (35,42,13,1) (2,8,13,1) (65,14,20,1) (64,66,12,1) 
(32,49,8,1) (95,53,15,1) (33,75,11,1) (57,53,12,1) (1,89,10,1) (26,35,3,1) (30,69,17,1) (24,10,6,1) (52,49,17,1) (5,14,4,1) (16,82,9,1) (77,64,4,1) (68,38,4,1) (86,31,14,1) (36,17,5,1) (0,48,17,1) (90,40,20,1) (20,77,6,1) (57,56,6,1) (89,59,19,1) 
(83,99,6,1) (88,49,18,1) (89,48,12,1) (23,40,8,1) (96,60,10,1) (99,7,20,1) (97,0,12,1) (91,86,5,1) (57,21,13,1) (1,7,5,1) (66,46,3,1) (13,40,15,1) (13,30,7,1) (11,24,9,1) (62,3,22,1) (48,71,15,1) (65,75,10,1) (3,19,10,1) (46,71,10,1) (55,12,4,1) 
(14,56,13,1) (86,77,14,1) (19,53,16,1) (28,7,21,1) (50,84,8,1) (34,16,16,1) (41,57,7,1) (11,93,12,1) (66,16,10,1) (99,62,15,1) (58,88,10,1) (41,36,16,1) (84,19,20,1) (16,74,1,1) (9,88,14,1) (42,74,5,1) (35,14,11,1) (79,74,4,1) (81,34,14,1) (31,88,9,1) 
(3,59,13,1) (41,3,22,1) (50,57,13,1) (58,15,9,1) (80,64,14,1) (57,82,3,1) (87,58,16,1) (24,75,10,1) (95,63,12,1) (25,90,3,1) (22,64,9,1) (57,52,7,1) (67,93,13,1) (36,46,12,1) (86,89,10,1) (61,16,15,1) (48,44,3,1) (41,22,8,1) (47,17,16,1) (42,23,4,1) 
(81,87,9,1) (54,55,13,1) (28,43,11,1) (39,86,9,1) (61,94,9,1) (75,69,6,1) (70,17,13,1) (35,8,18,1) (58,70,13,1) (19,57,9,1) (2,53,15,1) (38,0,6,1) (15,66,5,1) (66,74,6,1) (37,13,5,1) (35,14,10,1) (44,33,9,1) (22,87,2,1) (24,48,4,1) (5,66,4,1) 
(58,28,8,1) (14,19,11,1) (92,57,21,1) (52,92,13,1) (31,15,16,1) (24,80,6,1) (43,66,8,1) (8,20,14,1) (52,22,10,1) (24,25,3,1) (92,38,15,1) (6,38,12,1) (59,17,25,1) (22,98,9,1) (65,92,17,1) (60,54,5,1) (1,60,16,1) (39,77,3,1) (80,48,4,1) (13,32,2,1) 
(86,21,14,1) (37,0,17,1) (19,3,16,1) (70,72,13,1) (62,27,5,1) (42,76,6,1) (67,10,10,1) (92,83,21,1) (69,70,13,1) (20,22,14,1) (43,8,17,1) (61,79,14,1) (82,89,4,1) (18,21,12,1) (33,99,9,1) (7,89,20,1) (94,93,15,1) (73,39,13,1) (5,89,10,1) (54,6,8,1) 
(29,10,15,1) (50,77,10,1) (18,51,9,1) (75,27,8,1) (10,99,21,1) (63,60,10,1) (5,67,13,1) (78,87,18,1) (97,94,12,1) (88,82,7,1) (8,62,11,1) (14,62,14,1) (47,73,7,1) (56,57,5,1) (26,25,27,1) (32,55,5,1) (40,49,15,1) (45,23,13,1) (7,68,9,1) (40,2,7,1) 
(35,64,14,1) (24,42,2,1) (0,32,13,1) (60,68,13,1) (78,32,15,1) (44,18,13,1) (74,68,7,1) (40,17,5,1) (60,38,27,1) (70,13,4,1) (79,65,4,1) (1,15,12,1) (4,78,6,1) (49,88,9,1) (14,98,9,1) (83,14,6,1) (23,61,12,1) (69,33,18,1) (91,24,6,1) (49,57,10,1) 
(67,12,10,1) (75,45,12,1) (75,91,5,1) (39,2,11,1) (84,61,15,1) (45,48,1,1) (16,26,8,1) (0,5,5,1) (29,88,11,1) (79,87,11,1) (72,36,7,1) (8,48,8,1) (9,14,17,1) (21,5,8,1) (69,82,6,1) (2,1,8,1) (47,79,13,1) (81,27,8,1) (97,47,5,1) (95,46,9,1) 
(1,40,6,1) (33,94,15,1) (93,86,12,1) (1,80,8,1) (31,19,22,1) (64,80,15,1) (25,59,12,1) (53,23,13,1) (85,97,16,1) (32,84,11,1) (54,66,12,1) (59,8,7,1) (60,25,6,1) (71,66,12,1) (60,26,14,1) (82,58,13,1) (67,59,10,1) (12,87,14,1) (49,11,14,1) (15,70,13,1) 
(30,10,13,1) (74,58,5,1) (14,36,6,1) (29,61,13,1) (36,28,2,1) (89,31,8,1) (4,57,12,1) (13,70,10,1) (69,92,20,1) (15,73,5,1) (82,14,10,1) (42,97,20,1) (30,63,15,1) (46,84,15,1) (16,82,13,1) (61,82,13,1) (44,13,10,1) (12,69,9,1) (73,94,1,1) (26,6,13,1) 
(31,40,5,1) (67,3,7,1) (47,19,3,1) (88,46,16,1) (98,21,8,1) (68,56,10,1) (95,29,2,1) (49,71,8,1) (76,86,4,1) (18,19,12,1) (87,97,15,1) (84,32,14,1) (12,32,9,1) (70,18,2,1) (70,59,16,1) (91,4,4,1) (28,61,7,1) (62,17,7,1) (23,63,6,1) (77,3,13,1) 
(49,94,5,1) (39,74,6,1) (14,20,17,1) (54,12,7,1) (10,36,12,1) (68,25,9,1) (76,37,16,1) (65,34,10,1) (79,89,6,1) (43,33,16,1) (44,27,6,1) (44,28,7,1) (3,89,8,1) (57,86,14,1) (37,48,12,1) (89,28,4,1) (97,71,10,1) (27,52,8,1) (79,50,8,1) (19,99,1,1) 
(67,72,6,1) (24,43,7,1) (42,81,4,1) (60,91,1,1) (90,46,3,1) (56,98,3,1) (10,63,12,1) (3,77,6,1) (6,19,3,1) (36,8,7,1) (32,0,10,1) (60,33,8,1) (6,49,9,1) (36,65,17,1) (86,42,12,1) (39,4,6,1) (5,28,10,1) (23,72,11,1) (26,72,15,1) (85,97,9,1) 
(96,51,3,1) (73,94,2,1) (10,6,9,1) (25,63,13,1) (87,42,2,1) (44,82,5,1) (69,23,17,1) (15,0,12,1) (83,53,8,1) (99,33,8,1) (35,22,6,1) (17,72,12,1) (9,65,7,1) (23,47,11,1) (78,67,4,1) (24,98,14,1) (43,20,4,1) (97,56,4,1) (16,9,7,1) (15,84,10,1) 
(60,1,14,1) (11,6,8,1) (81,52,14,1) (55,13,14,1) (54,71,6,1) (4,84,6,1) (64,80,6,1) (25,58,19,1) (47,30,13,1) (13,94,11,1) (1,52,10,1) (61,15,7,1) (30,49,11,1) (15,85,14,1) (11,77,2,1) (81,53,8,1) (3,10,15,1) (31,75,13,1) (66,48,13,1) (17,6,7,1) 
(60,52,9,1) (21,60,10,1) (9,93,17,1) (34,32,11,1) (35,72,9,1) (67,16,8,1) (7,10,10,1) (42,82,9,1) (67,17,11,1) (73,13,12,1) (55,34,10,1) (67,69,5,1) (69,82,6,1) (32,47,13,1) (34,74,6,1) (45,90,10,1) (48,66,11,1) (66,40,5,1) (6,20,15,1) (8,68,7,1) 
(64,76,2,1) (7,78,11,1) (11,17,19,1) (1,29,22,1) (4,61,8,1) (27,13,8,1) (94,15,12,1) (29,79,8,1) (30,66,5,1) (62,3,8,1) (69,76,10,1) (77,85,6,1) (83,80,13,1) (69,20,7,1) (56,31,17,1) (65,26,11,1) (45,15,5,1) (0,42,4,1) (5,58,8,1) (46,48,8,1) 
(0,6,6,1) (12,30,19,1) (1,31,19,1) (65,55,1,1) (21,61,6,1) (46,80,5,1) (54,3,6,1) (19,17,8,1) (49,12,13,1) (49,73,7,1) (81,44,6,1) (66,86,3,1) (5,93,10,1) (34,29,12,1) (88,60,10,1) (90,29,18,1) (73,50,16,1) (68,18,14,1) (54,13,12,1) (52,94,14,1) 
(36,83,13,1) (33,20,10,1) (41,84,15,1) (72,67,6,1) (92,65,10,1) (19,16,9,1) (46,92,12,1) (71,19,6,1) (19,28,16,1) (21,86,6,1) (35,58,1,1) (91,20,15,1) (48,64,2,1) (0,31,15,1) (3,69,16,1) (34,54,13,1) (48,69,10,1) (27,16,13,1) (46,82,4,1) (39,84,11,1) 
(5,10,4,1) (69,34,12,1) (57,32,9,1) (90,33,13,1) (26,37,12,1) (61,21,10,1) (10,11,11,1) (7,66,9,1) (21,6,16,1) (30,87,12,1) (9,49,15,1) (42,93,10,1) (44,12,5,1) (87,42,2,1) (58,41,13,1) (90,38,11,1) (42,45,2,1) (5,87,11,1) (18,96,12,1) (24,1,6,1) 
(70,12,6,1) (66,83,5,1) (60,44,13,1) (72,44,18,1) (76,43,11,1) (34,19,4,1) (82,41,10,1) (97,11,24,1) (12,37,1,1) (25,79,8,1) (37,22,8,1) (8,62,11,1) (0,62,14,1) (45,16,8,1) (39,34,15,1) (4,93,14,1) (19,93,6,1) (30,82,13,1) (43,72,19,1) (32,27,9,1) 
(35,68,2,1) (61,46,5,1) (51,9,15,1) (66,93,12,1) (56,30,6,1) (41,85,11,1) (4,23,17,1) (37,96,4,1) (11,99,12,1) (45,15,10,1) (13,50,10,1) (45,97,16,1) (94,91,7,1) (57,29,1,1) (61,91,15,1) (64,2,14,1) (76,18,5,1) (65,25,15,1) (14,39,11,1) (80,15,9,1) 
(61,53,15,1) (41,30,5,1) (12,75,10,1) (0,44,10,1) (29,27,13,1) (67,50,15,1) (22,25,7,1) (12,72,5,1) (39,76,4,1) (66,38,13,1) (10,13,16,1) (29,71,11,1) (33,93,11,1) (15,60,3,1) (4,42,10,1) (2,22,15,1) (25,75,5,1) (93,78,10,1) (63,48,14,1) (13,6,8,1) 
(48,20,13,1) (41,1,9,1) (19,39,10,1) (51,84,12,1) (6,33,8,1) (80,60,13,1) (79,36,11,1) (7,46,8,1) (7,20,16,1) (20,45,13,1) (20,27,11,1) (93,19,4,1) (0,67,12,1) (21,97,20,1) (3,51,13,1) (35,34,5,1) (66,34,18,1) (76,44,5,1) (71,70,13,1) (4,60,11,1) 
(9,10,6,1) (0,22,10,1) (0,98,18,1) (69,82,9,1) (60,89,14,1) (55,18,12,1) (55,84,14,1) (12,33,11,1) (22,28,5,1) (51,3,20,1) (91,86,22,1) (38,11,11,1) (43,96,7,1) (57,97,8,1) (76,45,6,1) (5,18,11,1) (65,30,12,1) (90,43,5,1) (58,20,5,1) (12,29,3,1) 
(98,54,13,1) (21,6,10,1) (30,78,3,1) (59,99,11,1) (6,26,12,1) (41,10,7,1) (23,38,16,1) (26,54,9,1) (49,86,11,1) (80,53,8,1) (32,50,6,1) (5,81,22,1) (97,93,4,1) (35,44,15,1) (69,54,1,1) (93,10,9,1) (94,64,6,1) (83,79,2,1) (24,74,5,1) (96,33,12,1) 
(62,72,5,1) (27,97,8,1) (62,77,7,1) (58,98,14,1) (10,0,8,1) (31,24,3,1) (90,93,14,1) (50,37,10,1) (87,65,11,1) (51,66,9,1) (82,81,9,1) (74,12,11,1) (27,6,9,1) (27,99,7,1) (65,6,5,1) (45,93,2,1) (20,19,14,1) (24,58,7,1) (75,16,17,1) (48,93,8,1) 
(17,53,9,1) (28,46,13,1) (1,2,14,1) (34,72,6,1) (56,53,5,1) (70,95,12,1) (12,33,10,1) (66,84,6,1) (83,13,3,1) (9,46,2,1) (45,59,8,1) (56,80,14,1) (96,15,10,1) (85,7,5,1) (83,15,6,1) (33,36,11,1) (55,26,15,1) (63,46,15,1) (16,84,4,1) (69,63,5,1) 
(61,4,2,1) (82,55,5,1) (24,51,11,1) (14,77,11,1) (94,74,9,1) (6,73,7,1) (77,49,4,1) (94,98,10,1) (67,92,4,1) (37,54,9,1) (66,25,13,1) (34,26,11,1) (22,87,5,1) (14,69,1,1) (74,31,14,1) (32,76,7,1) (73,47,5,1) (87,23,10,1) (20,18,6,1) (77,48,14,1) 
(51,63,17,1) (86,66,8,1) (76,52,13,1) (95,31,13,1) (94,33,20,1) (41,10,12,1) (78,41,13,1) (14,1,8,1) (36,53,15,1) (28,71,14,1) (86,50,11,1) (53,46,10,1) (43,88,8,1) (5,82,9,1) (79,77,9,1) (92,0,10,1) (6,79,9,1) (49,12,13,1) (0,34,18,1) (82,85,6,1) 
(64,0,15,1) (32,61,13,1) (46,49,9,1) (44,36,13,1) (80,81,12,1) (53,20,10,1) (28,30,20,1) (55,10,4,1) (49,89,15,1) (12,73,13,1) (90,96,15,1) (68,44,5,1) (26,53,10,1) (37,54,7,1) (30,64,15,1) (4,75,12,1) (35,83,3,1) (38,95,17,1) (66,77,10,1) (87,53,7,1) 
(92,93,1,1) (39,88,24,1) (88,28,9,1) (46,6,7,1) (36,23,10,1) (82,18,5,1) (29,71,11,1) (77,39,9,1) (1,96,13,1) (37,55,14,1) (80,66,5,1) (75,18,12,1) (43,29,6,1) (84,21,21,1) (99,50,14,1) (47,44,10,1) (62,58,13,1) (34,76,8,1) (40,16,5,1) (14,9,6,1) 
(27,12,9,1) (51,1,7,1) (31,82,13,1) (5,53,12,1) (68,7,16,1) (45,21,9,1) (15,53,2,1) (29,50,11,1) (12,29,8,1) (2,14,5,1) (71,31,11,1) (96,62,15,1) (22,70,7,1) (35,97,8,1) (78,10,16,1) (8,97,13,1) (35,15,12,1) (16,34,3,1) (73,16,13,1) (70,62,13,1) 
(30,98,11,1) (9,37,9,1) (99,14,13,1) (60,46,7,1) (44,78,9,1) (61,16,19,1) (83,73,4,1) (4,99,14,1) (19,55,14,1) (67,61,9,1) (50,19,9,1) (8,48,5,1) (38,94,8,1) (0,95,9,1) (68,89,12,1) (15,6,6,1) (41,45,9,1) (89,79,14,1) (16,92,11,1) (30,72,12,1) 
(93,84,12,1) (79,70,17,1) (28,72,12,1) (19,83,3,1) (81,64,10,1) (8,66,11,1) (29,25,10,1) (45,57,7,1) (61,5,2,1) (55,73,14,1) (89,48,14,1) (11,14,9,1) (2,7,13,1) (89,66,7,1) (20,60,18,1) (36,49,10,1) (45,43,20,1) (98,40,2,1) (82,56,15,1) (85,70,8,1) 
(62,32,16,1) (35,34,6,1) (42,41,21,1) (91,55,11,1) (28,73,18,1) (45,34,10,1) (33,96,9,1) (95,0,8,1) (97,7,8,1) (48,63,12,1) (94,37,5,1) (76,24,4,1) (26,42,6,1) (53,7,14,1) (2,78,2,1) (67,21,2,1) (95,48,7,1) (38,93,1,1) (87,59,2,1) (24,59,15,1) 
(35,67,5,1) (93,57,3,1) (57,35,9,1) (22,46,2,1) (24,89,10,1) (84,75,8,1) (60,37,4,1) (78,17,13,1) (73,36,11,1) (91,27,17,1) (25,79,7,1) (51,99,13,1) (33,49,9,1) (78,67,3,1) (61,80,9,1) (86,91,7,1) (57,1,13,1) (72,70,7,1) (85,75,12,1) (76,55,6,1) 
(75,27,2,1) (5,99,17,1) (86,41,10,1) (37,30,9,1) (14,10,13,1) (7,80,9,1) (60,4,5,1) (84,7,1,1) (42,29,14,1) (44,94,10,1) (75,43,4,1) (12,41,15,1) (59,86,15,1) (31,73,12,1) (57,6,3,1) (57,1,11,1) (63,34,9,1) (27,18,11,1) (37,6,10,1) (69,54,10,1) 
(48,65,9,1) (64,18,10,1) (55,43,11,1) (72,36,18,1) (60,84,16,1) (51,20,5,1) (24,58,1,1) (94,62,12,1) (62,49,4,1) (60,72,16,1) (24,89,10,1) (88,40,7,1) (38,86,11,1) (57,11,9,1) (6,41,7,1) (85,62,5,1) (85,41,16,1) (94,27,18,1) (78,77,10,1) (99,39,8,1) 
(81,45,11,1) (67,62,9,1) (90,84,5,1) (82,55,7,1) (48,97,17,1) (58,67,14,1) (94,12,13,1) (7,71,2,1) (62,50,14,1) (42,53,8,1) (7,99,13,1) (34,49,17,1) (16,95,5,1) (72,14,15,1) (56,55,11,1) (3,36,5,1) (50,13,4,1) (89,38,16,1) (31,38,10,1) (6,32,6,1) 
(11,88,8,1) (75,58,7,1) (43,44,2,1) (13,44,10,1) (59,72,8,1) (8,57,12,1) (96,9,12,1) (19,81,12,1) (46,62,18,1) (93,67,10,1) (79,97,4,1) (36,68,14,1) (24,63,15,1) (55,46,1,1) (72,66,4,1) (61,84,13,1) (14,0,4,1) (93,0,4,1) (76,8,20,1) (70,99,17,1) 
(62,0,12,1) (18,62,7,1) (24,21,11,1) (39,52,2,1) (4,67,11,1) (96,90,7,1) (65,35,15,1) (60,70,15,1) (84,39,6,1) (77,86,13,1) (4,12,8,1) (46,75,5,1) (42,40,10,1) (77,85,11,1) (10,15,15,1) (14,93,15,1) (30,51,7,1) (91,55,17,1) (19,17,6,1) (45,99,15,1) 
(59,8,8,1) (82,72,13,1) (0,60,10,1) (81,20,9,1) (86,38,13,1) (57,95,9,1) (55,24,6,1) (5,69,13,1) (59,93,10,1) (5,80,7,1) (34,86,6,1) (74,57,9,1) (10,92,12,1) (27,21,5,1) (96,66,13,1) (88,13,14,1) (77,19,11,1) (37,44,2,1) (92,85,15,1) (18,36,5,1) 
(70,98,13,1) (67,29,9,1) (18,99,15,1) (48,84,9,1) (5,95,11,1) (95,54,7,1) (72,56,12,1) (15,96,15,1) (24,73,13,1) (96,55,11,1) (78,59,9,1) (54,42,15,1) (60,18,6,1) (34,30,6,1) (81,74,6,1) (0,1,11,1) (3,98,13,1) (69,91,12,1) (6,51,16,1) (75,49,1,1) 
(82,67,5,1) (57,87,12,1) (70,74,4,1) (50,62,11,1) (8,92,10,1) (54,84,8,1) (99,98,15,1) (93,76,15,1) (97,75,12,1) (98,54,4,1) (76,20,10,1) (14,0,16,1) (64,38,8,1) (72,18,8,1) (35,48,12,1) (3,90,18,1) (29,12,2,1) (57,54,13,1) (56,64,1,1) (99,31,5,1) 
(21,79,9,1) (74,90,15,1) (82,99,11,1) (33,28,15,1) (75,96,13,1) (20,80,10,1) (42,40,5,1) (86,2,16,1) (74,47,3,1) (97,53,11,1) (30,29,11,1) (39,6,10,1) (46,64,13,1) (28,32,3,1) (81,12,9,1) (16,85,5,1) (27,26,12,1) (89,3,10,1) (60,31,7,1) (51,57,14,1) 
(10,4,10,1) (16,34,16,1) (33,92,11,1) (80,74,19,1) (47,70,9,1) (11,23,19,1) (11,85,13,1) (7,21,11,1) (21,88,16,1) (92,32,4,1) (12,32,6,1) (12,19,4,1) (7,55,3,1) (16,0,16,1) (76,91,8,1) (47,25,11,1) (56,89,9,1) (76,54,9,1) (50,71,19,1) (73,91,12,1) 
(6,86,3,1) (19,15,17,1) (36,87,14,1) (51,27,11,1) (78,71,16,1) (69,95,3,1) (59,6,8,1) (78,31,10,1) (29,30,5,1) (7,37,4,1) (45,54,7,1) (89,22,21,1) (75,3,16,1) (91,31,16,1) (15,96,15,1) (73,78,18,1) (95,97,15,1) (96,76,8,1) (50,53,11,1) (50,10,12,1) 
(42,41,9,1) (5,26,15,1) (91,85,2,1) (88,77,4,1) (14,9,3,1) (37,16,20,1) (11,83,10,1) (52,32,17,1) (34,58,7,1) (27,1,12,1) (9,32,11,1) (92,98,12,1) (90,93,20,1) (23,81,10,1) (9,25,12,1) (68,0,16,1) (7,68,10,1) (78,74,3,1) (21,95,20,1) (25,17,4,1) 
(79,33,2,1) (41,34,11,1) (12,33,8,1) (18,17,12,1) (61,52,5,1) (24,43,10,1) (35,24,3,1) (84,46,16,1) (77,85,11,1) (65,73,15,1) (52,71,2,1) (10,17,11,1) (57,35,8,1) (6,69,7,1) (54,85,8,1) (29,5,9,1) (88,86,3,1) (65,37,11,1) (83,13,20,1) (19,46,21,1) 
(36,92,2,1) (19,7,14,1) (15,59,16,1) (84,12,4,1) (45,26,9,1) (54,81,6,1) (92,99,7,1) (70,51,6,1) (85,29,6,1) (75,68,11,1) (14,33,9,1) (68,47,10,1) (60,38,13,1) (62,25,11,1) (3,33,4,1) (62,24,12,1) (51,69,13,1) (45,95,12,1) (61,98,8,1) (99,97,9,1) 
(64,95,3,1) (4,10,5,1) (56,51,13,1) (24,36,9,1) (67,14,16,1) (64,86,9,1) (21,22,11,1) (13,12,9,1) (41,18,10,1) (84,64,7,1) (25,64,17,1) (99,76,4,1) (56,55,23,1) (2,1,4,1) (5,88,9,1) (3,70,10,1) (63,79,8,1) (4,25,8,1) (53,33,5,1) (21,5,16,1) 
(29,2,9,1) (87,11,17,1) (2,45,12,1) (51,4,12,1) (77,91,10,1) (55,88,9,1) (28,95,8,1) (68,14,18,1) (75,45,14,1) (0,36,7,1) (33,6,5,1) (33,96,12,1) (22,23,8,1) (17,86,11,1) (96,70,6,1) (50,37,6,1) (6,25,7,1) (55,63,3,1) (77,23,8,1) (63,20,6,1) 
(67,34,5,1) (12,79,3,1) (33,69,16,1) (26,7,11,1) (77,18,14,1) (7,71,12,1) (55,2,17,1) (26,11,5,1) (90,84,15,1) (97,28,9,1) (45,86,12,1) (32,81,6,1) (65,80,12,1) (99,15,15,1) (86,33,18,1) (39,81,5,1) (30,17,22,1) (84,19,6,1) (51,69,4,1) (97,22,7,1) 
(76,4,9,1) (55,59,10,1) (18,71,11,1) (7,45,11,1) (54,28,15,1) (71,95,5,1) (52,19,9,1) (72,59,12,1) (61,76,7,1) (30,13,7,1) (75,97,10,1) (40,23,23,1) (93,27,14,1) (42,51,11,1) (43,91,2,1) (76,81,10,1) (88,15,8,1) (57,87,12,1) (73,18,3,1) (32,16,12,1) 
(10,49,14,1) (67,83,11,1) (46,7,8,1) (67,21,2,1) (49,95,13,1) (80,27,12,1) (72,53,18,1) (84,79,6,1) (58,41,8,1) (55,14,18,1) (6,80,4,1) (16,57,14,1) (52,9,11,1) (45,27,10,1) (54,11,13,1) (57,43,14,1) (58,69,12,1) (3,12,6,1) (75,58,11,1) (99,60,13,1) 
(63,43,13,1) (13,33,5,1) (73,80,13,1) (65,66,7,1) (10,25,11,1) (83,68,10,1) (7,41,12,1) (5,99,9,1) (78,27,12,1) (83,64,5,1) (69,83,10,1) (45,36,14,1) (90,18,9,1) (99,35,14,1) (57,49,5,1) (55,85,9,1) (24,46,16,1) (34,2,12,1) (89,97,15,1) (44,99,3,1) 
(42,64,18,1) (31,4,16,1) (95,11,12,1) (71,68,5,1) (93,97,6,1) (27,68,9,1) (34,51,17,1) (89,70,8,1) (60,6,9,1) (48,93,8,1) (3,26,20,1) (46,10,12,1) (30,71,16,1) (49,4,8,1) (2,65,9,1) (8,89,15,1) (79,23,9,1) (94,24,12,1) (36,37,13,1) (11,38,12,1) 
(73,67,7,1) (18,14,7,1) (73,39,6,1) (52,19,7,1) (30,1,5,1) (50,21,7,1) (32,0,13,1) (40,6,10,1) (92,26,15,1) (95,37,7,1) (59,84,20,1) (17,43,16,1) (97,60,14,1) (92,85,18,1) (73,26,13,1) (63,22,8,1) (19,94,10,1) (5,0,19,1) (76,58,16,1) (6,72,9,1) 
(75,78,10,1) (43,31,12,1) (25,66,11,1) (78,92,5,1) (98,33,13,1) (44,39,10,1) (31,45,11,1) (48,17,11,1) (56,16,7,1) (40,57,3,1) (2,91,3,1) (44,35,1,1) (73,15,13,1) (48,39,8,1) (42,5,7,1) (79,65,7,1) (70,3,12,1) (62,54,7,1) (41,49,12,1) (82,23,20,1) 
(25,87,11,1) (92,68,10,1) (85,6,17,1) (34,11,20,1) (79,81,14,1) (82,44,12,1) (34,13,11,1) (61,19,13,1) (67,45,20,1) (96,6,8,1) (36,75,2,1) (63,94,6,1) (76,12,16,1) (44,39,9,1) (9,24,16,1) (93,36,8,1) (43,4,12,1) (37,89,14,1) (21,77,10,1) (0,34,3,1) 
(75,52,10,1) (18,59,14,1) (66,95,14,1) (50,54,22,1) (46,38,4,1) (59,50,7,1) (65,11,7,1) (83,72,2,1) (60,56,5,1) (29,89,13,1) (95,80,18,1) (56,82,4,1) (69,40,16,1) (76,42,15,1) (42,95,8,1) (18,67,7,1) (34,36,17,1) (59,79,15,1) (94,60,12,1) (22,8,9,1) 
(11,62,9,1) (30,56,12,1) (71,55,13,1) (58,70,17,1) (75,5,6,1) (28,83,3,1) (54,90,7,1) (72,37,12,1) (14,54,10,1) (31,27,12,1) (93,92,9,1) (70,67,10,1) (31,82,17,1) (70,35,13,1) (95,28,3,1) (38,21,10,1) (86,29,8,1) (17,75,9,1) (26,63,16,1) (27,79,9,1) 
(40,76,11,1) (61,50,6,1) (63,20,15,1) (80,58,5,1) (6,92,2,1) (11,8,3,1) (7,78,7,1) (16,56,8,1) (25,68,21,1) (90,0,3,1) (56,67,3,1) (4,45,6,1) (76,54,4,1) (59,47,3,1) (99,73,13,1) (23,58,5,1) (99,42,4,1) (3,51,6,1) (7,20,4,1) (1,75,15,1) 
(27,69,15,1) (51,42,10,1) (27,88,7,1) (29,74,13,1) (58,13,14,1) (20,23,8,1) (39,9,7,1) (89,90,3,1) (10,12,15,1) (33,18,10,1) (29,95,10,1) (70,82,15,1) (40,45,7,1) (7,56,8,1) (23,63,1,1) (2,94,8,1) (39,5,7,1) (30,89,12,1) (43,58,6,1) (24,38,6,1) 
(50,3,17,1) (98,46,8,1) (19,15,13,1) (18,46,11,1) (97,41,9,1) (43,96,11,1) (98,8,6,1) (27,35,10,1) (99,83,16,1) (42,29,9,1) (60,65,8,1) (96,29,3,1) (78,21,14,1) (4,30,18,1) (89,79,8,1) (93,68,6,1) (35,86,16,1) (22,46,11,1) (24,18,6,1) (7,96,14,1) 
(31,55,12,1) (46,14,14,1) (70,74,11,1) (49,68,13,1) (0,85,8,1) (76,70,7,1) (31,94,6,1) (44,14,8,1) (71,47,15,1) (78,87,7,1) (40,10,8,1) (87,42,2,1) (47,94,8,1) (62,22,14,1) (18,44,10,1) (39,57,13,1) (97,98,12,1) (72,6,9,1) (37,75,8,1) (99,90,16,1) 
(36,7,8,1) (56,3,9,1) (56,79,7,1) (94,80,9,1) (26,6,6,1) (63,92,6,1) (41,25,19,1) (71,5,9,1) (10,83,15,1) (92,72,17,1) (31,55,11,1) (79,50,14,1) (73,65,14,1) (26,66,8,1) (64,24,10,1) (9,25,8,1) (27,94,2,1) (74,54,11,1) (44,81,16,1) (24,71,12,1) 
(35,52,11,1) (23,96,5,1) (35,79,9,1) (51,35,7,1) (28,70,12,1) (67,13,14,1) (8,36,17,1) (38,72,13,1) (65,99,18,1) (49,63,12,1) (74,93,4,1) (47,73,19,1) (77,22,6,1) (35,60,15,1) (9,39,13,1) (42,68,9,1) (40,61,11,1) (88,91,8,1) (44,50,21,1) (54,88,11,1) 
(18,30,13,1) (14,26,18,1) (92,90,13,1) (89,75,11,1) (64,23,10,1) (90,81,8,1) (39,4,6,1) (60,72,3,1) (21,15,10,1) (59,90,16,1) (12,76,7,1) (18,10,9,1) (94,43,13,1) (96,41,10,1) (72,95,13,1) (70,45,8,1) (67,83,13,1) (44,95,9,1) (31,34,2,1) (39,0,14,1) 
(98,81,19,1) (7,41,7,1) (22,84,8,1) (63,71,6,1) (2,38,12,1) (66,63,26,1) (12,67,21,1) (91,44,10,1) (8,30,12,1) (92,54,10,1) (34,8,14,1) (90,32,18,1) (70,91,10,1) (25,57,6,1) (84,55,5,1) (70,35,10,1) (7,13,5,1) (98,35,10,1) (70,60,7,1) (18,22,10,1) 
(11,9,13,1) (5,4,6,1) (77,48,15,1) (12,90,8,1) (9,30,11,1) (86,53,3,1) (12,5,6,1) (99,62,3,1) (45,23,4,1) (35,10,15,1) (52,23,5,1) (27,96,9,1) (52,87,12,1) (65,23,19,1) (93,12,10,1) (78,81,4,1) (44,11,9,1) (36,80,13,1) (67,3,7,1) (7,77,18,1) 
(39,84,21,1) (56,60,9,1) (98,49,9,1) (67,68,6,1) (55,89,11,1) (89,94,1,1) (85,71,14,1) (77,64,7,1) (75,15,8,1) (67,51,20,1) (12,66,15,1) (27,69,6,1) (30,87,17,1) (64,99,14,1) (50,53,8,1) (23,79,11,1) (52,48,11,1) (17,84,16,1) (55,86,15,1) (51,77,6,1) 
(1,44,18,1) (24,79,10,1) (8,35,18,1) (77,21,24,1) (12,85,11,1) (0,40,7,1) (27,37,16,1) (43,35,14,1) (87,26,4,1) (32,47,19,1) (93,86,7,1) (99,4,6,1) (30,95,15,1) (37,94,14,1) (76,96,14,1) (70,33,8,1) (24,97,7,1) (4,87,8,1) (35,5,7,1) (26,34,22,1) 
(68,24,13,1) (98,10,7,1) (11,8,3,1) (5,52,14,1) (44,8,11,1) (0,39,7,1) (99,1,5,1) (29,74,13,1) (56,52,8,1) (73,13,12,1) (56,2,6,1) (85,81,14,1) (46,22,5,1) (48,23,7,1) (38,45,9,1) (61,45,11,1) (54,23,8,1) (14,37,10,1) (87,93,3,1) (84,15,6,1) 
(31,5,8,1) (13,88,11,1) (35,9,9,1) (17,31,7,1) (87,94,7,1) (17,59,14,1) (58,94,1,1) (5,62,13,1) (85,8,16,1) (28,50,16,1) (22,67,9,1) (75,49,13,1) (81,14,5,1) (66,92,13,1) (86,67,7,1) (29,31,13,1) (40,48,12,1) (72,59,18,1) (58,51,11,1) (23,32,7,1) 
(43,26,7,1) (19,13,16,1) (2,96,5,1) (1,98,11,1) (86,41,16,1) (48,74,18,1) (40,32,19,1) (77,52,9,1) (24,60,9,1) (87,35,9,1) (91,31,14,1) (1,9,3,1) (70,99,20,1) (22,61,15,1) (57,36,8,1) (56,0,27,1) (11,98,16,1) (72,38,3,1) (45,3,14,1) (28,96,15,1) 
(40,18,7,1) (40,20,4,1) (72,18,9,1) (16,49,10,1) (24,90,8,1) (17,31,9,1) (25,40,7,1) (34,64,11,1) (45,59,11,1) (77,50,8,1) (68,53,9,1) (51,99,19,1) (62,84,11,1) (23,7,13,1) (85,87,5,1) (93,91,10,1) (8,40,8,1) (5,17,12,1) (75,45,12,1) (85,73,10,1) 