17.0
20.0
22.0
17.0
25.0
12.0
19.0
20.0
19.0
19.0
19.0
24.0
16.0
19.0
24.0
20.0
21.0
18.0
15.0
22.0
20.0
23.0
33.0
25.0
26.0
22.0
23.0
16.0
23.0
31.0
22.0
28.0
16.0
22.0
27.0
21.0
17.0
28.0
22.0
17.0
19.0
19.0
24.0
18.0
15.0
15.0
19.0
27.0
16.0
27.0
24.0
27.0
23.0
23.0
16.0
19.0
14.0
19.0
28.0
20.0
19.0
21.0
25.0
18.0
20.0
20.0
23.0
14.0
27.0
18.0
21.0
19.0
17.0
26.0
31.0
24.0
19.0
14.0
25.0
19.0
22.0
15.0
17.0
18.0
18.0
16.0
28.0
22.0
20.0
25.0
22.0
23.0
18.0
15.0
23.0
18.0
14.0
15.0
25.0
26.0
