25.0
25.0
26.0
26.0
29.0
12.0
27.0
20.0
20.0
20.0
23.0
27.0
19.0
24.0
21.0
30.0
23.0
27.0
23.0
29.0
14.0
18.0
29.0
21.0
21.0
29.0
24.0
15.0
29.0
17.0
20.0
23.0
16.0
14.0
25.0
29.0
15.0
17.0
19.0
25.0
26.0
38.0
19.0
20.0
27.0
22.0
30.0
36.0
28.0
18.0
28.0
16.0
28.0
31.0
23.0
24.0
24.0
16.0
31.0
22.0
27.0
14.0
28.0
24.0
11.0
27.0
23.0
26.0
21.0
19.0
24.0
28.0
31.0
20.0
19.0
23.0
27.0
25.0
25.0
22.0
31.0
25.0
25.0
25.0
24.0
23.0
32.0
23.0
30.0
21.0
18.0
22.0
27.0
20.0
30.0
32.0
19.0
20.0
23.0
29.0
