22.0
20.0
25.0
23.0
13.0
23.0
23.0
20.0
12.0
16.0
15.0
20.0
21.0
23.0
18.0
22.0
17.0
23.0
14.0
13.0
16.0
22.0
16.0
22.0
19.0
12.0
18.0
16.0
19.0
18.0
19.0
20.0
21.0
18.0
23.0
15.0
18.0
20.0
14.0
20.0
24.0
11.0
18.0
18.0
21.0
16.0
12.0
14.0
10.0
19.0
14.0
19.0
12.0
17.0
26.0
20.0
17.0
24.0
19.0
20.0
15.0
15.0
21.0
13.0
22.0
13.0
17.0
16.0
15.0
23.0
10.0
17.0
18.0
21.0
11.0
16.0
22.0
29.0
23.0
20.0
20.0
12.0
29.0
18.0
20.0
23.0
17.0
15.0
24.0
20.0
10.0
20.0
16.0
17.0
20.0
29.0
21.0
21.0
17.0
23.0
