23.0
28.0
14.0
23.0
29.0
29.0
28.0
25.0
21.0
17.0
12.0
27.0
22.0
26.0
25.0
19.0
21.0
32.0
20.0
18.0
23.0
18.0
27.0
17.0
19.0
23.0
35.0
18.0
26.0
27.0
28.0
15.0
24.0
15.0
22.0
17.0
22.0
14.0
19.0
20.0
18.0
17.0
27.0
20.0
24.0
21.0
20.0
17.0
20.0
13.0
18.0
19.0
23.0
13.0
22.0
21.0
26.0
23.0
29.0
19.0
25.0
24.0
25.0
28.0
24.0
20.0
21.0
19.0
27.0
26.0
23.0
17.0
22.0
29.0
28.0
15.0
17.0
18.0
18.0
21.0
24.0
23.0
23.0
16.0
20.0
23.0
30.0
20.0
21.0
22.0
28.0
21.0
17.0
26.0
28.0
18.0
23.0
18.0
22.0
18.0
