(4,1,11,1) (21,14,12,1) (19,11,10,1) (25,1,6,1) (21,8,2,1) (14,7,16,1) (20,22,19,1) 
(23,25,8,1) (18,27,12,1) (18,14,10,1) (15,3,13,1) (23,1,2,1) (24,28,13,1) (27,7,2,1) 
(6,0,17,1) (21,29,7,1) (9,5,10,1) (14,15,8,1) (5,1,9,1) (11,19,9,1) (28,0,6,1) 
(10,7,5,1) (13,20,11,1) (18,7,3,1) (13,21,9,1) (22,5,17,1) (15,29,9,1) (21,9,14,1) 
(18,23,15,1) (13,24,17,1) (20,3,12,1) (18,16,1,1) (4,15,2,1) (16,13,9,1) (28,1,14,1) 
(24,25,10,1) (6,0,13,1) (8,25,11,1) (5,16,15,1) (29,13,16,1) (26,2,6,1) (12,16,15,1) 
(24,4,16,1) (15,24,12,1) (13,25,18,1) (17,29,14,1) (24,8,11,1) (8,29,17,1) (23,16,14,1) 
(2,19,8,1) (18,26,14,1) (22,21,5,1) (4,23,3,1) (1,26,14,1) (16,6,4,1) (9,15,6,1) 
(22,12,4,1) (10,24,7,1) (20,26,6,1) (15,12,5,1) (15,21,14,1) (9,15,14,1) (12,11,5,1) 
(25,29,9,1) (14,29,5,1) (3,0,8,1) (7,29,11,1) (15,28,9,1) (1,20,1,1) (20,11,18,1) 
(10,2,14,1) (3,27,7,1) (4,16,8,1) (21,11,7,1) (10,21,22,1) (8,17,16,1) (21,0,6,1) 
(7,15,8,1) (26,29,1,1) (9,10,11,1) (10,20,3,1) (25,14,13,1) (20,11,11,1) (20,24,18,1) 
(27,24,3,1) (13,16,12,1) (29,21,1,1) (27,11,15,1) (10,26,7,1) (2,20,7,1) (9,21,9,1) 
(4,27,15,1) (15,22,21,1) (2,21,10,1) (10,26,13,1) (0,14,4,1) (22,23,13,1) (12,0,15,1) 
(25,23,6,1) (12,9,6,1) (18,0,9,1) (16,25,8,1) (27,26,9,1) (15,29,14,1) (19,20,7,1) 
(14,17,7,1) (6,27,8,1) (8,17,15,1) (16,17,11,1) (17,24,15,1) (21,18,9,1) (9,26,11,1) 
(27,22,14,1) (5,16,6,1) (7,4,13,1) (13,4,16,1) (28,8,6,1) (15,27,6,1) (8,9,7,1) 
(8,3,7,1) (16,9,16,1) (2,28,10,1) (7,17,12,1) (3,2,9,1) (9,10,4,1) (24,6,18,1) 
(8,11,13,1) (27,14,7,1) (3,16,16,1) (8,6,13,1) (5,29,15,1) (10,9,8,1) (29,2,9,1) 
(0,19,14,1) (15,9,13,1) (2,4,11,1) (7,28,6,1) (26,7,10,1) (28,18,5,1) (5,10,15,1) 
(21,22,10,1) (10,26,7,1) (17,18,11,1) (8,17,13,1) (16,10,18,1) (18,10,16,1) (17,6,8,1) 
(3,13,4,1) (12,26,13,1) (25,2,14,1) (20,15,7,1) (22,8,10,1) (16,17,11,1) (7,28,9,1) 
(24,3,13,1) (16,10,5,1) (22,3,15,1) (29,4,11,1) (23,6,11,1) (24,14,14,1) (23,0,9,1) 
(10,7,16,1) (20,23,16,1) (4,18,9,1) (19,20,10,1) (12,29,5,1) (9,1,8,1) (27,13,10,1) 
(15,9,14,1) (13,16,19,1) (27,21,12,1) (26,29,9,1) (4,9,5,1) (23,26,14,1) (10,6,14,1) 
(13,12,14,1) (0,28,13,1) (7,5,6,1) (28,11,2,1) (24,9,6,1) (15,28,12,1) (3,25,12,1) 
(15,18,14,1) (8,25,9,1) (10,25,12,1) (0,21,10,1) (19,6,11,1) (16,3,5,1) (1,12,8,1) 
(0,16,9,1) (26,22,12,1) (17,25,7,1) (20,12,11,1) (25,28,3,1) (7,2,3,1) (21,28,7,1) 
(28,16,8,1) (5,16,9,1) (24,6,16,1) (20,24,14,1) (8,26,18,1) (27,0,6,1) (16,8,7,1) 
(28,19,14,1) (21,0,12,1) (8,17,6,1) (2,25,8,1) (29,22,10,1) (28,2,13,1) (29,10,9,1) 
(18,4,10,1) (4,15,9,1) (24,1,8,1) (1,13,15,1) (23,12,18,1) (16,19,13,1) (26,27,10,1) 
(1,28,17,1) (25,19,9,1) (5,24,14,1) (7,2,13,1) (3,27,4,1) (16,17,17,1) (9,6,11,1) 
(25,10,11,1) (7,16,7,1) (11,3,8,1) (20,12,6,1) (18,6,11,1) (28,25,14,1) (16,9,9,1) 
(10,3,9,1) (1,23,12,1) (21,10,14,1) (6,5,12,1) (19,11,9,1) (19,3,4,1) (10,29,15,1) 
(5,29,17,1) (19,16,10,1) (3,28,4,1) (12,9,8,1) (22,18,10,1) (4,7,5,1) (0,20,18,1) 
(7,20,15,1) (21,25,6,1) (0,26,5,1) (16,19,12,1) (21,2,15,1) (25,22,13,1) (28,12,11,1) 
(0,2,14,1) (0,13,6,1) (6,3,9,1) (21,22,10,1) (25,6,10,1) (7,12,18,1) (0,14,4,1) 
(26,1,12,1) (14,19,5,1) (4,12,16,1) (7,24,5,1) (27,12,17,1) (5,25,8,1) (10,4,6,1) 
(10,26,8,1) (23,20,15,1) (23,13,12,1) (4,26,3,1) (1,7,12,1) (25,10,7,1) (11,8,1,1) 
(11,28,9,1) (10,11,6,1) (26,28,9,1) (0,12,4,1) (20,9,9,1) (23,14,7,1) (8,16,17,1) 
(9,17,13,1) (0,4,17,1) (28,5,10,1) (20,16,7,1) (3,17,14,1) (17,25,13,1) (4,6,13,1) 
(26,18,9,1) (5,26,12,1) (1,26,7,1) (4,26,11,1) (14,15,16,1) (19,17,13,1) (7,14,12,1) 
(21,0,7,1) (26,5,9,1) (27,1,7,1) (5,29,15,1) (7,17,12,1) (5,18,14,1) (14,1,8,1) 
(4,23,3,1) (21,14,4,1) (11,22,7,1) (22,27,14,1) (26,10,9,1) (20,3,22,1) (4,5,12,1) 
(12,2,14,1) (13,10,11,1) (24,26,6,1) (13,5,18,1) (28,11,15,1) (5,3,4,1) (25,6,14,1) 
(22,19,14,1) (1,9,11,1) (0,4,8,1) (15,28,6,1) (8,6,12,1) (22,1,16,1) (22,4,7,1) 
(5,0,24,1) (29,26,12,1) (13,7,6,1) (9,13,14,1) (10,24,11,1) (6,14,9,1) (11,28,13,1) 
(9,25,12,1) (18,14,9,1) (6,16,14,1) (14,26,7,1) (16,2,10,1) (6,13,2,1) (21,8,8,1) 
(3,17,10,1) (10,24,5,1) (3,15,15,1) (10,2,3,1) (13,21,17,1) (13,3,9,1) (4,27,4,1) 
(19,4,13,1) (29,26,12,1) (10,12,13,1) (24,22,4,1) (12,13,17,1) (14,15,15,1) (9,23,4,1) 
(23,7,8,1) (15,0,13,1) (2,28,12,1) (9,27,19,1) (2,19,13,1) (26,25,6,1) (20,2,11,1) 
(28,5,10,1) (1,29,6,1) (7,23,11,1) (16,1,8,1) (4,27,6,1) (13,0,9,1) (27,10,13,1) 
(2,1,1,1) (4,14,6,1) (17,9,17,1) (24,29,7,1) (25,7,4,1) (22,20,7,1) (3,14,3,1) 
(6,11,11,1) (10,3,21,1) (13,4,8,1) (21,13,10,1) (21,26,9,1) (15,11,12,1) (5,11,3,1) 
(25,19,14,1) (12,14,13,1) (20,28,11,1) (26,27,6,1) (1,13,6,1) (16,24,5,1) (0,18,12,1) 
(22,2,15,1) (6,26,5,1) (2,25,13,1) (15,29,9,1) (21,4,9,1) (28,26,6,1) (14,17,6,1) 
(3,14,9,1) (14,24,10,1) (25,3,8,1) (23,17,4,1) (22,13,4,1) (19,22,11,1) (12,0,12,1) 
(5,28,5,1) (21,13,1,1) (28,13,10,1) (22,20,5,1) (17,3,18,1) (18,8,4,1) (21,14,12,1) 
(6,10,11,1) (3,25,11,1) (8,17,12,1) (16,28,18,1) (20,16,9,1) (0,1,15,1) (11,28,13,1) 
(23,16,3,1) (26,5,7,1) (14,1,6,1) (17,23,8,1) (12,0,14,1) (25,14,12,1) (14,19,14,1) 
(5,21,18,1) (1,15,11,1) (13,28,2,1) (8,17,8,1) (15,12,8,1) (16,27,11,1) (29,7,3,1) 
(5,25,8,1) (7,10,8,1) (22,28,13,1) (24,1,8,1) (0,11,14,1) (12,14,10,1) (13,19,19,1) 
(9,22,8,1) (13,29,14,1) (3,29,5,1) (7,25,8,1) (7,4,12,1) (2,5,11,1) (6,26,13,1) 
(13,21,5,1) (2,23,11,1) (8,12,7,1) (24,0,3,1) (8,24,10,1) (18,1,15,1) (29,12,14,1) 
(18,10,1,1) (2,16,5,1) (25,8,9,1) (28,29,7,1) (23,7,5,1) (6,2,15,1) (24,19,15,1) 
(15,13,16,1) (20,5,12,1) (26,14,7,1) (12,19,9,1) (17,29,16,1) (1,29,19,1) (14,23,7,1) 
(7,22,1,1) (1,28,21,1) (8,19,3,1) (13,22,4,1) (16,1,18,1) (20,27,1,1) (5,22,15,1) 
(23,9,5,1) (4,12,14,1) (1,3,11,1) (2,11,6,1) (1,6,10,1) (15,3,6,1) (6,16,19,1) 
(8,29,12,1) (21,22,18,1) (28,4,3,1) (20,29,5,1) (15,6,15,1) (29,3,6,1) (11,25,5,1) 
(17,15,11,1) (7,6,9,1) (8,0,2,1) (23,5,9,1) (11,1,13,1) (29,16,9,1) (9,28,10,1) 
(13,5,3,1) (29,10,1,1) (13,9,9,1) (16,3,13,1) (3,2,11,1) (23,7,11,1) (19,9,15,1) 
(27,10,2,1) (23,4,14,1) (7,18,7,1) (29,23,11,1) (2,10,4,1) (8,13,9,1) (16,12,12,1) 
(8,28,11,1) (23,10,11,1) (8,18,18,1) (9,12,10,1) (25,21,13,1) (15,13,19,1) (12,15,8,1) 
(16,19,3,1) (8,15,14,1) (10,9,5,1) (16,11,6,1) (0,1,10,1) (29,12,4,1) (17,18,9,1) 
(11,5,13,1) (23,13,9,1) (16,15,15,1) (20,15,7,1) (18,3,15,1) (15,17,20,1) (14,8,15,1) 
(13,0,13,1) (14,23,5,1) (19,15,8,1) (14,16,13,1) (26,23,18,1) (1,19,11,1) (28,9,16,1) 
(10,17,6,1) (5,11,15,1) (17,23,13,1) (5,15,14,1) (12,13,8,1) (29,11,11,1) (16,6,11,1) 
(25,2,6,1) (6,2,6,1) (9,19,15,1) (9,20,8,1) (2,12,7,1) (27,3,11,1) (17,20,11,1) 
(1,26,19,1) (0,4,2,1) (9,21,13,1) (1,11,13,1) (23,9,7,1) (12,7,21,1) (7,27,2,1) 
(15,19,16,1) (17,0,10,1) (8,6,3,1) (9,0,11,1) (11,29,8,1) (20,15,14,1) (24,20,14,1) 
(9,15,7,1) (2,11,7,1) (16,25,9,1) (3,7,9,1) (18,28,16,1) (0,27,12,1) (9,20,7,1) 
(13,9,10,1) (7,24,15,1) (20,11,14,1) (7,6,18,1) (27,5,7,1) (19,27,9,1) (22,24,5,1) 
(27,3,9,1) (1,11,6,1) (23,27,17,1) (15,22,18,1) (15,25,15,1) (2,14,11,1) (1,22,5,1) 
(22,19,16,1) (1,18,6,1) (3,2,11,1) (5,12,6,1) (23,21,6,1) (18,17,12,1) (10,23,13,1) 
(11,9,16,1) (14,28,11,1) (18,7,22,1) (13,11,13,1) (9,19,13,1) (4,16,6,1) (8,9,17,1) 
(5,10,13,1) (29,2,10,1) (1,18,9,1) (0,23,19,1) (27,26,5,1) (7,5,12,1) (29,17,6,1) 
(25,17,10,1) (28,26,14,1) (10,20,4,1) (0,18,19,1) (21,3,16,1) (6,28,8,1) (1,22,7,1) 
(16,26,11,1) (17,7,2,1) (7,2,7,1) (9,10,13,1) (19,24,7,1) (13,12,1,1) (6,10,5,1) 
(18,29,26,1) (7,17,9,1) (1,24,20,1) (15,19,5,1) (17,4,10,1) (23,2,9,1) (5,15,10,1) 
(27,9,13,1) (5,11,15,1) (28,8,8,1) (19,20,7,1) (18,2,15,1) (18,7,5,1) (14,16,11,1) 
(6,7,8,1) (21,17,9,1) (3,0,12,1) (12,24,12,1) (6,22,6,1) (1,3,11,1) (6,16,19,1) 
(6,0,9,1) (29,2,1,1) (26,9,19,1) (28,18,5,1) (2,24,4,1) (18,2,10,1) (16,28,7,1) 
(2,16,16,1) (8,25,11,1) (5,12,10,1) (16,3,4,1) (14,7,7,1) (21,20,11,1) (5,11,10,1) 
(6,21,12,1) (12,17,7,1) (9,6,12,1) (13,18,13,1) (8,28,13,1) (28,26,12,1) (17,20,9,1) 
(4,29,7,1) (27,8,10,1) (23,28,12,1) (10,23,13,1) (11,25,10,1) (29,19,6,1) (3,20,8,1) 
(2,4,5,1) (18,5,5,1) (0,26,11,1) (6,2,12,1) (18,7,12,1) (15,4,6,1) (29,21,7,1) 
(26,27,16,1) (16,14,5,1) (8,20,6,1) (3,17,10,1) (24,5,20,1) (5,1,8,1) (8,15,5,1) 
(8,22,5,1) (16,21,12,1) (15,14,12,1) (16,13,11,1) (0,19,15,1) (19,7,13,1) (22,6,3,1) 
(20,25,8,1) (20,0,20,1) (28,19,3,1) (29,8,9,1) (21,11,12,1) (16,21,16,1) (4,3,12,1) 
(28,2,15,1) (14,13,16,1) (17,0,13,1) (29,26,8,1) (15,29,31,1) (28,3,9,1) (6,19,9,1) 