(18,17,5,1) (26,16,10,1) (7,25,3,1) (5,10,9,1) (14,6,11,1) (28,12,9,1) (3,21,1,1) (21,24,8,1) (21,9,10,1) (18,1,6,1) (25,21,21,1) (23,3,22,1) (5,29,10,1) (29,24,16,1) (27,7,12,1) 
(15,6,21,1) (27,29,4,1) (28,15,10,1) (1,18,4,1) (0,20,17,1) (12,14,6,1) (1,12,17,1) (7,27,7,1) (12,28,14,1) (14,11,9,1) (22,0,7,1) (9,2,12,1) (19,7,3,1) (18,28,7,1) (27,12,10,1) 
(25,5,12,1) (25,18,16,1) (6,17,12,1) (20,25,10,1) (18,15,21,1) (1,20,12,1) (17,14,6,1) (0,6,6,1) (1,23,15,1) (16,27,12,1) (29,5,3,1) (0,25,5,1) (12,20,7,1) (22,12,15,1) (16,22,8,1) 
(16,10,7,1) (4,26,11,1) (19,25,5,1) (29,15,9,1) (10,24,9,1) (0,23,5,1) (29,14,8,1) (22,26,9,1) (17,23,17,1) (1,0,19,1) (15,6,19,1) (6,24,10,1) (14,2,6,1) (12,10,10,1) (23,5,10,1) 
(27,2,12,1) (13,21,9,1) (6,1,2,1) (6,17,6,1) (1,14,7,1) (12,2,12,1) (27,8,13,1) (10,11,2,1) (8,21,15,1) (27,23,19,1) (4,17,8,1) (9,10,12,1) (1,16,10,1) (29,6,15,1) (23,25,1,1) 
(17,2,12,1) (25,0,16,1) (8,18,5,1) (3,15,19,1) (22,10,3,1) (25,27,16,1) (19,1,10,1) (13,5,12,1) (27,11,12,1) (14,15,14,1) (5,0,10,1) (26,1,16,1) (8,3,13,1) (22,16,10,1) (15,21,12,1) 
(14,19,11,1) (11,16,11,1) (22,5,3,1) (28,22,14,1) (23,18,5,1) (26,24,10,1) (6,4,6,1) (6,15,5,1) (18,0,17,1) (28,27,17,1) (16,12,10,1) (5,1,19,1) (17,12,12,1) (17,1,6,1) (19,20,4,1) 
(24,27,9,1) (21,23,13,1) (19,17,1,1) (15,9,18,1) (24,2,16,1) (29,14,13,1) (29,12,2,1) (2,23,6,1) (27,20,10,1) (2,5,9,1) (26,29,3,1) (25,0,10,1) (24,25,6,1) (22,2,8,1) (4,6,13,1) 
(6,26,8,1) (24,6,6,1) (25,1,24,1) (23,18,17,1) (21,22,15,1) (16,28,5,1) (28,27,8,1) (24,2,11,1) (3,4,20,1) (9,24,5,1) (2,19,6,1) (12,19,7,1) (16,8,12,1) (24,18,11,1) (24,3,9,1) 
(11,1,21,1) (17,0,4,1) (2,1,18,1) (5,24,6,1) (25,5,17,1) (14,28,15,1) (14,20,5,1) (9,7,12,1) (13,18,12,1) (8,13,11,1) (15,16,6,1) (22,11,16,1) (1,8,10,1) (10,4,7,1) (1,20,18,1) 
(16,29,8,1) (25,3,5,1) (20,8,13,1) (21,0,13,1) (24,5,11,1) (13,7,6,1) (22,18,8,1) (2,16,7,1) (28,13,12,1) (0,6,6,1) (13,19,11,1) (26,14,12,1) (29,6,9,1) (17,5,19,1) (27,21,6,1) 
(27,10,14,1) (19,20,6,1) (22,18,5,1) (18,23,7,1) (6,8,13,1) (13,29,12,1) (11,25,10,1) (25,10,16,1) (16,29,12,1) (11,22,11,1) (17,28,11,1) (15,29,4,1) (29,6,13,1) (27,21,7,1) (7,22,6,1) 
(22,25,6,1) (15,5,8,1) (5,25,5,1) (14,1,14,1) (23,15,5,1) (1,23,3,1) (18,26,14,1) (15,4,15,1) (15,13,9,1) (4,23,12,1) (10,27,22,1) (26,2,17,1) (26,15,1,1) (19,20,13,1) (26,17,16,1) 
(26,3,4,1) (23,28,12,1) (4,28,10,1) (1,10,23,1) (14,20,9,1) (6,7,16,1) (15,3,9,1) (29,2,24,1) (1,26,15,1) (15,25,8,1) (20,9,4,1) (29,0,17,1) (23,14,12,1) (21,18,24,1) (14,5,3,1) 
(6,10,13,1) (15,27,9,1) (14,6,1,1) (7,9,12,1) (29,27,18,1) (16,17,7,1) (7,12,10,1) (6,24,19,1) (11,17,10,1) (17,22,4,1) (20,8,14,1) (26,27,4,1) (4,10,7,1) (23,8,11,1) (29,15,9,1) 
(5,2,15,1) (27,29,2,1) (25,0,6,1) (17,18,5,1) (17,27,8,1) (22,19,16,1) (28,24,5,1) (15,21,5,1) (28,5,15,1) (14,11,20,1) (11,26,17,1) (7,18,14,1) (23,15,4,1) (12,28,9,1) (23,26,10,1) 
(5,10,13,1) (19,23,10,1) (23,28,13,1) (26,9,13,1) (12,20,10,1) (29,6,6,1) (4,25,5,1) (8,2,10,1) (13,16,9,1) (22,24,10,1) (24,11,14,1) (24,10,6,1) (26,17,11,1) (28,17,15,1) (16,5,16,1) 
(21,20,8,1) (10,28,11,1) (5,22,5,1) (7,15,8,1) (20,18,18,1) (26,29,6,1) (20,15,21,1) (17,5,3,1) (7,25,17,1) (6,22,11,1) (29,5,11,1) (27,12,5,1) (28,24,7,1) (11,2,15,1) (0,21,2,1) 
(3,5,7,1) (1,15,14,1) (8,13,13,1) (8,6,10,1) (0,5,9,1) (3,21,19,1) (12,11,14,1) (27,26,15,1) (7,3,12,1) (23,3,4,1) (18,22,19,1) (23,14,14,1) (2,12,4,1) (24,0,7,1) (26,29,10,1) 
(3,28,4,1) (20,17,15,1) (20,22,8,1) (2,28,5,1) (24,8,20,1) (5,20,13,1) (19,16,13,1) (12,26,17,1) (1,18,14,1) (0,17,13,1) (3,27,11,1) (19,7,11,1) (27,9,16,1) (13,14,8,1) (24,28,18,1) 
(17,26,10,1) (12,24,13,1) (25,21,17,1) (23,0,12,1) (22,14,13,1) (26,14,12,1) (16,4,20,1) (6,15,19,1) (7,6,9,1) (6,4,5,1) (20,4,13,1) (26,27,7,1) (17,24,14,1) (0,19,9,1) (12,29,3,1) 
(4,14,10,1) (13,0,8,1) (2,24,6,1) (11,14,6,1) (27,18,15,1) (13,21,16,1) (11,12,6,1) (8,26,1,1) (23,7,13,1) (28,22,17,1) (12,28,6,1) (7,2,19,1) (7,0,7,1) (23,18,11,1) (4,9,7,1) 
(9,24,9,1) (12,9,13,1) (25,24,8,1) (29,13,13,1) (21,18,3,1) (10,11,10,1) (18,11,13,1) (25,13,12,1) (6,27,14,1) (22,24,8,1) (26,19,11,1) (9,6,5,1) (14,17,18,1) (4,12,4,1) (2,16,13,1) 
(13,9,9,1) (11,18,9,1) (12,11,8,1) (0,22,5,1) (7,20,18,1) (17,16,11,1) (6,19,15,1) (10,25,18,1) (11,0,14,1) (29,19,9,1) (2,26,17,1) (24,17,13,1) (9,20,23,1) (23,20,20,1) (5,9,10,1) 
(13,14,6,1) (21,18,6,1) (16,0,17,1) (26,23,9,1) (12,5,8,1) (20,3,10,1) (14,20,13,1) (4,6,9,1) (11,4,13,1) (23,27,7,1) (18,5,13,1) (4,19,20,1) (9,7,11,1) (8,19,9,1) (14,7,11,1) 
(27,23,2,1) (9,16,14,1) (5,14,3,1) (21,0,9,1) (16,19,20,1) (12,28,10,1) (29,23,9,1) (14,4,15,1) (8,18,10,1) (29,10,14,1) (18,14,11,1) (12,20,9,1) (7,5,17,1) (10,15,7,1) (18,29,6,1) 
(12,25,23,1) (12,19,12,1) (2,25,11,1) (7,15,3,1) (23,1,18,1) (24,26,7,1) (22,21,15,1) (22,6,16,1) (6,27,12,1) (24,17,6,1) (18,28,17,1) (26,19,7,1) (29,4,11,1) (5,16,17,1) (16,1,9,1) 
(20,10,13,1) (5,21,13,1) (14,8,2,1) (9,29,11,1) (29,20,6,1) (16,3,13,1) (5,6,8,1) (13,22,13,1) (27,28,9,1) (12,29,8,1) (22,21,15,1) (14,9,8,1) (19,16,12,1) (18,28,14,1) (2,4,8,1) 
(24,9,9,1) (3,2,15,1) (1,0,9,1) (12,20,7,1) (23,3,17,1) (15,5,9,1) (22,24,11,1) (16,21,13,1) (5,25,10,1) (16,7,19,1) (15,26,9,1) (6,23,7,1) (20,0,5,1) (0,5,12,1) (0,19,12,1) 
(1,27,13,1) (8,19,15,1) (25,29,10,1) (24,21,5,1) (3,12,7,1) (13,29,8,1) (11,27,15,1) (8,7,7,1) (24,27,15,1) (22,10,11,1) (9,21,15,1) (4,1,17,1) (29,26,7,1) (20,29,9,1) (25,17,14,1) 
(25,1,6,1) (5,28,10,1) (25,29,10,1) (27,3,10,1) (0,19,16,1) (0,25,8,1) (5,13,11,1) (10,2,10,1) (1,0,9,1) (17,21,9,1) (20,28,8,1) (26,25,6,1) (23,1,9,1) (27,18,10,1) (27,17,14,1) 
(28,1,4,1) (9,28,9,1) (5,26,14,1) (5,11,10,1) (27,15,2,1) (24,11,11,1) (29,4,16,1) (22,27,6,1) (11,4,6,1) (20,3,12,1) (16,24,10,1) (19,12,13,1) (15,0,18,1) (9,2,8,1) (13,29,9,1) 
(29,7,10,1) (19,16,11,1) (29,6,12,1) (19,23,10,1) (27,23,8,1) (28,8,3,1) (8,17,7,1) (25,29,15,1) (14,4,14,1) (29,13,13,1) (23,21,9,1) (26,14,12,1) (26,4,7,1) (0,12,14,1) (1,20,8,1) 
(17,2,9,1) (14,20,13,1) (26,17,18,1) (9,29,12,1) (2,12,19,1) (14,26,18,1) (18,19,15,1) (22,17,8,1) (15,16,1,1) (17,0,8,1) (2,20,17,1) (21,28,13,1) (0,5,11,1) (4,2,14,1) (28,5,14,1) 
(29,9,15,1) (20,17,8,1) (10,24,6,1) (17,25,12,1) (5,0,17,1) (1,28,5,1) (16,19,11,1) (26,20,9,1) (28,8,6,1) (26,28,11,1) (5,13,10,1) (0,23,11,1) (20,21,11,1) (4,15,14,1) (1,23,13,1) 
(8,16,10,1) (8,26,6,1) (23,13,8,1) (23,20,20,1) (23,24,13,1) (9,26,11,1) (22,28,8,1) (5,24,15,1) (0,5,11,1) (25,26,13,1) (1,3,6,1) (28,13,3,1) (5,3,14,1) (6,14,10,1) (28,5,8,1) 
(5,9,5,1) (9,23,15,1) (3,14,9,1) (4,27,3,1) (1,20,9,1) (10,7,5,1) (17,1,12,1) (13,28,9,1) (20,28,12,1) (15,4,11,1) (10,9,19,1) (12,6,14,1) (22,3,11,1) (29,21,3,1) (23,17,10,1) 
(20,4,13,1) (17,25,11,1) (21,26,5,1) (15,28,1,1) (20,11,12,1) (10,0,8,1) (17,1,8,1) (14,4,11,1) (15,21,14,1) (7,9,13,1) (9,0,8,1) (12,25,7,1) (5,7,7,1) (22,29,17,1) (7,8,5,1) 
(29,5,9,1) (15,14,1,1) (2,16,4,1) (22,5,12,1) (6,28,7,1) (16,13,4,1) (1,17,8,1) (16,9,6,1) (2,15,12,1) (6,11,10,1) (29,0,12,1) (12,22,10,1) (15,7,13,1) (21,23,5,1) (20,3,7,1) 
(22,16,6,1) (18,6,6,1) (6,15,4,1) (1,18,26,1) (18,13,8,1) (8,11,9,1) (1,7,7,1) (0,21,12,1) (8,7,14,1) (14,1,10,1) (3,23,11,1) (14,2,2,1) (10,25,15,1) (23,12,6,1) (12,21,11,1) 
(16,6,6,1) (21,7,3,1) (18,13,4,1) (13,19,2,1) (12,4,7,1) (28,25,8,1) (18,12,8,1) (3,7,19,1) (12,20,14,1) (21,12,19,1) (15,14,10,1) (17,25,20,1) (27,5,8,1) (7,6,11,1) (2,8,7,1) 
(2,24,5,1) (23,16,14,1) (8,29,13,1) (21,23,7,1) (17,24,14,1) (27,12,8,1) (5,12,1,1) (1,10,3,1) (0,17,15,1) (17,1,15,1) (5,25,21,1) (18,22,2,1) (9,3,6,1) (13,6,7,1) (5,9,19,1) 
(13,14,14,1) (28,11,2,1) (19,26,5,1) (0,2,12,1) (11,22,19,1) (28,24,17,1) (28,8,7,1) (26,3,3,1) (23,4,10,1) (20,1,8,1) (5,10,4,1) (7,27,10,1) (5,16,6,1) (7,9,10,1) (17,1,13,1) 
(23,6,11,1) (13,2,26,1) (4,18,9,1) (6,5,18,1) (22,27,6,1) (29,10,4,1) (4,17,14,1) (12,13,10,1) (24,27,11,1) (27,13,1,1) (7,18,9,1) (0,20,18,1) (24,13,11,1) (27,20,15,1) (6,4,8,1) 
(7,28,8,1) (20,7,9,1) (26,0,14,1) (3,27,12,1) (27,22,8,1) (13,4,6,1) (16,2,12,1) (14,13,13,1) (8,15,11,1) (20,4,14,1) (16,18,3,1) (12,13,4,1) (27,9,12,1) (14,1,9,1) (29,15,13,1) 
(16,18,14,1) (21,8,6,1) (0,3,12,1) (25,23,4,1) (11,28,14,1) (18,29,15,1) (23,7,17,1) (19,1,11,1) (17,4,8,1) (20,29,14,1) (3,17,15,1) (14,19,17,1) (27,7,15,1) (29,13,8,1) (15,20,7,1) 
(18,21,4,1) (10,6,14,1) (9,27,5,1) (0,28,15,1) (4,6,13,1) (0,17,1,1) (12,9,16,1) (7,9,12,1) (12,27,15,1) (20,5,9,1) (29,6,9,1) (22,1,13,1) (27,28,12,1) (7,18,17,1) (16,17,15,1) 
(17,21,15,1) (11,17,16,1) (19,28,4,1) (12,20,7,1) (6,27,11,1) (11,19,14,1) (8,26,19,1) (13,25,11,1) (3,29,21,1) (10,11,10,1) (14,23,6,1) (21,1,7,1) (21,22,12,1) (18,6,12,1) (13,18,13,1) 
(28,7,12,1) (4,14,16,1) (1,10,14,1) (9,1,7,1) (9,20,7,1) (16,14,11,1) (20,6,10,1) (2,0,12,1) (24,1,4,1) (17,14,2,1) (19,6,5,1) (10,28,13,1) (5,9,9,1) (16,2,10,1) (22,10,15,1) 
(14,9,11,1) (7,25,9,1) (18,0,8,1) (15,20,14,1) (12,25,16,1) (3,28,5,1) (21,20,6,1) (3,19,13,1) (7,16,5,1) (26,10,15,1) (1,10,9,1) (4,17,17,1) (2,20,3,1) (9,12,16,1) (28,15,8,1) 
(29,10,9,1) (29,19,6,1) (12,19,3,1) (8,20,14,1) (16,4,7,1) (28,24,10,1) (1,7,14,1) (18,15,15,1) (27,26,6,1) (18,6,6,1) (19,0,10,1) (21,4,16,1) (29,12,5,1) (23,3,17,1) (28,27,6,1) 
(15,14,18,1) (3,22,12,1) (18,20,10,1) (8,1,11,1) (23,20,18,1) (20,17,15,1) (9,0,12,1) (23,27,7,1) (1,26,2,1) (13,7,5,1) (3,6,3,1) (8,15,11,1) (8,9,14,1) (13,24,5,1) (9,1,12,1) 
(10,5,8,1) (1,7,13,1) (1,15,12,1) (26,10,9,1) (6,11,6,1) (2,29,16,1) (9,16,23,1) (16,21,5,1) (4,15,17,1) (23,21,20,1) (3,27,2,1) (7,29,3,1) (18,19,7,1) (3,0,10,1) (24,20,7,1) 
(18,9,2,1) (15,20,15,1) (0,27,16,1) (18,24,9,1) (29,7,13,1) (17,21,4,1) (21,11,6,1) (16,24,12,1) (9,0,5,1) (1,3,9,1) (27,6,7,1) (2,5,7,1) (18,5,1,1) (8,1,16,1) (17,0,14,1) 
(15,7,18,1) (25,22,14,1) (17,16,8,1) (11,16,19,1) (8,24,12,1) (14,13,8,1) (21,29,10,1) (14,2,10,1) (0,29,13,1) (1,7,14,1) (5,24,4,1) (29,26,17,1) (21,3,13,1) (19,20,1,1) (15,10,9,1) 
(19,27,16,1) (3,28,4,1) (20,5,15,1) (0,25,17,1) (14,20,5,1) (29,14,11,1) (26,16,13,1) (20,12,8,1) (4,23,12,1) (26,20,13,1) (29,1,13,1) (8,3,3,1) (25,4,12,1) (9,17,10,1) (0,21,10,1) 
(18,6,6,1) (2,4,13,1) (26,9,7,1) (20,11,9,1) (16,25,18,1) (12,6,12,1) (9,1,15,1) (16,20,12,1) (5,12,10,1) (6,17,7,1) (2,22,9,1) (21,2,14,1) (3,29,3,1) (9,17,14,1) (17,0,16,1) 
(7,25,12,1) (24,22,7,1) (6,4,11,1) (13,7,11,1) (2,20,4,1) (2,4,11,1) (2,18,10,1) (4,16,5,1) (5,6,10,1) (14,0,16,1) (15,17,13,1) (20,29,14,1) (26,1,10,1) (23,7,7,1) (6,3,12,1) 
(19,9,22,1) (11,27,12,1) (24,4,10,1) (10,8,5,1) (18,22,13,1) (0,3,5,1) (3,2,12,1) (24,29,10,1) (10,19,12,1) (29,0,17,1) (22,24,5,1) (28,25,5,1) (14,22,12,1) (21,11,16,1) (28,0,10,1) 
(2,0,7,1) (2,20,11,1) (17,19,7,1) (16,9,20,1) (17,5,12,1) (3,9,10,1) (26,2,5,1) (6,9,6,1) (18,8,4,1) (12,2,2,1) (28,10,11,1) (24,13,7,1) (8,11,16,1) (3,24,14,1) (28,16,5,1) 
(19,20,10,1) (1,20,10,1) (20,8,14,1) (5,1,13,1) (23,12,12,1) (24,16,11,1) (25,23,9,1) (7,22,7,1) (27,15,12,1) (10,23,5,1) (9,28,12,1) (6,11,8,1) (22,20,11,1) (8,10,14,1) (22,1,9,1) 
(13,20,20,1) (19,6,4,1) (0,18,10,1) (13,3,14,1) (16,26,4,1) (3,24,9,1) (17,4,4,1) (4,26,10,1) (10,27,11,1) (9,5,6,1) (2,3,10,1) (25,16,10,1) (29,27,23,1) (8,20,12,1) (14,17,18,1) 
(24,7,16,1) (5,13,11,1) (17,10,6,1) (0,24,7,1) (2,3,9,1) (24,22,17,1) (11,4,15,1) (0,11,11,1) (2,28,8,1) (15,16,11,1) (2,22,15,1) (18,23,19,1) (19,9,19,1) (17,12,15,1) (7,15,8,1) 
(9,0,7,1) (6,9,12,1) (3,2,3,1) (24,13,14,1) (28,14,6,1) (29,17,9,1) (18,8,8,1) (3,28,14,1) (2,1,11,1) (16,27,6,1) (8,14,12,1) (9,22,13,1) (17,23,9,1) (8,15,8,1) (9,20,5,1) 
(17,8,13,1) (9,15,7,1) (0,3,5,1) (23,27,15,1) (22,1,12,1) (29,28,11,1) (24,17,15,1) (1,11,20,1) (13,3,12,1) (20,14,7,1) (14,3,11,1) (2,22,9,1) (20,22,13,1) (12,22,2,1) (2,24,13,1) 
(20,18,13,1) (0,7,13,1) (6,5,22,1) (11,0,10,1) (7,5,15,1) (12,13,15,1) (7,14,3,1) (6,15,14,1) (6,13,6,1) (23,5,9,1) (19,0,8,1) (1,25,17,1) (11,27,12,1) (7,20,11,1) (13,16,14,1) 
(15,8,6,1) (6,9,7,1) (1,29,17,1) (11,3,12,1) (2,19,14,1) (29,22,6,1) (8,20,12,1) (8,12,14,1) (19,29,15,1) (0,20,16,1) (15,17,10,1) (12,23,11,1) (5,28,10,1) (10,6,12,1) (20,12,16,1) 
(11,0,14,1) (2,29,10,1) (19,18,10,1) (21,10,11,1) (25,0,6,1) (10,19,8,1) (26,12,13,1) (14,5,17,1) (9,13,8,1) (29,5,11,1) (15,29,13,1) (3,1,4,1) (1,5,4,1) (1,7,15,1) (10,27,11,1) 
(7,27,15,1) (22,17,11,1) (21,26,1,1) (5,7,6,1) (20,0,14,1) (18,24,12,1) (29,25,8,1) (28,1,14,1) (6,21,11,1) (20,1,19,1) (1,3,7,1) (16,19,16,1) (21,28,10,1) (18,26,1,1) (4,20,15,1) 
(25,23,18,1) (11,1,7,1) (12,27,18,1) (0,9,5,1) (8,14,11,1) (9,11,6,1) (4,20,9,1) (13,26,8,1) (20,14,14,1) (1,19,7,1) (2,18,8,1) (11,6,9,1) (20,21,11,1) (8,9,6,1) (0,13,5,1) 
(26,6,16,1) (22,13,11,1) (18,5,9,1) (25,28,13,1) (5,29,17,1) (25,17,15,1) (3,25,7,1) (27,25,13,1) (1,17,12,1) (8,16,16,1) (23,20,13,1) (4,25,7,1) (25,13,8,1) (14,25,8,1) (5,11,17,1) 
(16,27,3,1) (15,1,3,1) (7,27,8,1) (22,2,11,1) (8,20,12,1) (18,12,15,1) (2,3,4,1) (4,15,12,1) (21,17,16,1) (13,26,7,1) (8,16,17,1) (19,23,12,1) (11,10,5,1) (14,22,7,1) (13,10,5,1) 
(26,17,3,1) (17,29,6,1) (7,23,10,1) (24,8,15,1) (2,3,8,1) (1,20,6,1) (13,0,11,1) (7,22,10,1) (6,14,10,1) (27,3,10,1) (8,1,5,1) (14,27,4,1) (5,22,5,1) (25,12,7,1) (20,14,12,1) 
(0,28,12,1) (28,27,19,1) (21,9,10,1) (9,16,4,1) (6,1,3,1) (27,8,11,1) (6,5,5,1) (5,28,11,1) (5,4,2,1) (10,2,10,1) (3,17,15,1) (4,26,4,1) (17,18,11,1) (8,14,4,1) (21,16,11,1) 
(27,17,23,1) (11,2,12,1) (17,6,3,1) (16,29,10,1) (22,13,7,1) (11,16,15,1) (2,24,10,1) (3,29,12,1) (20,21,19,1) (16,10,24,1) (27,19,10,1) (8,16,5,1) (22,18,12,1) (29,18,20,1) (19,12,16,1) 
(4,1,18,1) (27,19,6,1) (28,9,13,1) (8,4,9,1) (11,26,15,1) (27,3,9,1) (2,5,14,1) (11,14,10,1) (8,16,9,1) (4,16,1,1) (15,4,12,1) (22,20,8,1) (21,23,16,1) (1,20,20,1) (14,27,13,1) 
(8,24,12,1) (22,24,8,1) (19,17,15,1) (24,12,13,1) (29,26,9,1) (0,7,11,1) (0,23,2,1) (14,22,6,1) (1,12,12,1) (29,3,19,1) (26,14,5,1) (19,4,3,1) (24,19,9,1) (21,23,3,1) (16,14,19,1) 
(15,14,3,1) (22,12,5,1) (7,20,7,1) (25,1,11,1) (5,20,13,1) (4,9,13,1) (23,29,8,1) (11,10,5,1) (20,28,5,1) (0,23,15,1) (3,5,15,1) (25,22,18,1) (16,27,6,1) (9,8,10,1) (4,21,17,1) 
(8,24,5,1) (3,25,16,1) (5,14,8,1) (21,9,7,1) (0,12,11,1) (13,25,8,1) (17,13,5,1) (29,24,8,1) (19,13,13,1) (2,1,12,1) (17,10,1,1) (15,11,4,1) (26,11,2,1) (13,3,9,1) (0,28,9,1) 
(5,29,10,1) (21,9,12,1) (16,23,6,1) (13,11,1,1) (9,23,17,1) (18,2,1,1) (29,21,4,1) (0,19,14,1) (21,3,8,1) (24,9,12,1) (5,7,5,1) (28,11,5,1) (26,8,12,1) (24,28,5,1) (23,29,9,1) 
(25,16,16,1) (25,9,8,1) (5,1,10,1) (23,22,24,1) (10,24,7,1) (21,6,18,1) (8,5,11,1) (6,17,6,1) (10,4,7,1) (14,0,1,1) (3,16,8,1) (13,6,11,1) (10,6,19,1) (29,24,9,1) (9,3,17,1) 
(29,3,12,1) (10,14,6,1) (20,4,8,1) (27,18,5,1) (22,28,2,1) (19,28,1,1) (4,18,20,1) (13,3,9,1) (25,13,4,1) (14,21,8,1) (20,21,10,1) (24,9,14,1) (27,1,1,1) (27,25,7,1) (24,1,15,1) 
(21,23,14,1) (14,18,7,1) (11,4,18,1) (3,17,12,1) (25,17,5,1) (2,28,15,1) (24,28,11,1) (18,4,15,1) (22,4,13,1) (14,10,12,1) (29,3,12,1) (16,1,11,1) (24,25,14,1) (24,17,9,1) (22,16,9,1) 
(1,14,17,1) (13,11,14,1) (24,25,8,1) (9,28,9,1) (22,15,13,1) (14,21,3,1) (26,25,6,1) (29,19,7,1) (8,22,9,1) (26,15,17,1) (3,25,14,1) (0,24,17,1) (21,10,10,1) (27,20,5,1) (0,18,12,1) 
(23,4,6,1) (5,6,11,1) (4,2,12,1) (22,27,12,1) (13,29,9,1) (10,11,8,1) (11,12,5,1) (5,25,4,1) (17,11,14,1) (15,12,11,1) (13,26,13,1) (24,5,12,1) (21,9,10,1) (16,11,8,1) (25,12,8,1) 
(9,0,9,1) (13,16,15,1) (10,18,5,1) (9,29,9,1) (19,7,8,1) (26,9,9,1) (24,2,7,1) (0,17,10,1) (2,22,10,1) (23,28,11,1) (9,1,15,1) (17,4,13,1) (15,3,10,1) (22,23,8,1) (0,14,13,1) 
(14,25,19,1) (24,16,11,1) (28,6,13,1) (8,28,14,1) (23,6,6,1) (28,7,8,1) (13,20,8,1) (28,23,16,1) (17,6,14,1) (4,3,13,1) (1,13,13,1) (27,2,8,1) (28,16,14,1) (5,22,8,1) (19,11,15,1) 
(3,27,12,1) (8,4,10,1) (17,19,3,1) (12,9,20,1) (23,18,11,1) (11,18,10,1) (19,21,13,1) (7,0,5,1) (1,27,14,1) (27,2,6,1) (26,15,22,1) (19,7,9,1) (17,26,16,1) (8,23,12,1) (16,24,21,1) 
(12,28,1,1) (18,24,8,1) (18,25,6,1) (2,11,11,1) (2,19,13,1) (16,22,9,1) (6,8,2,1) (16,28,14,1) (20,26,11,1) (18,20,9,1) (21,8,12,1) (26,10,7,1) (2,14,3,1) (11,12,19,1) (2,25,13,1) 
(25,4,7,1) (14,1,17,1) (5,10,18,1) (11,7,14,1) (29,8,16,1) (2,23,7,1) (7,29,10,1) (14,8,7,1) (5,28,5,1) (23,26,6,1) (17,24,8,1) (0,15,9,1) (25,14,12,1) (12,14,17,1) (9,17,12,1) 
(24,12,10,1) (24,26,1,1) (10,2,10,1) (22,7,6,1) (6,18,1,1) (25,13,17,1) (11,6,14,1) (29,18,12,1) (18,11,15,1) (5,24,6,1) (10,14,4,1) (11,22,14,1) (4,5,8,1) (14,6,12,1) (1,28,19,1) 
(26,0,9,1) (4,17,24,1) (22,25,15,1) (12,24,6,1) (18,26,12,1) (29,6,21,1) (0,18,7,1) (21,23,7,1) (11,27,4,1) (13,2,10,1) (17,15,11,1) (20,23,12,1) (6,22,13,1) (15,5,5,1) (18,19,8,1) 
(21,29,8,1) (3,18,3,1) (27,7,4,1) (15,17,10,1) (4,24,12,1) (8,7,17,1) (15,8,15,1) (5,15,11,1) (18,16,12,1) (6,7,7,1) (26,15,16,1) (2,20,21,1) (1,18,15,1) (21,15,15,1) (0,4,6,1) 
(22,10,11,1) (2,14,9,1) (17,15,6,1) (10,24,4,1) (27,7,8,1) (3,22,14,1) (23,15,4,1) (13,28,15,1) (24,19,3,1) (25,21,9,1) (2,6,10,1) (3,25,13,1) (14,17,9,1) (28,20,9,1) (15,19,7,1) 
(0,5,6,1) (15,29,6,1) (2,9,13,1) (23,13,8,1) (17,9,9,1) (23,3,8,1) (1,14,14,1) (23,29,13,1) (2,16,2,1) (10,22,15,1) (23,21,12,1) (8,1,2,1) (12,17,18,1) (27,16,21,1) (24,8,11,1) 
(14,26,4,1) (23,4,12,1) (19,27,8,1) (24,9,15,1) (15,17,11,1) (16,26,13,1) (11,28,14,1) (25,2,14,1) (20,10,12,1) (7,22,6,1) (19,21,14,1) (16,25,16,1) (24,4,6,1) (21,0,9,1) (1,22,6,1) 
(18,9,12,1) (1,4,14,1) (6,8,10,1) (13,14,17,1) (4,13,11,1) (23,9,13,1) (14,16,8,1) (11,17,5,1) (25,1,10,1) (12,5,7,1) (25,2,13,1) (29,2,9,1) (14,29,15,1) (28,14,6,1) (14,12,6,1) 
(12,26,12,1) (25,16,12,1) (11,27,7,1) (9,5,10,1) (1,2,7,1) (4,13,8,1) (18,21,15,1) (26,1,11,1) (17,19,13,1) (8,22,2,1) (9,20,21,1) (13,27,8,1) (2,15,8,1) (9,23,12,1) (25,14,10,1) 
(9,2,3,1) (13,8,18,1) (10,4,10,1) (21,19,10,1) (8,26,4,1) (4,23,10,1) (10,5,4,1) (14,20,8,1) (21,10,11,1) (2,3,4,1) (0,13,7,1) (11,15,13,1) (21,8,6,1) (11,29,5,1) (14,13,14,1) 
(9,12,7,1) (2,26,6,1) (5,24,10,1) (17,5,17,1) (10,27,16,1) (2,3,7,1) (24,26,13,1) (2,4,4,1) (15,22,7,1) (22,13,14,1) (16,10,7,1) (6,20,19,1) (16,26,4,1) (10,8,23,1) (13,11,6,1) 