(64,69,13,1) (44,12,14,1) (91,28,12,1) 
(48,89,3,1) (17,60,13,1) (0,7,8,1) 
(30,32,2,1) (36,18,9,1) (60,36,18,1) 
(27,6,6,1) (90,17,8,1) (77,71,16,1) 
(36,71,11,1) (71,51,4,1) (8,90,12,1) 
(81,79,9,1) (20,98,7,1) (54,25,15,1) 
(55,11,8,1) (54,71,20,1) (70,55,12,1) 
(88,74,17,1) (82,97,10,1) (44,24,7,1) 
(64,21,20,1) (1,19,7,1) (57,77,13,1) 
(58,59,6,1) (51,97,4,1) (65,32,8,1) 
(12,56,9,1) (64,47,5,1) (84,92,12,1) 
(64,90,14,1) (49,21,4,1) (17,96,3,1) 
(70,10,2,1) (73,34,14,1) (96,81,5,1) 
(25,89,7,1) (57,72,15,1) (53,37,15,1) 
(24,73,5,1) (99,13,10,1) (79,55,8,1) 
(28,93,1,1) (45,25,11,1) (84,52,5,1) 
(40,12,13,1) (50,18,18,1) (81,25,9,1) 
(26,27,14,1) (88,57,12,1) (64,3,12,1) 
(10,81,9,1) (70,43,16,1) (21,58,12,1) 
(74,44,15,1) (91,4,11,1) (31,46,13,1) 
(59,25,24,1) (82,96,8,1) (60,92,5,1) 
(3,34,12,1) (83,21,7,1) (51,97,7,1) 
(68,50,7,1) (63,35,13,1) (82,77,6,1) 
(12,33,10,1) (85,96,6,1) (88,77,11,1) 
(10,36,17,1) (90,95,13,1) (57,77,11,1) 
(30,36,13,1) (52,22,10,1) (49,26,10,1) 
(80,47,3,1) (87,68,12,1) (45,47,12,1) 
(79,17,8,1) (11,22,14,1) (91,77,10,1) 
(29,69,13,1) (22,55,6,1) (96,16,21,1) 
(48,59,8,1) (31,41,1,1) (22,47,13,1) 
(55,75,6,1) (44,84,21,1) (84,49,11,1) 
(50,62,16,1) (23,57,2,1) (69,30,12,1) 
(47,36,12,1) (88,48,6,1) (40,4,15,1) 
(77,41,12,1) (91,37,18,1) (61,51,8,1) 
(0,17,7,1) (26,65,9,1) (41,26,13,1) 
(18,83,9,1) (9,26,4,1) (65,28,8,1) 
(95,47,19,1) (43,84,6,1) (56,21,14,1) 
(8,62,11,1) (83,26,1,1) (32,13,12,1) 
(38,14,12,1) (2,27,11,1) (69,33,12,1) 
(66,26,12,1) (91,83,11,1) (4,94,3,1) 
(96,71,18,1) (36,85,16,1) (63,12,14,1) 
(80,29,13,1) (82,97,7,1) (68,85,7,1) 
(95,62,21,1) (8,59,19,1) (81,75,10,1) 
(62,45,12,1) (30,16,11,1) (6,92,5,1) 
(12,27,4,1) (57,77,5,1) (95,7,11,1) 
(9,24,12,1) (3,71,16,1) (3,89,4,1) 
(87,29,9,1) (12,30,11,1) (25,59,15,1) 
(96,65,9,1) (17,40,16,1) (51,50,9,1) 
(57,21,14,1) (15,84,14,1) (61,43,17,1) 
(95,58,8,1) (99,75,5,1) (11,3,8,1) 
(22,23,4,1) (88,54,11,1) (24,62,9,1) 
(29,71,17,1) (57,63,11,1) (56,98,1,1) 
(38,54,18,1) (95,9,14,1) (84,62,13,1) 
(75,77,13,1) (76,26,7,1) (63,8,2,1) 
(12,90,13,1) (29,31,2,1) (32,80,11,1) 
(74,38,19,1) (77,25,5,1) (30,25,17,1) 
(29,32,6,1) (25,62,7,1) (89,32,4,1) 
(64,94,5,1) (31,49,2,1) (91,62,17,1) 
(37,75,15,1) (98,99,10,1) (26,19,13,1) 
(60,66,11,1) (60,23,1,1) (51,40,5,1) 
(80,1,11,1) (43,63,8,1) (64,41,8,1) 
(38,48,8,1) (79,68,7,1) (70,22,10,1) 
(50,11,11,1) (99,35,10,1) (24,59,5,1) 
(81,93,12,1) (62,3,6,1) (2,75,15,1) 
(60,97,18,1) (92,95,17,1) (73,95,18,1) 
(25,71,7,1) (9,65,12,1) (6,15,8,1) 
(15,26,8,1) (55,11,3,1) (78,60,16,1) 
(96,64,9,1) (41,17,19,1) (21,40,15,1) 
(51,54,16,1) (77,13,13,1) (53,43,6,1) 
(66,44,12,1) (65,88,9,1) (37,15,14,1) 
(36,34,1,1) (98,41,14,1) (36,90,4,1) 
(98,84,8,1) (96,97,8,1) (52,69,18,1) 
(11,39,2,1) (11,30,17,1) (20,90,12,1) 
(94,45,13,1) (58,92,3,1) (31,56,8,1) 
(12,48,9,1) (39,8,3,1) (86,93,4,1) 
(19,72,21,1) (79,42,6,1) (1,7,12,1) 
(67,90,6,1) (6,73,10,1) (66,76,11,1) 
(77,34,13,1) (43,24,7,1) (91,26,12,1) 
(18,53,4,1) (66,19,13,1) (20,73,15,1) 
(71,68,8,1) (2,96,17,1) (36,10,6,1) 
(89,31,20,1) (98,46,8,1) (85,64,7,1) 
(76,7,19,1) (68,81,15,1) (9,8,15,1) 
(22,34,5,1) (73,65,12,1) (22,66,14,1) 
(74,77,14,1) (65,87,10,1) (81,9,2,1) 
(33,24,8,1) (23,67,14,1) (42,36,10,1) 
(29,12,12,1) (79,39,5,1) (86,61,10,1) 
(51,67,16,1) (77,64,1,1) (3,68,20,1) 
(28,90,9,1) (9,6,6,1) (31,10,12,1) 
(24,64,6,1) (95,42,9,1) (12,24,1,1) 
(58,40,13,1) (50,94,4,1) (77,29,16,1) 
(77,18,4,1) (47,82,6,1) (94,11,5,1) 
(39,64,12,1) (43,72,13,1) (9,4,14,1) 
(61,60,10,1) (30,37,3,1) (43,10,9,1) 
(60,93,2,1) (75,73,13,1) (87,33,18,1) 
(9,24,7,1) (18,40,3,1) (87,98,6,1) 
(80,52,13,1) (7,65,15,1) (90,8,16,1) 
(98,69,10,1) (52,57,13,1) (53,56,7,1) 
(94,27,20,1) (11,65,11,1) (89,29,7,1) 
(21,66,1,1) (32,76,10,1) (63,42,8,1) 
(28,13,12,1) (94,18,7,1) (95,30,17,1) 