(98,97,13,1) (89,26,15,1) (55,91,17,1) (63,51,11,1) (92,0,11,1) (89,43,8,1) (19,2,16,1) (57,10,9,1) 
(52,8,18,1) (96,8,12,1) (66,16,7,1) (89,24,6,1) (3,26,8,1) (79,51,6,1) (53,38,2,1) (90,45,12,1) 
(62,2,11,1) (43,20,12,1) (30,41,14,1) (31,80,19,1) (50,39,8,1) (1,90,2,1) (83,44,18,1) (68,50,12,1) 
(85,79,10,1) (44,12,1,1) (64,69,9,1) (65,8,13,1) (3,4,8,1) (44,1,15,1) (1,61,8,1) (28,53,14,1) 
(99,38,11,1) (82,83,2,1) (51,87,14,1) (50,88,10,1) (5,98,16,1) (96,65,9,1) (62,34,7,1) (87,79,16,1) 
(67,4,2,1) (24,52,14,1) (58,78,4,1) (6,76,5,1) (84,53,8,1) (45,29,12,1) (32,38,14,1) (71,87,16,1) 
(69,36,17,1) (98,44,9,1) (73,75,6,1) (40,9,14,1) (40,73,11,1) (35,12,1,1) (98,10,9,1) (24,95,3,1) 
(37,30,1,1) (7,41,10,1) (71,12,8,1) (25,53,11,1) (95,1,4,1) (44,11,4,1) (45,17,12,1) (47,11,15,1) 
(12,78,6,1) (72,54,6,1) (14,44,10,1) (97,98,16,1) (69,7,8,1) (55,79,12,1) (2,54,18,1) (13,59,8,1) 
(55,62,19,1) (65,44,3,1) (78,19,13,1) (23,73,12,1) (43,49,2,1) (45,36,16,1) (82,20,3,1) (78,58,8,1) 
(10,44,7,1) (88,2,16,1) (19,32,11,1) (95,48,10,1) (86,55,12,1) (29,85,16,1) (14,99,10,1) (20,63,13,1) 
(43,94,11,1) (66,76,12,1) (55,18,14,1) (56,83,8,1) (23,62,13,1) (83,70,1,1) (74,14,13,1) (30,5,12,1) 
(35,70,11,1) (87,19,14,1) (47,7,9,1) (13,88,3,1) (18,0,7,1) (59,6,8,1) (44,56,4,1) (31,7,14,1) 
(97,91,5,1) (9,78,11,1) (80,57,16,1) (42,96,5,1) (85,48,8,1) (20,59,13,1) (13,63,9,1) (85,31,4,1) 
(20,12,7,1) (43,89,6,1) (63,45,12,1) (24,87,11,1) (5,60,9,1) (13,7,12,1) (54,6,18,1) (91,1,16,1) 
(43,33,10,1) (74,44,4,1) (5,7,15,1) (57,53,20,1) (28,55,17,1) (9,32,15,1) (42,49,12,1) (27,50,6,1) 
(1,81,16,1) (71,74,12,1) (66,84,10,1) (99,68,2,1) (89,28,6,1) (77,59,15,1) (72,97,7,1) (46,68,13,1) 
(52,9,2,1) (38,4,14,1) (2,43,15,1) (50,85,15,1) (45,38,10,1) (54,50,10,1) (84,13,11,1) (31,55,16,1) 
(54,52,12,1) (39,60,15,1) (68,13,3,1) (99,87,8,1) (72,29,10,1) (66,15,12,1) (20,37,22,1) (11,83,9,1) 
(23,69,10,1) (66,81,7,1) (82,28,10,1) (49,75,17,1) (18,79,14,1) (80,5,3,1) (48,61,11,1) (88,9,20,1) 
(62,22,6,1) (8,74,16,1) (47,77,19,1) (29,51,11,1) (79,9,11,1) (17,64,5,1) (71,73,3,1) (70,85,17,1) 
(96,53,13,1) (24,4,10,1) (53,31,13,1) (91,4,13,1) (4,96,7,1) (1,70,12,1) (84,50,17,1) (21,83,4,1) 
(56,22,6,1) (43,13,10,1) (81,36,11,1) (47,46,18,1) (14,0,13,1) (49,74,9,1) (39,94,9,1) (71,31,5,1) 
(84,87,11,1) (41,43,14,1) (79,14,6,1) (96,77,14,1) (42,82,2,1) (51,59,4,1) (70,45,7,1) (76,9,9,1) 
(11,20,16,1) (63,96,15,1) (30,0,16,1) (53,45,16,1) (60,69,7,1) (16,36,1,1) (55,95,10,1) (96,37,11,1) 
(51,16,3,1) (12,17,2,1) (7,34,3,1) (82,93,8,1) (42,66,5,1) (11,56,7,1) (90,62,6,1) (54,77,6,1) 
(78,13,17,1) (26,53,12,1) (7,2,10,1) (14,48,15,1) (66,47,5,1) (67,20,9,1) (40,4,9,1) (58,55,13,1) 
(97,84,3,1) (42,17,9,1) (86,60,11,1) (57,89,4,1) (8,48,3,1) (43,95,12,1) (91,79,13,1) (45,85,8,1) 
(56,77,12,1) (79,74,9,1) (91,29,15,1) (9,80,9,1) (42,1,5,1) (56,10,13,1) (51,20,1,1) (16,38,6,1) 
(22,72,10,1) (13,98,16,1) (84,78,17,1) (99,0,4,1) (91,23,17,1) (80,90,17,1) (72,24,8,1) (96,14,4,1) 
(86,17,15,1) (17,37,14,1) (0,30,8,1) (34,7,8,1) (63,87,18,1) (65,41,10,1) (36,69,2,1) (76,40,4,1) 
(6,24,14,1) (21,38,13,1) (24,62,15,1) (58,41,17,1) (88,18,18,1) (60,42,9,1) (38,11,7,1) (80,97,15,1) 
(65,66,7,1) (92,84,13,1) (41,74,9,1) (62,70,8,1) (8,7,8,1) (89,5,20,1) (21,52,14,1) (95,43,15,1) 
(24,51,15,1) (65,61,9,1) (54,82,8,1) (31,85,18,1) (93,63,15,1) (37,8,12,1) (64,51,14,1) (92,73,7,1) 
(15,34,5,1) (31,34,9,1) (7,66,14,1) (97,72,5,1) (50,72,14,1) (27,47,8,1) (30,49,16,1) (75,19,17,1) 
(26,81,11,1) (0,65,7,1) (77,35,12,1) (29,25,13,1) (12,67,3,1) (65,67,17,1) (18,79,3,1) (52,95,8,1) 
(77,24,8,1) (98,49,9,1) (60,17,13,1) (37,47,8,1) (59,62,12,1) (77,41,16,1) (44,88,14,1) (69,93,12,1) 
(41,30,10,1) (80,21,4,1) (40,77,16,1) (86,96,10,1) (56,71,2,1) (77,87,20,1) (8,43,9,1) (26,39,4,1) 
(28,9,9,1) (9,64,13,1) (89,86,7,1) (73,5,19,1) (95,35,9,1) (67,22,15,1) (14,27,9,1) (77,29,15,1) 
(17,3,11,1) (25,59,9,1) (8,40,3,1) (52,89,19,1) (66,14,11,1) (49,48,4,1) (54,61,10,1) (34,78,13,1) 
(2,13,11,1) (0,28,10,1) (3,60,14,1) (87,85,4,1) (62,37,3,1) (40,54,7,1) (72,14,2,1) (67,30,11,1) 
(23,90,9,1) (13,48,7,1) (59,56,12,1) (19,28,6,1) (57,12,12,1) (15,1,1,1) (7,71,17,1) (90,96,11,1) 
(80,62,19,1) (73,60,9,1) (22,83,12,1) (4,79,7,1) (35,5,18,1) (20,18,7,1) (96,80,10,1) (69,33,10,1) 
(23,57,2,1) (90,13,10,1) (50,38,13,1) (74,29,12,1) (5,92,8,1) (48,19,8,1) (90,15,6,1) (94,45,1,1) 
(6,84,14,1) (39,91,6,1) (78,71,9,1) (55,17,12,1) (78,17,7,1) (88,29,11,1) (67,1,12,1) (45,55,12,1) 
(71,29,13,1) (58,62,10,1) (25,46,7,1) (30,87,8,1) (69,11,9,1) (20,51,11,1) (40,2,11,1) (76,63,10,1) 
(14,28,20,1) (83,28,7,1) (18,26,8,1) (85,42,13,1) (97,65,9,1) (85,1,8,1) (3,48,13,1) (9,37,12,1) 
(23,21,15,1) (51,21,4,1) (1,60,9,1) (24,9,17,1) (11,98,10,1) (1,34,9,1) (23,76,11,1) (26,71,10,1) 
(98,68,8,1) (84,58,13,1) (54,31,11,1) (28,11,4,1) (8,37,11,1) (93,97,6,1) (64,47,9,1) (87,47,18,1) 
(97,67,13,1) (92,26,8,1) (12,3,12,1) (73,17,11,1) (62,94,11,1) (19,24,5,1) (96,63,8,1) (23,86,12,1) 
(59,7,8,1) (41,97,10,1) (92,65,5,1) (67,31,15,1) (99,75,12,1) (20,34,8,1) (87,18,1,1) (61,59,7,1) 
(3,6,1,1) (55,75,17,1) (61,55,20,1) (28,76,12,1) (79,94,18,1) (4,72,6,1) (15,57,9,1) (9,20,5,1) 
(80,86,4,1) (81,94,12,1) (57,21,18,1) (95,76,9,1) (40,7,12,1) (46,78,13,1) (83,5,17,1) (18,29,5,1) 
(16,96,6,1) (67,34,1,1) (77,19,14,1) (96,52,6,1) (47,94,10,1) (86,32,12,1) (74,77,10,1) (35,97,7,1) 
(46,9,7,1) (70,61,14,1) (75,46,9,1) (1,17,11,1) (46,89,7,1) (11,17,12,1) (81,32,10,1) (67,48,12,1) 
(67,95,12,1) (9,78,5,1) (83,44,5,1) (34,24,6,1) (10,34,16,1) (35,73,13,1) (58,99,10,1) (95,16,14,1) 
(8,59,13,1) (34,59,5,1) (77,26,4,1) (35,10,14,1) (59,80,5,1) (94,62,5,1) (47,8,5,1) (74,98,24,1) 
(45,77,2,1) (84,46,6,1) (23,58,6,1) (92,82,13,1) (57,17,16,1) (37,96,14,1) (6,11,2,1) (39,2,18,1) 
(65,4,6,1) (13,75,11,1) (91,84,1,1) (91,94,17,1) (14,58,9,1) (63,49,10,1) (75,35,6,1) (27,31,10,1) 
(30,46,11,1) (89,60,3,1) (19,89,12,1) (72,71,4,1) (38,44,10,1) (72,83,3,1) (24,28,9,1) (38,37,13,1) 
(81,3,10,1) (41,57,7,1) (28,4,7,1) (18,8,9,1) (44,98,15,1) (45,6,12,1) (96,76,16,1) (89,51,6,1) 
(73,41,14,1) (60,24,6,1) (77,16,3,1) (17,21,13,1) (92,34,11,1) (38,34,11,1) (9,81,1,1) (84,90,4,1) 
(38,83,7,1) (85,28,8,1) (68,10,14,1) (22,97,9,1) (84,44,10,1) (86,30,10,1) (42,59,8,1) (48,15,7,1) 
(10,26,17,1) (98,24,9,1) (9,55,5,1) (15,92,13,1) (69,31,11,1) (75,94,9,1) (81,28,15,1) (25,65,14,1) 
(81,49,1,1) (0,16,9,1) (24,52,16,1) (76,71,10,1) (96,93,18,1) (85,36,6,1) (61,72,6,1) (74,95,8,1) 
(27,89,4,1) (67,37,14,1) (26,32,6,1) (6,33,6,1) (86,21,10,1) (67,56,21,1) (65,29,6,1) (14,53,16,1) 
(42,5,5,1) (83,65,8,1) (13,14,15,1) (42,16,8,1) (6,92,12,1) (38,46,10,1) (16,85,3,1) (98,25,9,1) 
(48,39,7,1) (49,36,10,1) (44,96,12,1) (22,93,5,1) (49,95,14,1) (28,36,9,1) (7,65,14,1) (61,1,12,1) 
(77,0,12,1) (49,97,17,1) (58,94,9,1) (53,34,22,1) (54,91,16,1) (65,70,16,1) (98,21,14,1) (38,91,12,1) 
(78,83,11,1) (90,33,7,1) (57,33,2,1) (41,6,7,1) (98,38,15,1) (76,53,22,1) (10,66,12,1) (67,90,5,1) 
(77,59,7,1) (53,3,1,1) (53,33,5,1) (7,24,16,1) (3,36,13,1) (65,26,7,1) (90,58,12,1) (23,77,6,1) 
(24,91,4,1) (14,31,15,1) (54,36,3,1) (19,7,11,1) (0,13,11,1) (76,42,14,1) (76,6,16,1) (3,8,6,1) 
(85,76,15,1) (98,74,12,1) (3,67,8,1) (97,89,7,1) (31,79,11,1) (22,20,11,1) (87,74,16,1) (35,47,14,1) 
(29,38,2,1) (66,37,3,1) (94,74,6,1) (3,9,1,1) (28,86,12,1) (25,22,20,1) (40,75,13,1) (29,0,2,1) 
(50,16,2,1) (90,51,4,1) (68,12,11,1) (84,42,14,1) (92,99,9,1) (72,15,9,1) (29,31,12,1) (54,6,13,1) 
(16,4,6,1) (40,97,21,1) (2,24,15,1) (28,17,15,1) (48,10,13,1) (26,61,8,1) (99,62,10,1) (99,44,14,1) 
(19,58,9,1) (32,58,6,1) (92,7,9,1) (98,96,5,1) (36,69,13,1) (85,7,19,1) (25,4,8,1) (92,56,11,1) 
(9,76,16,1) (3,19,9,1) (78,68,13,1) (89,14,13,1) (31,9,11,1) (26,85,4,1) (56,59,11,1) (44,81,7,1) 
(75,74,8,1) (47,44,9,1) (17,89,8,1) (24,70,6,1) (14,72,13,1) (89,61,2,1) (35,44,9,1) (39,8,11,1) 
(97,42,17,1) (32,6,13,1) (9,37,2,1) (64,3,13,1) (1,71,10,1) (9,7,10,1) (96,26,7,1) (69,31,8,1) 
(30,89,17,1) (74,76,8,1) (32,6,6,1) (75,24,6,1) (53,48,7,1) (14,17,11,1) (60,65,10,1) (74,97,12,1) 
(28,94,8,1) (73,91,5,1) (21,58,10,1) (90,45,10,1) (35,6,11,1) (84,20,8,1) (57,40,8,1) (35,9,13,1) 
(72,67,11,1) (44,0,7,1) (6,97,14,1) (36,25,9,1) (13,89,14,1) (1,52,9,1) (52,60,11,1) (84,91,5,1) 
(72,46,10,1) (33,10,13,1) (95,28,3,1) (91,83,12,1) (38,29,14,1) (69,78,8,1) (57,87,18,1) (0,39,6,1) 
(40,92,14,1) (24,27,11,1) (82,88,21,1) (13,2,23,1) (73,67,13,1) (20,88,9,1) (43,76,5,1) (11,21,9,1) 
(44,71,7,1) (62,65,13,1) (79,74,7,1) (54,43,3,1) (25,32,13,1) (11,60,10,1) (47,94,10,1) (5,34,5,1) 
(35,43,7,1) (45,97,1,1) (9,28,14,1) (48,2,12,1) (67,76,13,1) (27,15,22,1) (43,70,10,1) (50,83,4,1) 
(76,12,17,1) (89,39,14,1) (0,53,13,1) (85,66,14,1) (58,63,1,1) (21,31,20,1) (95,26,19,1) (0,2,17,1) 
(1,26,7,1) (54,47,12,1) (22,49,7,1) (24,87,11,1) (0,7,14,1) (15,91,4,1) (62,45,11,1) (88,98,11,1) 
(26,42,10,1) (17,88,10,1) (69,37,11,1) (56,91,4,1) (81,70,23,1) (80,36,11,1) (9,80,21,1) (19,60,13,1) 
(34,88,7,1) (68,32,9,1) (24,45,14,1) (53,6,10,1) (60,20,10,1) (78,28,8,1) (8,17,18,1) (21,87,12,1) 
(25,78,13,1) (41,94,11,1) (86,57,17,1) (51,5,9,1) (87,35,11,1) (32,34,6,1) (4,51,6,1) (19,37,13,1) 
(28,3,3,1) (46,13,6,1) (60,58,14,1) (57,28,8,1) (40,95,14,1) (53,94,17,1) (89,57,7,1) (26,12,13,1) 
(43,70,19,1) (92,21,8,1) (2,76,14,1) (56,38,10,1) (41,3,6,1) (15,28,18,1) (11,91,13,1) (60,33,9,1) 
(55,77,9,1) (99,30,5,1) (73,23,7,1) (83,28,13,1) (35,71,11,1) (7,49,14,1) (56,19,14,1) (77,14,6,1) 
(93,63,9,1) (38,95,10,1) (28,54,20,1) (38,1,8,1) (87,72,13,1) (12,97,14,1) (96,56,7,1) (12,64,8,1) 
(33,54,11,1) (44,3,11,1) (91,28,6,1) (95,58,13,1) (59,67,3,1) (35,70,14,1) (17,31,16,1) (77,84,9,1) 
(19,26,17,1) (84,56,5,1) (23,82,10,1) (80,6,15,1) (94,5,9,1) (6,17,11,1) (60,88,8,1) (93,31,11,1) 
(1,19,13,1) (50,85,5,1) (17,27,10,1) (23,63,17,1) (54,80,15,1) (11,26,7,1) (60,72,16,1) (82,13,8,1) 
(52,27,17,1) (51,91,17,1) (48,67,17,1) (58,62,5,1) (23,48,11,1) (20,81,12,1) (40,4,8,1) (46,85,10,1) 