(21,74,9,1) (21,93,17,1) (14,38,1,1) (8,82,12,1) (70,80,13,1) 
(16,69,6,1) (26,9,13,1) (41,81,7,1) (37,31,6,1) (56,65,9,1) 
(17,22,4,1) (36,90,7,1) (66,94,9,1) (13,75,3,1) (6,75,19,1) 
(75,22,9,1) (4,19,12,1) (47,23,1,1) (23,88,24,1) (53,41,7,1) 
(72,50,22,1) (19,66,14,1) (42,4,13,1) (91,61,5,1) (77,93,18,1) 
(14,93,13,1) (93,29,7,1) (90,85,6,1) (22,55,11,1) (45,74,4,1) 
(5,14,16,1) (57,74,16,1) (6,8,9,1) (86,82,10,1) (54,92,8,1) 
(86,65,9,1) (21,91,7,1) (13,52,17,1) (21,29,14,1) (14,56,15,1) 
(44,18,20,1) (65,3,6,1) (1,73,8,1) (38,19,8,1) (10,44,13,1) 
(55,44,1,1) (55,17,6,1) (56,9,6,1) (75,34,10,1) (29,84,16,1) 
(66,95,22,1) (62,96,6,1) (48,17,18,1) (18,23,12,1) (83,1,12,1) 
(38,75,4,1) (77,54,22,1) (10,57,16,1) (63,25,9,1) (59,69,18,1) 
(71,62,15,1) (82,32,15,1) (99,4,13,1) (11,2,15,1) (7,93,6,1) 
(76,64,12,1) (30,27,8,1) (31,28,8,1) (84,56,4,1) (65,38,16,1) 
(87,74,10,1) (95,0,9,1) (95,6,11,1) (32,23,11,1) (98,28,4,1) 
(40,41,10,1) (8,99,10,1) (67,90,10,1) (83,26,7,1) (1,58,9,1) 
(92,53,10,1) (46,26,12,1) (86,72,11,1) (11,67,16,1) (34,97,21,1) 
(62,77,8,1) (74,13,7,1) (65,7,15,1) (23,6,10,1) (54,39,20,1) 
(47,45,5,1) (96,57,4,1) (85,49,9,1) (93,80,17,1) (60,49,12,1) 
(6,46,8,1) (28,19,13,1) (5,27,7,1) (42,65,15,1) (1,33,8,1) 
(97,64,8,1) (75,78,14,1) (46,14,5,1) (50,24,6,1) (36,1,12,1) 
(4,19,8,1) (45,69,9,1) (91,62,9,1) (3,74,15,1) (69,7,9,1) 
(74,44,11,1) (11,15,6,1) (25,47,16,1) (38,10,9,1) (32,44,16,1) 
(73,54,8,1) (64,74,9,1) (61,94,6,1) (52,42,11,1) (93,55,13,1) 
(76,72,9,1) (92,25,11,1) (80,65,11,1) (82,48,6,1) (75,26,5,1) 
(63,93,11,1) (61,54,4,1) (54,98,8,1) (9,41,9,1) (69,55,6,1) 
(37,81,13,1) (9,46,13,1) (60,97,2,1) (66,57,4,1) (58,86,13,1) 
(12,37,7,1) (15,98,12,1) (60,77,9,1) (97,69,5,1) (81,18,13,1) 
(69,31,5,1) (83,25,16,1) (34,25,9,1) (69,24,18,1) (47,77,15,1) 
(77,74,22,1) (85,31,5,1) (95,90,15,1) (3,69,13,1) (74,4,16,1) 
(76,17,8,1) (66,5,10,1) (0,89,7,1) (75,24,2,1) (71,0,10,1) 
(41,76,13,1) (73,79,14,1) (13,46,12,1) (95,20,6,1) (44,48,12,1) 
(23,34,15,1) (47,13,13,1) (60,72,15,1) (11,4,8,1) (1,95,6,1) 
(76,85,16,1) (49,24,13,1) (41,84,15,1) (81,64,9,1) (52,43,12,1) 
(38,64,12,1) (94,92,16,1) (74,28,1,1) (2,85,19,1) (68,41,9,1) 
(71,11,10,1) (62,42,17,1) (9,87,8,1) (27,95,15,1) (15,48,11,1) 
(53,11,18,1) (40,18,11,1) (57,43,13,1) (72,99,9,1) (50,28,2,1) 
(31,96,7,1) (38,13,9,1) (22,77,18,1) (2,64,15,1) (99,19,17,1) 
(14,75,2,1) (88,48,11,1) (66,57,3,1) (94,93,13,1) (36,27,6,1) 
(83,77,6,1) (18,94,13,1) (39,66,12,1) (16,24,5,1) (68,34,14,1) 
(67,27,11,1) (89,14,17,1) (95,97,4,1) (66,2,14,1) (59,11,14,1) 
(0,49,9,1) (88,83,9,1) (6,11,15,1) (6,16,17,1) (1,11,15,1) 
(67,99,10,1) (17,33,2,1) (95,62,18,1) (50,71,6,1) (49,59,14,1) 
(40,72,11,1) (43,90,7,1) (56,47,8,1) (84,1,9,1) (3,98,21,1) 
(50,74,8,1) (24,51,14,1) (12,83,6,1) (42,20,8,1) (79,71,10,1) 
(95,79,12,1) (51,65,10,1) (47,59,11,1) (1,99,5,1) (14,88,15,1) 
(26,44,10,1) (1,15,13,1) (38,43,10,1) (19,53,9,1) (85,24,15,1) 
(21,95,11,1) (27,57,10,1) (52,53,7,1) (55,49,9,1) (55,28,7,1) 
(4,46,21,1) (98,68,9,1) (92,17,13,1) (88,26,13,1) (16,43,13,1) 
(83,55,2,1) (2,97,7,1) (15,85,17,1) (4,85,5,1) (22,84,7,1) 
(18,38,17,1) (95,58,9,1) (73,85,19,1) (27,7,13,1) (31,38,14,1) 
(49,51,12,1) (60,99,15,1) (17,81,5,1) (56,7,8,1) (76,1,10,1) 
(5,58,8,1) (20,92,9,1) (69,85,4,1) (55,17,7,1) (78,5,6,1) 
(27,49,13,1) (4,40,16,1) (76,88,8,1) (59,11,4,1) (24,48,19,1) 
(83,17,3,1) (10,81,9,1) (69,44,10,1) (44,6,8,1) (27,6,11,1) 
(82,17,16,1) (7,55,15,1) (93,67,2,1) (31,16,18,1) (73,67,4,1) 
(34,90,9,1) (39,27,12,1) (92,76,20,1) (6,75,9,1) (31,68,12,1) 
(67,19,18,1) (18,95,9,1) (27,99,7,1) (30,0,8,1) (43,84,14,1) 
(20,9,4,1) (5,71,7,1) (39,26,8,1) (70,72,12,1) (17,26,16,1) 
(91,4,10,1) (5,95,3,1) (60,9,5,1) (87,79,10,1) (73,69,11,1) 
(71,81,2,1) (71,34,9,1) (85,96,10,1) (13,39,15,1) (36,30,11,1) 
(75,68,15,1) (20,65,11,1) (14,88,5,1) (25,57,8,1) (3,26,12,1) 
(42,80,6,1) (73,55,3,1) (63,0,6,1) (95,28,12,1) (61,81,17,1) 
(17,88,15,1) (86,21,16,1) (25,49,9,1) (77,69,10,1) (42,97,11,1) 
(52,20,14,1) (18,93,9,1) (0,38,6,1) (22,97,5,1) (77,87,11,1) 
(82,96,11,1) (60,4,8,1) (88,0,7,1) (96,68,12,1) (50,68,7,1) 
(9,23,13,1) (30,27,8,1) (53,46,13,1) (31,75,4,1) (75,43,10,1) 
(59,21,7,1) (36,20,7,1) (55,12,8,1) (99,46,12,1) (37,93,17,1) 
(95,31,10,1) (8,88,14,1) (45,5,10,1) (78,7,6,1) (74,61,18,1) 
(59,35,6,1) (53,14,17,1) (70,62,9,1) (43,84,13,1) (65,6,9,1) 
(30,86,11,1) (50,38,2,1) (41,14,6,1) (66,67,21,1) (8,36,20,1) 
(31,84,7,1) (31,49,2,1) (29,90,8,1) (59,39,12,1) (61,97,7,1) 
(43,83,7,1) (22,64,12,1) (27,90,9,1) (1,17,13,1) (53,51,13,1) 
(43,95,3,1) (12,66,15,1) (29,74,6,1) (70,43,9,1) (90,16,5,1) 
(35,72,15,1) (25,39,18,1) (74,93,10,1) (90,41,5,1) (86,23,5,1) 
(40,0,15,1) (37,43,14,1) (68,52,10,1) (45,21,6,1) (39,4,16,1) 
(33,1,11,1) (78,76,16,1) (68,25,12,1) (13,90,20,1) (2,50,10,1) 
(65,82,3,1) (88,44,17,1) (18,35,20,1) (22,8,22,1) (32,43,9,1) 
(15,65,17,1) (9,97,7,1) (8,55,2,1) (24,72,11,1) (51,73,14,1) 
(25,43,1,1) (57,6,11,1) (1,41,16,1) (8,18,15,1) (60,96,6,1) 
(46,72,3,1) (42,94,11,1) (47,9,3,1) (50,53,1,1) (79,76,11,1) 
(48,47,6,1) (12,70,5,1) (94,85,14,1) (9,70,7,1) (68,70,14,1) 
(26,97,1,1) (43,64,5,1) (0,42,8,1) (6,66,4,1) (35,91,18,1) 
(93,23,16,1) (27,97,9,1) (39,70,14,1) (40,24,14,1) (60,21,12,1) 
(87,10,14,1) (16,67,11,1) (41,46,10,1) (18,45,5,1) (40,38,11,1) 
(18,28,5,1) (32,98,11,1) (85,76,3,1) (94,18,6,1) (68,13,13,1) 
(40,64,14,1) (83,44,14,1) (55,64,9,1) (84,9,9,1) (47,81,9,1) 
(61,4,9,1) (39,11,13,1) (94,89,22,1) (52,78,5,1) (52,36,21,1) 
(54,84,15,1) (62,39,3,1) (33,52,6,1) (44,21,6,1) (87,27,8,1) 
(62,81,6,1) (88,61,7,1) (81,9,16,1) (38,26,6,1) (53,64,10,1) 
(68,90,14,1) (21,6,12,1) (20,13,12,1) (20,3,18,1) (97,6,18,1) 
(48,87,18,1) (18,6,18,1) (1,28,12,1) (79,7,9,1) (65,80,6,1) 
(34,71,11,1) (35,5,11,1) (95,3,14,1) (31,41,14,1) (46,1,14,1) 
(12,58,13,1) (83,95,8,1) (77,18,16,1) (32,12,9,1) (66,9,15,1) 
(94,74,6,1) (59,65,9,1) (16,20,15,1) (45,69,20,1) (37,81,21,1) 
(55,71,14,1) (54,1,8,1) (77,19,14,1) (37,16,20,1) (12,11,3,1) 
(0,60,15,1) (95,69,13,1) (97,34,12,1) (93,81,10,1) (10,18,4,1) 
(43,45,5,1) (32,82,5,1) (81,68,19,1) (10,8,13,1) (68,34,8,1) 
(94,69,16,1) (5,99,9,1) (51,33,5,1) (7,43,3,1) (85,11,1,1) 
(10,76,11,1) (27,23,8,1) (51,68,16,1) (33,31,15,1) (12,23,14,1) 