(19,22,11,1) (6,25,18,1) (0,14,14,1) (2,15,9,1) (9,26,13,1) (11,22,11,1) (14,20,13,1) (9,23,10,1) (15,13,8,1) (16,27,13,1) (28,24,5,1) (13,26,18,1) (11,17,9,1) (18,21,11,1) (25,5,3,1) (4,3,4,1) 
(16,21,18,1) (16,1,10,1) (7,10,15,1) (16,12,18,1) (9,3,12,1) (17,2,5,1) (22,5,18,1) (23,6,17,1) (26,11,11,1) (28,14,5,1) (10,24,1,1) (20,4,8,1) (22,2,16,1) (11,8,8,1) (2,14,12,1) (14,29,17,1) 
(13,23,6,1) (12,17,19,1) (18,26,25,1) (17,11,13,1) (23,10,17,1) (25,24,11,1) (12,29,17,1) (26,27,14,1) (9,15,14,1) (5,18,5,1) (2,24,8,1) (25,23,8,1) (8,27,6,1) (8,7,9,1) (17,21,20,1) (27,21,12,1) 
(6,15,8,1) (23,4,4,1) (24,14,13,1) (15,24,7,1) (23,0,12,1) (2,3,12,1) (24,4,12,1) (10,24,4,1) (7,21,13,1) (27,17,18,1) (8,2,7,1) (9,10,15,1) (4,2,20,1) (13,7,12,1) (14,19,15,1) (27,11,8,1) 
(17,3,7,1) (20,11,13,1) (11,10,11,1) (11,23,8,1) (29,1,2,1) (11,25,4,1) (13,6,6,1) (15,29,3,1) (12,16,11,1) (24,10,17,1) (9,19,2,1) (25,4,10,1) (10,17,14,1) (22,7,2,1) (21,2,2,1) (11,21,8,1) 
(19,21,7,1) (16,6,11,1) (21,6,16,1) (10,0,9,1) (1,27,14,1) (2,20,11,1) (22,21,10,1) (29,11,21,1) (29,9,12,1) (4,25,6,1) (27,2,13,1) (20,4,12,1) (12,13,11,1) (12,26,18,1) (26,0,14,1) (9,6,7,1) 
(13,26,13,1) (17,26,10,1) (5,6,9,1) (10,1,9,1) (20,6,7,1) (21,16,6,1) (25,29,7,1) (27,3,2,1) (23,19,19,1) (7,1,13,1) (9,6,16,1) (25,10,4,1) (7,6,2,1) (11,17,14,1) (26,1,9,1) (0,6,7,1) 
(5,13,12,1) (6,16,14,1) (28,2,14,1) (9,7,8,1) (29,22,6,1) (3,9,16,1) (12,2,13,1) (11,3,11,1) (8,2,5,1) (23,17,12,1) (26,24,3,1) (6,18,10,1) (3,26,16,1) (13,20,9,1) (0,4,16,1) (13,27,4,1) 
(4,16,13,1) (3,1,10,1) (24,0,17,1) (2,21,12,1) (9,7,15,1) (19,26,8,1) (28,25,13,1) (10,18,16,1) (19,4,6,1) (22,3,14,1) (16,9,12,1) (21,4,9,1) (26,3,9,1) (16,10,6,1) (21,6,14,1) (8,9,7,1) 
(19,16,7,1) (5,21,6,1) (4,9,14,1) (29,16,3,1) (14,18,8,1) (20,12,4,1) (28,2,11,1) (25,17,4,1) (23,24,15,1) (6,19,9,1) (25,26,5,1) (29,11,16,1) (26,20,9,1) (7,3,15,1) (22,3,8,1) (11,28,10,1) 
(21,25,4,1) (5,10,13,1) (17,9,10,1) (26,21,7,1) (0,25,18,1) (21,11,4,1) (19,16,5,1) (20,14,7,1) (5,26,12,1) (23,16,2,1) (5,2,13,1) (13,7,7,1) (3,26,15,1) (1,18,22,1) (3,7,7,1) (10,17,4,1) 
(28,1,12,1) (9,13,10,1) (6,14,9,1) (5,22,11,1) (22,13,18,1) (9,19,18,1) (2,15,4,1) (26,10,8,1) (15,26,19,1) (0,5,8,1) (2,26,8,1) (18,9,9,1) (7,9,7,1) (3,17,10,1) (27,23,16,1) (23,28,11,1) 
(7,8,12,1) (1,17,3,1) (18,5,12,1) (10,5,5,1) (8,27,19,1) (26,19,7,1) (25,24,17,1) (17,15,12,1) (17,7,9,1) (21,20,13,1) (19,13,13,1) (4,26,10,1) (29,9,9,1) (3,1,11,1) (25,1,14,1) (24,29,7,1) 
(19,5,10,1) (14,17,11,1) (29,15,13,1) (28,19,17,1) (6,28,6,1) (11,23,7,1) (2,7,15,1) (16,5,15,1) (25,28,24,1) (23,6,10,1) (14,13,12,1) (21,18,9,1) (28,22,4,1) (16,17,14,1) (12,3,9,1) (4,8,16,1) 
(18,26,6,1) (10,17,4,1) (21,0,4,1) (21,22,10,1) (23,26,14,1) (7,15,8,1) (29,28,9,1) (28,26,18,1) (13,0,11,1) (0,1,9,1) (26,5,16,1) (4,24,14,1) (15,9,12,1) (21,13,3,1) (11,10,17,1) (9,10,15,1) 
(13,4,14,1) (9,21,8,1) (28,14,12,1) (19,3,10,1) (18,8,5,1) (17,9,5,1) (22,26,7,1) (4,2,9,1) (19,6,14,1) (26,7,8,1) (7,11,13,1) (20,21,20,1) (11,18,14,1) (3,5,4,1) (14,11,10,1) (26,23,11,1) 
(19,6,11,1) (5,22,5,1) (18,3,20,1) (19,29,8,1) (7,27,6,1) (9,28,6,1) (0,19,13,1) (29,3,9,1) (24,12,1,1) (2,19,15,1) (27,9,7,1) (18,22,19,1) (22,2,2,1) (20,2,11,1) (18,9,10,1) (11,9,20,1) 
(7,4,6,1) (10,1,7,1) (17,2,3,1) (18,20,17,1) (4,15,9,1) (0,29,23,1) (0,26,10,1) (11,8,11,1) (18,23,20,1) (10,4,8,1) (1,0,9,1) (26,25,7,1) (3,7,11,1) (9,29,12,1) (6,28,13,1) (7,2,10,1) 
(13,6,10,1) (10,15,18,1) (2,8,13,1) (11,15,9,1) (17,1,13,1) (1,24,12,1) (27,16,6,1) (3,12,7,1) (22,24,9,1) (20,25,10,1) (8,17,19,1) (2,6,17,1) (5,23,9,1) (15,22,7,1) (9,26,16,1) (6,27,18,1) 
(26,9,6,1) (25,23,10,1) (17,10,7,1) (8,7,1,1) (3,1,6,1) (5,6,14,1) (4,7,15,1) (27,14,11,1) (9,20,17,1) (2,25,22,1) (26,29,6,1) (3,26,5,1) (0,27,7,1) (20,17,12,1) (10,16,6,1) (8,18,15,1) 
(20,15,14,1) (24,20,7,1) (16,23,6,1) (21,5,10,1) (22,23,2,1) (21,13,4,1) (13,11,4,1) (26,21,12,1) (1,27,13,1) (6,18,11,1) (26,7,7,1) (15,17,9,1) (9,16,9,1) (0,1,11,1) (24,5,10,1) (29,0,3,1) 
(17,29,16,1) (29,10,27,1) (23,4,4,1) (11,7,6,1) (14,1,20,1) (19,1,6,1) (24,7,12,1) (9,8,13,1) (3,17,15,1) (22,29,5,1) (14,28,10,1) (23,28,10,1) (16,20,10,1) (15,6,8,1) (13,26,15,1) (18,13,12,1) 
(23,0,10,1) (23,25,3,1) (0,13,13,1) (6,20,12,1) (15,12,14,1) (9,22,14,1) (9,16,8,1) (22,17,5,1) (1,20,8,1) (21,18,8,1) (16,3,6,1) (17,27,6,1) (9,3,2,1) (24,7,9,1) (21,14,12,1) (9,4,8,1) 
(23,25,7,1) (18,24,4,1) (26,14,24,1) (14,24,12,1) (27,7,8,1) (9,3,8,1) (29,1,7,1) (21,28,12,1) (0,18,6,1) (12,6,7,1) (0,5,6,1) (6,7,6,1) (8,26,21,1) (3,4,12,1) (27,20,9,1) (2,3,14,1) 
(2,13,12,1) (16,13,12,1) (16,19,10,1) (13,8,14,1) (8,21,10,1) (4,29,8,1) (2,12,12,1) (22,3,9,1) (25,15,8,1) (15,18,15,1) (19,21,8,1) (28,7,8,1) (16,26,18,1) (13,15,13,1) (23,14,13,1) (5,6,8,1) 
(23,4,19,1) (16,27,13,1) (3,15,8,1) (17,3,4,1) (6,12,17,1) (13,9,18,1) (29,26,19,1) (2,4,13,1) (18,1,4,1) (15,8,14,1) (25,13,15,1) (13,3,8,1) (15,11,18,1) (22,24,8,1) (11,28,9,1) (1,14,9,1) 
(25,20,16,1) (12,7,4,1) (9,8,6,1) (0,17,14,1) (18,10,16,1) (25,18,10,1) (26,9,4,1) (9,0,16,1) (11,10,14,1) (21,18,10,1) (4,24,13,1) (13,26,10,1) (1,5,4,1) (12,24,10,1) (3,25,9,1) (29,21,10,1) 
(1,0,11,1) (22,11,15,1) (18,8,16,1) (20,21,14,1) (1,15,13,1) (9,16,11,1) (16,24,16,1) (27,21,4,1) (19,24,15,1) (7,22,16,1) (26,24,6,1) (29,25,8,1) (26,11,10,1) (14,3,4,1) (10,25,18,1) (26,12,5,1) 
(27,12,17,1) (0,27,3,1) (3,5,6,1) (14,23,14,1) (20,26,8,1) (5,16,9,1) (16,10,4,1) (9,16,9,1) (14,18,24,1) (28,27,5,1) (20,17,15,1) (22,12,3,1) (0,1,11,1) (10,11,7,1) (29,25,8,1) (11,18,13,1) 
(18,28,9,1) (25,0,1,1) (1,4,16,1) (22,20,20,1) (6,21,3,1) (1,14,5,1) (13,28,4,1) (16,3,14,1) (5,14,11,1) (6,28,11,1) (25,23,5,1) (2,14,3,1) (10,14,16,1) (8,22,12,1) (11,17,14,1) (7,0,4,1) 
(0,2,12,1) (20,25,12,1) (16,24,14,1) (8,3,3,1) (26,16,24,1) (15,14,7,1) (7,2,15,1) (16,11,11,1) (25,17,1,1) (29,25,14,1) (4,23,7,1) (20,7,13,1) (28,15,14,1) (27,5,6,1) (12,21,16,1) (4,9,12,1) 
(4,7,7,1) (1,4,14,1) (12,26,11,1) (3,28,9,1) (11,17,13,1) (10,16,8,1) (10,23,3,1) (21,11,9,1) (27,15,10,1) (19,6,15,1) (10,17,6,1) (20,26,14,1) (15,22,5,1) (29,27,9,1) (28,2,9,1) (5,24,15,1) 
(2,11,9,1) (2,18,13,1) (25,19,18,1) (0,11,17,1) (13,24,15,1) (14,23,6,1) (3,9,18,1) (23,6,14,1) (13,27,13,1) (11,8,17,1) (27,22,18,1) (21,26,12,1) (21,11,14,1) (3,12,4,1) (25,8,3,1) (19,3,2,1) 
(14,25,9,1) (24,8,3,1) (14,13,3,1) (4,7,13,1) (25,20,13,1) (20,3,7,1) (0,14,10,1) (13,3,13,1) (26,16,10,1) (3,6,9,1) (17,10,8,1) (27,21,8,1) (14,28,12,1) (19,2,11,1) (29,17,12,1) (7,2,5,1) 
(10,20,11,1) (10,0,12,1) (12,2,14,1) (9,1,6,1) (20,28,18,1) (26,1,17,1) (0,6,11,1) (27,7,16,1) (26,15,17,1) (16,5,18,1) (3,20,11,1) (21,12,10,1) (16,12,4,1) (4,18,7,1) (11,22,8,1) (0,2,13,1) 
(7,13,15,1) (13,9,9,1) (7,21,13,1) (23,9,12,1) (18,2,10,1) (22,26,10,1) (17,10,17,1) (27,12,14,1) (11,8,12,1) (9,26,5,1) (8,19,9,1) (15,8,15,1) (13,27,11,1) (7,28,10,1) (3,5,12,1) (6,26,7,1) 
(18,2,9,1) (24,15,1,1) (24,2,12,1) (16,15,19,1) (23,26,17,1) (0,28,12,1) (12,20,5,1) (12,17,10,1) (19,8,20,1) (26,16,16,1) (5,1,17,1) (12,5,6,1) (7,8,11,1) (6,26,9,1) (27,7,13,1) (14,6,13,1) 
(12,24,9,1) (3,14,4,1) (25,8,20,1) (2,19,19,1) (1,3,16,1) (3,16,14,1) (20,11,17,1) (1,18,9,1) (26,2,14,1) (29,16,7,1) (18,14,11,1) (26,8,2,1) (25,28,4,1) (3,6,4,1) (4,17,7,1) (16,24,8,1) 
(15,18,8,1) (22,3,16,1) (28,26,12,1) (15,7,23,1) (10,3,10,1) (8,16,10,1) (1,26,17,1) (10,29,22,1) (29,0,8,1) (25,1,6,1) (2,25,12,1) (12,4,5,1) (12,3,11,1) (29,19,16,1) (25,10,9,1) (21,18,12,1) 
(9,2,13,1) (25,1,10,1) (16,20,7,1) (18,6,5,1) (22,19,14,1) (27,5,14,1) (1,7,11,1) (4,18,12,1) (14,22,10,1) (28,23,3,1) (28,24,6,1) (26,6,8,1) (20,15,11,1) (16,0,12,1) (4,21,9,1) (4,6,12,1) 
(6,3,12,1) (9,1,10,1) (21,1,8,1) (12,18,7,1) (15,21,11,1) (21,28,8,1) (28,22,6,1) (8,18,12,1) (21,14,8,1) (29,17,9,1) (20,0,10,1) (0,7,14,1) (4,15,6,1) (21,25,19,1) (9,11,3,1) (3,15,9,1) 
(2,29,13,1) (0,11,9,1) (8,7,11,1) (0,26,14,1) (26,24,3,1) (25,11,18,1) (1,15,6,1) (17,24,12,1) (6,5,13,1) (27,0,8,1) (8,15,11,1) (0,17,10,1) (29,23,14,1) (15,24,7,1) (23,8,13,1) (14,10,10,1) 
(15,2,13,1) (8,28,13,1) (28,15,1,1) (4,25,6,1) (21,29,19,1) (2,5,11,1) (8,29,5,1) (26,19,13,1) (11,9,16,1) (18,27,4,1) (2,22,6,1) (22,19,12,1) (19,8,6,1) (26,18,4,1) (11,16,4,1) (13,17,13,1) 
(7,23,10,1) (7,19,16,1) (12,18,12,1) (12,5,13,1) (5,9,3,1) (29,23,7,1) (23,19,16,1) (15,7,14,1) (11,13,10,1) (23,10,10,1) (4,10,15,1) (17,24,11,1) (27,15,9,1) (12,14,6,1) (18,27,12,1) (5,13,15,1) 
(5,6,11,1) (6,26,13,1) (21,0,7,1) (8,17,21,1) (9,7,7,1) (9,2,1,1) (21,28,10,1) (8,12,4,1) (17,12,13,1) (12,29,11,1) (18,11,3,1) (14,26,11,1) (20,6,11,1) (29,4,4,1) (9,24,11,1) (16,1,11,1) 
(1,28,14,1) (7,8,6,1) (4,16,4,1) (16,25,2,1) (28,22,12,1) (13,20,11,1) (25,4,19,1) (14,12,3,1) (0,7,16,1) (26,7,13,1) (16,8,19,1) (27,2,5,1) (9,7,4,1) (19,12,17,1) (15,13,17,1) (20,26,14,1) 
(20,2,9,1) (11,3,16,1) (15,4,12,1) (5,15,17,1) (3,8,15,1) (16,18,6,1) (11,20,4,1) (27,12,10,1) (2,18,12,1) (5,11,6,1) (0,18,22,1) (20,13,12,1) (16,20,13,1) (7,29,12,1) (28,4,9,1) (6,0,2,1) 
(6,20,12,1) (1,11,10,1) (23,21,19,1) (2,5,9,1) (4,28,6,1) (18,15,14,1) (12,16,3,1) (2,13,18,1) (9,26,2,1) (11,20,2,1) (1,7,5,1) (0,12,7,1) (28,1,17,1) (18,19,10,1) (10,21,14,1) (25,23,18,1) 
(8,24,7,1) (25,27,6,1) (6,21,10,1) (29,15,6,1) (28,20,4,1) (23,17,15,1) (28,5,15,1) (0,13,12,1) (9,12,14,1) (6,17,4,1) (5,22,4,1) (6,8,1,1) (27,26,9,1) (12,28,11,1) (28,3,13,1) (24,26,11,1) 
(24,22,8,1) (1,22,16,1) (25,27,17,1) (8,10,11,1) (21,27,16,1) (9,16,12,1) (4,26,11,1) (0,25,3,1) (8,29,11,1) (7,0,13,1) (24,26,11,1) (2,23,18,1) (28,23,16,1) (16,10,17,1) (12,14,12,1) (8,16,6,1) 
(27,24,10,1) (26,20,11,1) (10,19,9,1) (11,17,16,1) (23,28,11,1) (27,5,23,1) (19,23,12,1) (8,15,13,1) (9,0,15,1) (25,0,8,1) (5,29,14,1) (20,2,16,1) (21,25,8,1) (9,20,8,1) (20,12,12,1) (12,27,10,1) 
(0,3,2,1) (21,26,15,1) (8,14,3,1) (9,3,7,1) (1,26,11,1) (28,14,14,1) (4,2,13,1) (8,3,12,1) (15,4,18,1) (25,17,11,1) (20,29,5,1) (19,18,8,1) (22,0,15,1) (6,28,1,1) (27,5,15,1) (14,3,11,1) 
(6,23,14,1) (17,5,11,1) (4,5,11,1) (16,29,17,1) (23,9,7,1) (8,0,10,1) (1,5,14,1) (27,21,7,1) (1,25,15,1) (19,9,5,1) (10,9,5,1) (10,15,12,1) (28,7,6,1) (6,11,13,1) (18,27,15,1) (15,20,1,1) 
(23,1,3,1) (4,3,11,1) (11,24,18,1) (3,29,9,1) (10,12,15,1) (13,26,13,1) (23,2,9,1) (0,22,10,1) (4,17,1,1) (27,22,16,1) (8,15,11,1) (14,28,8,1) (16,18,5,1) (3,17,10,1) (20,2,17,1) (8,5,15,1) 
(14,0,10,1) (27,22,15,1) (28,23,17,1) (11,2,4,1) (28,11,10,1) (7,2,4,1) (28,4,12,1) (5,14,13,1) (22,4,8,1) (8,0,5,1) (2,26,9,1) (17,3,9,1) (28,10,19,1) (7,1,11,1) (21,16,7,1) (9,0,12,1) 
(28,21,18,1) (25,17,11,1) (4,9,4,1) (15,2,16,1) (12,21,4,1) (1,2,10,1) (18,5,11,1) (15,0,11,1) (10,9,12,1) (6,18,8,1) (22,8,4,1) (19,22,14,1) (12,13,10,1) (8,7,6,1) (3,9,11,1) (14,7,3,1) 
(15,14,8,1) (24,21,1,1) (7,2,19,1) (14,2,8,1) (28,4,4,1) (1,10,6,1) (25,26,17,1) (6,21,4,1) (20,12,9,1) (24,5,11,1) (3,21,6,1) (23,15,7,1) (27,22,15,1) (26,3,5,1) (11,20,3,1) (12,11,7,1) 
(18,25,8,1) (5,6,6,1) (22,17,9,1) (2,26,12,1) (28,21,13,1) (4,9,11,1) (8,19,14,1) (1,21,12,1) (5,25,2,1) (3,2,5,1) (12,6,14,1) (0,18,11,1) (23,8,1,1) (9,22,16,1) (1,3,10,1) (27,17,13,1) 
(9,4,5,1) (8,22,6,1) (20,6,11,1) (25,9,7,1) (10,27,11,1) (18,24,10,1) (20,28,5,1) (14,25,10,1) (26,15,6,1) (16,1,1,1) (16,21,18,1) (14,12,7,1) (14,4,14,1) (15,3,9,1) (14,17,7,1) (1,12,10,1) 
(11,15,17,1) (16,3,18,1) (24,29,17,1) (17,23,13,1) (13,29,10,1) (4,11,8,1) (14,2,12,1) (24,20,9,1) (6,29,15,1) (0,26,15,1) (0,23,13,1) (29,9,12,1) (7,14,4,1) (17,24,11,1) (6,23,8,1) (23,5,16,1) 
(5,20,9,1) (15,25,17,1) (22,2,10,1) (29,26,11,1) (11,18,7,1) (15,13,11,1) (1,24,7,1) (23,19,15,1) (13,7,11,1) (4,8,9,1) (14,28,9,1) (2,27,18,1) (1,18,15,1) (28,12,4,1) (3,15,5,1) (6,24,13,1) 
(24,2,12,1) (4,17,7,1) (1,20,9,1) (0,19,15,1) (6,23,5,1) (28,24,7,1) (0,17,2,1) (10,14,13,1) (22,6,11,1) (22,12,18,1) (15,20,11,1) (27,24,3,1) (11,4,9,1) (22,10,7,1) (10,21,11,1) (1,17,5,1) 
(1,16,13,1) (16,18,11,1) (14,26,6,1) (3,28,8,1) (10,9,13,1) (23,7,13,1) (15,28,13,1) (19,2,19,1) (10,6,15,1) (25,29,16,1) (12,13,17,1) (24,3,15,1) (0,15,10,1) (27,17,7,1) (24,20,10,1) (13,3,4,1) 
(21,2,4,1) (17,22,13,1) (24,14,22,1) (5,20,10,1) (16,15,18,1) (17,28,22,1) (23,21,12,1) (2,0,5,1) (5,15,13,1) (27,12,12,1) (27,16,8,1) (13,3,7,1) (9,0,4,1) (24,18,14,1) (11,24,12,1) (13,11,10,1) 
(2,20,10,1) (12,10,15,1) (27,28,12,1) (10,14,7,1) (23,10,16,1) (24,22,6,1) (25,19,2,1) (15,9,13,1) (22,7,10,1) (4,13,6,1) (5,16,6,1) (2,11,20,1) (27,1,15,1) (7,13,8,1) (16,10,7,1) (3,12,8,1) 
(1,7,16,1) (9,11,7,1) (0,4,12,1) (6,24,1,1) (16,4,10,1) (8,21,12,1) (16,19,7,1) (4,18,9,1) (26,19,18,1) (7,24,4,1) (14,19,14,1) (5,27,7,1) (14,28,13,1) (5,1,10,1) (6,26,8,1) (4,17,13,1) 
(1,6,10,1) (11,9,14,1) (21,15,8,1) (28,26,9,1) (28,1,8,1) (3,27,8,1) (14,7,8,1) (20,13,12,1) (12,6,4,1) (1,29,8,1) (22,11,14,1) (15,14,14,1) (14,20,13,1) (4,2,11,1) (15,9,8,1) (8,15,16,1) 
(9,12,9,1) (12,19,10,1) (12,14,14,1) (29,0,15,1) (6,12,9,1) (14,16,11,1) (12,1,23,1) (11,23,4,1) (28,3,13,1) (27,1,22,1) (21,28,9,1) (5,25,19,1) (15,16,16,1) (0,3,6,1) (15,0,17,1) (22,21,11,1) 
(13,29,1,1) (28,6,13,1) (19,16,19,1) (15,12,11,1) (2,23,25,1) (18,4,12,1) (27,11,13,1) (15,13,14,1) (11,12,10,1) (17,25,7,1) (11,9,4,1) (14,6,4,1) (23,6,17,1) (8,0,11,1) (23,15,2,1) (4,29,11,1) 
(7,21,13,1) (7,8,10,1) (2,8,17,1) (10,8,5,1) (14,4,13,1) (5,16,18,1) (22,24,12,1) (10,3,19,1) (10,29,15,1) (24,1,10,1) (13,11,9,1) (6,8,4,1) (21,2,9,1) (6,23,20,1) (5,27,13,1) (7,3,9,1) 
(2,12,10,1) (6,23,8,1) (9,2,18,1) (23,15,10,1) (15,8,12,1) (22,15,21,1) (22,29,5,1) (17,18,8,1) (9,13,5,1) (23,17,13,1) (28,15,5,1) (16,14,7,1) (23,5,18,1) (5,21,7,1) (0,4,7,1) (4,5,10,1) 
(17,9,14,1) (22,1,2,1) (22,28,6,1) (23,28,14,1) (4,11,11,1) (7,8,17,1) (18,17,19,1) (2,11,11,1) (17,27,8,1) (16,25,11,1) (15,1,7,1) (13,20,20,1) (20,11,21,1) (9,19,9,1) (13,9,10,1) (22,27,8,1) 
(29,23,12,1) (7,4,3,1) (1,4,8,1) (10,17,7,1) (0,9,6,1) (14,27,13,1) (22,27,4,1) (22,4,18,1) (2,20,15,1) (14,26,9,1) (15,18,5,1) (19,11,5,1) (6,29,5,1) (6,19,3,1) (2,4,4,1) (19,17,16,1) 
(18,21,5,1) (24,26,12,1) (2,23,10,1) (14,7,13,1) (9,26,14,1) (2,11,9,1) (25,7,11,1) (23,24,21,1) (20,25,16,1) (11,4,14,1) (0,9,10,1) (0,28,13,1) (10,5,14,1) (14,5,11,1) (9,1,14,1) (13,8,5,1) 
(6,7,9,1) (11,1,3,1) (11,18,3,1) (5,12,10,1) (4,20,12,1) (11,21,9,1) (6,23,9,1) (17,26,8,1) (15,25,9,1) (10,9,14,1) (10,11,10,1) (27,23,7,1) (7,25,5,1) (23,14,12,1) (8,14,6,1) (29,11,16,1) 
(29,13,15,1) (5,10,7,1) (17,13,17,1) (25,9,10,1) (18,1,12,1) (8,3,14,1) (17,14,2,1) (26,1,14,1) (21,13,10,1) (5,15,9,1) (7,5,4,1) (16,19,18,1) (3,14,2,1) (1,15,6,1) (27,15,13,1) (24,23,9,1) 
(5,3,11,1) (5,25,15,1) (4,11,8,1) (24,10,10,1) (1,24,8,1) (0,25,17,1) (21,10,10,1) (21,15,18,1) (7,2,8,1) (24,14,7,1) (12,26,13,1) (11,18,7,1) (4,10,11,1) (12,18,11,1) (11,24,12,1) (9,16,10,1) 
(17,19,11,1) (10,20,12,1) (8,17,9,1) (11,18,17,1) (27,6,12,1) (23,3,13,1) (13,10,4,1) (13,16,15,1) (4,13,7,1) (6,9,17,1) (18,8,8,1) (12,2,12,1) (23,15,7,1) (23,26,8,1) (25,17,17,1) (24,17,13,1) 
(9,21,18,1) (17,7,11,1) (8,24,9,1) (2,25,13,1) (20,24,10,1) (23,12,13,1) (19,28,9,1) (21,4,12,1) (10,21,19,1) (23,11,13,1) (2,15,13,1) (8,13,14,1) (2,26,18,1) (11,12,3,1) (18,6,11,1) (22,4,8,1) 
(6,26,17,1) (16,24,21,1) (8,5,15,1) (5,20,5,1) (21,7,11,1) (2,9,16,1) (15,22,15,1) (1,3,11,1) (11,23,10,1) (19,23,2,1) (12,5,17,1) (4,20,12,1) (20,2,9,1) (1,2,11,1) (10,11,16,1) (1,26,10,1) 
(22,11,10,1) (25,7,2,1) (5,22,2,1) (19,16,11,1) (5,8,15,1) (22,13,17,1) (19,22,2,1) (15,21,6,1) (19,26,13,1) (28,5,12,1) (14,22,18,1) (29,0,15,1) (15,12,15,1) (6,29,19,1) (13,27,3,1) (23,2,25,1) 
(25,29,14,1) (16,3,16,1) (1,25,12,1) (10,28,4,1) (12,8,7,1) (27,3,6,1) (4,7,13,1) (15,13,4,1) (13,8,16,1) (6,16,4,1) (10,12,11,1) (7,21,14,1) (13,1,9,1) (7,6,9,1) (21,1,10,1) (23,28,7,1) 
(1,3,10,1) (16,24,7,1) (20,1,6,1) (19,11,12,1) (29,5,12,1) (20,5,16,1) (29,7,11,1) (5,21,5,1) (13,6,3,1) (19,17,11,1) (5,18,8,1) (14,8,14,1) (12,26,8,1) (15,12,8,1) (5,17,13,1) (21,1,1,1) 
(2,1,20,1) (28,20,13,1) (0,27,11,1) (28,5,17,1) (8,16,9,1) (9,19,9,1) (1,5,16,1) (28,2,9,1) (15,28,16,1) (25,27,10,1) (27,5,5,1) (15,16,22,1) (25,8,3,1) (0,13,9,1) (25,12,14,1) (29,14,6,1) 
(1,25,10,1) (14,7,14,1) (27,29,11,1) (15,29,9,1) (12,22,4,1) (14,12,7,1) (0,22,12,1) (21,17,11,1) (16,9,14,1) (17,27,7,1) (6,3,8,1) (2,11,3,1) (21,0,12,1) (7,12,14,1) (15,13,9,1) (14,8,9,1) 
(11,17,16,1) (7,24,20,1) (29,6,12,1) (4,2,9,1) (20,8,3,1) (13,17,10,1) (18,27,6,1) (16,21,8,1) (0,13,9,1) (7,4,9,1) (7,23,11,1) (16,14,9,1) (19,13,13,1) (0,16,9,1) (16,1,15,1) (11,5,5,1) 
(0,13,17,1) (24,11,12,1) (7,4,21,1) (22,17,5,1) (18,10,18,1) (6,12,21,1) (2,22,17,1) (27,12,10,1) (26,22,8,1) (7,9,15,1) (5,25,17,1) (8,13,14,1) (8,21,13,1) (7,8,13,1) (1,9,10,1) (23,28,4,1) 
(10,17,7,1) (7,12,11,1) (23,7,14,1) (17,13,4,1) (9,18,2,1) (18,16,10,1) (18,17,15,1) (15,9,5,1) (12,17,4,1) (5,23,12,1) (18,19,9,1) (3,19,11,1) (9,24,15,1) (10,6,2,1) (23,3,6,1) (12,0,13,1) 
(7,28,18,1) (5,24,8,1) (3,6,12,1) (26,19,11,1) (3,7,9,1) (25,24,11,1) (28,29,6,1) (11,14,22,1) (0,7,4,1) (16,0,9,1) (12,28,6,1) (11,7,15,1) (22,27,3,1) (7,6,11,1) (28,19,11,1) (20,10,4,1) 
(26,27,14,1) (4,0,8,1) (8,22,12,1) (20,8,7,1) (14,25,16,1) (28,18,21,1) (23,13,8,1) (26,13,3,1) (9,3,6,1) (8,12,11,1) (12,25,9,1) (29,25,9,1) (26,20,12,1) (0,25,13,1) (22,3,8,1) (3,17,4,1) 
(13,8,8,1) (19,20,10,1) (3,21,15,1) (6,0,18,1) (16,14,13,1) (7,22,16,1) (24,13,3,1) (13,7,15,1) (26,11,15,1) (22,1,7,1) (5,20,4,1) (6,5,13,1) (3,18,8,1) (24,4,17,1) (10,14,9,1) (29,24,7,1) 
(19,14,7,1) (5,29,21,1) (29,19,12,1) (24,27,8,1) (18,6,8,1) (1,2,9,1) (19,2,3,1) (5,16,10,1) (3,28,8,1) (21,28,18,1) (21,19,14,1) (6,20,5,1) (14,18,15,1) (25,29,6,1) (15,12,21,1) (16,18,4,1) 
(8,9,14,1) (24,9,8,1) (15,2,10,1) (1,0,10,1) (6,10,9,1) (9,16,9,1) (26,21,2,1) (29,13,14,1) (18,11,11,1) (16,23,5,1) (10,23,8,1) (17,10,15,1) (16,14,11,1) (20,27,10,1) (20,1,7,1) (17,15,9,1) 
(27,25,19,1) (23,6,20,1) (1,25,10,1) (7,11,6,1) (10,14,15,1) (16,2,11,1) (20,28,16,1) (8,5,4,1) (14,13,12,1) (18,2,17,1) (6,5,10,1) (17,29,10,1) (23,15,4,1) (22,4,15,1) (3,29,29,1) (9,29,14,1) 
(14,24,3,1) (1,9,10,1) (17,7,3,1) (8,15,7,1) (18,15,17,1) (13,0,11,1) (3,28,15,1) (18,7,10,1) (22,2,14,1) (26,0,13,1) (29,2,9,1) (10,0,17,1) (25,9,14,1) (18,24,13,1) (9,22,4,1) (28,25,5,1) 
(22,19,10,1) (15,27,12,1) (18,10,15,1) (8,25,1,1) (27,13,14,1) (5,23,1,1) (14,8,15,1) (20,10,9,1) (13,21,11,1) (18,6,6,1) (12,4,22,1) (22,12,8,1) (10,23,5,1) (11,29,1,1) (9,24,8,1) (10,6,18,1) 
(0,3,14,1) (27,11,15,1) (12,22,6,1) (22,6,4,1) (17,26,14,1) (12,26,13,1) (3,11,9,1) (17,25,12,1) (9,5,15,1) (1,24,9,1) (19,13,10,1) (27,13,6,1) (28,29,13,1) (0,25,9,1) (1,26,5,1) (22,27,21,1) 
(18,8,6,1) (19,0,9,1) (17,11,8,1) (14,7,14,1) (24,11,12,1) (7,29,9,1) (0,1,17,1) (6,22,16,1) (12,28,15,1) (3,6,17,1) (19,28,21,1) (0,6,6,1) (24,3,9,1) (23,26,2,1) (18,10,6,1) (15,12,14,1) 
(3,24,11,1) (20,23,11,1) (23,8,13,1) (10,16,13,1) (14,6,13,1) (28,14,7,1) (13,0,9,1) (23,2,9,1) (19,8,9,1) (15,22,17,1) (26,24,9,1) (28,9,9,1) (1,0,12,1) (6,11,21,1) (22,21,8,1) (19,16,11,1) 
(3,8,12,1) (20,14,16,1) (25,26,12,1) (11,25,9,1) (17,9,4,1) (5,29,5,1) (21,12,10,1) (2,4,10,1) (27,12,9,1) (0,20,20,1) (25,22,13,1) (23,6,14,1) (18,0,7,1) (26,21,16,1) (6,20,10,1) (13,1,11,1) 