(4,5,8,1) (10,28,10,1) (3,17,4,1) (29,19,8,1) (19,11,10,1) (19,18,17,1) (27,0,14,1) (10,19,8,1) (26,19,17,1) (14,27,8,1) (22,2,8,1) (13,16,4,1) (15,26,15,1) (23,15,14,1) (1,28,17,1) (25,3,20,1) (9,3,8,1) (8,14,3,1) (6,14,6,1) 
(19,14,20,1) (29,22,15,1) (24,12,3,1) (14,22,15,1) (20,17,7,1) (28,6,9,1) (10,24,10,1) (22,3,14,1) (27,21,13,1) (9,6,9,1) (26,12,2,1) (24,1,13,1) (29,23,16,1) (29,17,6,1) (6,14,11,1) (18,14,4,1) (16,27,13,1) (26,22,13,1) (17,11,14,1) 
(7,26,6,1) (22,11,9,1) (12,16,6,1) (3,2,16,1) (1,29,11,1) (2,6,7,1) (16,25,19,1) (11,18,6,1) (5,4,9,1) (23,13,15,1) (27,23,17,1) (19,29,1,1) (14,18,5,1) (7,27,9,1) (15,20,12,1) (25,27,9,1) (20,23,17,1) (18,17,10,1) (7,20,2,1) 
(4,23,10,1) (2,10,15,1) (2,1,11,1) (27,25,8,1) (5,28,9,1) (5,2,8,1) (4,3,7,1) (18,19,3,1) (17,16,15,1) (7,2,16,1) (18,26,14,1) (8,18,11,1) (20,4,10,1) (14,26,5,1) (29,0,12,1) (16,27,11,1) (3,17,14,1) (4,6,16,1) (12,16,2,1) 
(5,16,14,1) (6,29,6,1) (20,13,12,1) (13,11,3,1) (27,13,5,1) (13,26,10,1) (12,6,13,1) (4,2,13,1) (1,14,12,1) (12,7,8,1) (14,8,8,1) (26,25,20,1) (18,27,14,1) (15,24,12,1) (18,14,8,1) (26,7,10,1) (3,19,9,1) (18,15,7,1) (19,11,21,1) 
(9,28,14,1) (14,17,7,1) (20,24,14,1) (6,13,3,1) (24,1,12,1) (3,28,7,1) (2,24,23,1) (0,14,8,1) (10,29,6,1) (7,10,5,1) (15,3,8,1) (4,28,5,1) (9,11,3,1) (14,23,18,1) (19,28,16,1) (1,28,13,1) (14,9,15,1) (21,3,7,1) (1,4,12,1) 
(26,5,15,1) (4,22,5,1) (13,26,10,1) (22,14,11,1) (23,25,18,1) (14,15,13,1) (0,2,10,1) (25,12,15,1) (17,4,6,1) (2,3,20,1) (0,22,9,1) (13,25,18,1) (16,20,10,1) (22,6,11,1) (8,4,13,1) (8,27,3,1) (22,24,7,1) (19,17,8,1) (13,22,9,1) 
(15,11,13,1) (20,25,10,1) (3,12,7,1) (24,18,13,1) (4,22,5,1) (23,29,9,1) (4,21,15,1) (11,16,17,1) (22,28,18,1) (29,25,11,1) (8,7,9,1) (12,14,9,1) (13,11,15,1) (23,4,9,1) (22,23,13,1) (28,0,16,1) (20,27,19,1) (13,1,11,1) (20,26,10,1) 
(16,12,18,1) (14,6,10,1) (13,21,11,1) (4,14,18,1) (5,27,7,1) (21,11,9,1) (28,5,9,1) (1,15,8,1) (24,27,15,1) (21,10,10,1) (11,4,12,1) (2,0,12,1) (16,20,13,1) (16,3,15,1) (29,17,10,1) (0,9,6,1) (23,16,8,1) (29,19,12,1) (25,20,12,1) 
(29,22,15,1) (0,8,12,1) (23,24,2,1) (25,20,20,1) (8,29,19,1) (0,20,6,1) (12,28,8,1) (12,23,9,1) (0,6,15,1) (4,6,10,1) (29,10,1,1) (28,16,13,1) (0,5,15,1) (9,1,7,1) (2,7,10,1) (26,2,13,1) (23,19,7,1) (24,5,9,1) (22,4,9,1) 
(17,0,10,1) (19,8,8,1) (29,0,25,1) (11,21,22,1) (21,22,10,1) (2,26,21,1) (2,5,17,1) (4,28,12,1) (20,5,9,1) (22,19,8,1) (29,6,5,1) (7,28,8,1) (20,27,6,1) (2,12,13,1) (29,24,6,1) (2,28,14,1) (24,9,14,1) (29,19,4,1) (7,4,13,1) 
(26,9,7,1) (0,8,7,1) (19,21,15,1) (11,0,19,1) (6,5,13,1) (15,0,10,1) (26,15,17,1) (29,21,9,1) (27,19,10,1) (4,25,3,1) (14,16,10,1) (0,29,8,1) (9,22,15,1) (7,13,8,1) (26,21,13,1) (3,11,5,1) (11,20,10,1) (9,0,24,1) (14,2,2,1) 
(20,9,16,1) (1,16,6,1) (22,13,17,1) (16,5,11,1) (17,21,17,1) (26,5,7,1) (7,14,8,1) (3,13,3,1) (12,20,7,1) (19,26,8,1) (28,12,3,1) (22,0,12,1) (14,6,11,1) (24,26,9,1) (14,23,8,1) (26,13,11,1) (4,25,13,1) (7,21,12,1) (20,2,7,1) 
(6,15,13,1) (17,4,11,1) (28,3,13,1) (8,18,8,1) (16,22,2,1) (12,4,12,1) (9,15,3,1) (11,24,16,1) (5,12,15,1) (23,18,15,1) (22,17,15,1) (1,20,9,1) (24,0,15,1) (27,26,8,1) (4,3,8,1) (0,7,12,1) (6,9,18,1) (13,17,10,1) (24,5,4,1) 
(20,1,7,1) (9,18,17,1) (10,17,10,1) (25,15,7,1) (28,26,6,1) (19,13,24,1) (1,18,7,1) (7,13,6,1) (14,0,16,1) (10,12,9,1) (24,8,9,1) (7,8,10,1) (10,20,14,1) (8,18,6,1) (13,15,15,1) (2,4,16,1) (3,22,2,1) (0,25,9,1) (24,10,6,1) 
(16,26,2,1) (10,8,5,1) (24,0,10,1) (0,22,15,1) (3,5,16,1) (17,11,6,1) (7,4,14,1) (12,21,11,1) (6,3,8,1) (3,13,2,1) (0,18,20,1) (19,14,9,1) (14,26,12,1) (8,29,14,1) (3,9,7,1) (22,1,12,1) (13,16,14,1) (22,2,8,1) (8,5,16,1) 
(8,25,9,1) (20,7,14,1) (23,16,4,1) (11,25,10,1) (12,23,7,1) (14,5,15,1) (8,10,6,1) (1,19,16,1) (22,1,13,1) (7,8,4,1) (8,21,8,1) (29,13,5,1) (23,21,9,1) (25,7,15,1) (22,29,9,1) (27,22,11,1) (20,26,7,1) (3,27,5,1) (25,2,16,1) 
(23,14,18,1) (3,1,14,1) (26,19,17,1) (18,1,13,1) (13,8,9,1) (5,13,12,1) (0,19,15,1) (25,22,5,1) (15,18,12,1) (21,24,11,1) (2,22,7,1) (4,18,13,1) (19,2,12,1) (7,16,14,1) (3,22,8,1) (27,28,15,1) (15,7,16,1) (21,6,8,1) (21,20,5,1) 
(20,11,12,1) (3,21,14,1) (11,21,6,1) (12,29,7,1) (22,28,13,1) (9,13,6,1) (20,28,9,1) (27,11,15,1) (27,0,14,1) (11,16,16,1) (7,2,7,1) (0,22,11,1) (8,11,10,1) (5,10,12,1) (18,5,11,1) (18,17,17,1) (24,26,14,1) (29,9,8,1) (25,2,8,1) 
(25,20,6,1) (12,21,7,1) (26,29,1,1) (13,10,1,1) (15,22,12,1) (21,14,9,1) (22,6,7,1) (4,28,15,1) (21,28,1,1) (0,25,10,1) (29,23,14,1) (10,5,15,1) (13,19,10,1) (8,7,15,1) (11,0,15,1) (26,28,13,1) (1,21,8,1) (3,26,15,1) (2,18,4,1) 
(16,12,11,1) (27,4,7,1) (1,6,3,1) (29,8,6,1) (26,10,10,1) (15,6,12,1) (11,0,18,1) (27,9,10,1) (1,7,7,1) (10,23,12,1) (6,10,13,1) (26,20,6,1) (6,0,16,1) (12,29,8,1) (7,5,17,1) (4,16,5,1) (18,23,12,1) (21,13,7,1) (24,20,17,1) 
(5,26,9,1) (1,12,20,1) (9,28,5,1) (9,10,14,1) (15,3,1,1) (19,1,4,1) (13,6,12,1) (9,4,15,1) (24,25,17,1) (14,24,10,1) (5,18,8,1) (18,8,12,1) (6,20,8,1) (20,4,5,1) (4,0,5,1) (5,15,15,1) (8,25,16,1) (28,25,19,1) (20,8,15,1) 
(26,24,12,1) (21,23,5,1) (25,17,9,1) (4,9,4,1) (26,1,8,1) (20,11,10,1) (12,24,9,1) (26,21,19,1) (21,6,7,1) (18,0,8,1) (3,4,21,1) (15,28,12,1) (28,6,8,1) (10,8,10,1) (19,16,7,1) (16,5,15,1) (21,17,14,1) (22,25,26,1) (1,25,14,1) 
(3,16,22,1) (8,17,9,1) (20,12,8,1) (7,13,10,1) (24,26,6,1) (28,14,6,1) (10,25,8,1) (25,0,14,1) (24,13,10,1) (5,28,8,1) (27,29,6,1) (3,5,3,1) (16,21,10,1) (7,10,6,1) (20,15,5,1) (26,1,10,1) (26,13,10,1) (9,14,10,1) (25,13,5,1) 
(12,7,11,1) (27,9,7,1) (19,4,20,1) (28,26,5,1) (13,22,5,1) (13,18,10,1) (21,24,6,1) (29,16,5,1) (29,17,15,1) (16,1,12,1) (6,12,6,1) (18,16,5,1) (16,11,8,1) (20,8,3,1) (15,10,11,1) (12,13,15,1) (10,2,3,1) (8,5,11,1) (14,3,10,1) 
(5,15,5,1) (2,4,11,1) (19,4,12,1) (0,14,8,1) (19,23,9,1) (11,3,19,1) (3,26,7,1) (29,3,8,1) (18,0,7,1) (6,17,10,1) (20,15,12,1) (9,28,10,1) (9,16,19,1) (20,7,4,1) (2,1,14,1) (7,0,11,1) (4,24,5,1) (22,9,10,1) (19,15,13,1) 
(5,4,9,1) (21,20,16,1) (18,7,10,1) (2,10,9,1) (22,14,13,1) (11,15,9,1) (21,2,12,1) (24,22,13,1) (24,25,11,1) (20,2,8,1) (16,20,12,1) (24,1,15,1) (9,13,13,1) (18,20,11,1) (22,19,5,1) (26,11,11,1) (9,17,6,1) (16,19,14,1) (0,1,13,1) 
(0,19,11,1) (27,28,18,1) (6,10,10,1) (28,13,11,1) (18,15,17,1) (23,6,12,1) (10,9,7,1) (3,4,4,1) (25,9,11,1) (8,0,12,1) (18,4,9,1) (21,5,15,1) (9,18,5,1) (15,10,9,1) (21,18,14,1) (4,28,5,1) (28,8,21,1) (26,27,12,1) (12,0,14,1) 
(8,18,6,1) (21,8,16,1) (25,19,1,1) (23,10,18,1) (23,4,13,1) (10,21,11,1) (29,11,18,1) (17,8,7,1) (17,24,8,1) (6,0,21,1) (26,6,11,1) (8,13,9,1) (1,8,14,1) (24,26,12,1) (29,0,15,1) (2,0,17,1) (13,0,11,1) (2,3,11,1) (24,21,7,1) 
(8,24,1,1) (12,15,11,1) (13,18,6,1) (16,10,17,1) (16,17,11,1) (13,22,15,1) (20,8,14,1) (18,21,8,1) (26,16,9,1) (9,28,1,1) (0,21,7,1) (10,6,11,1) (10,28,7,1) (21,5,11,1) (26,12,9,1) (9,21,16,1) (11,25,18,1) (27,4,11,1) (27,10,12,1) 
(7,15,19,1) (9,25,19,1) (8,16,14,1) (11,24,14,1) (19,28,11,1) (1,12,7,1) (8,11,8,1) (22,13,16,1) (27,6,21,1) (17,3,19,1) (29,9,6,1) (11,1,12,1) (23,0,12,1) (10,12,8,1) (19,15,9,1) (21,8,10,1) (10,26,11,1) (22,3,15,1) (13,7,3,1) 
(6,20,11,1) (24,15,6,1) (18,10,14,1) (25,22,7,1) (18,21,15,1) (29,16,14,1) (13,14,11,1) (24,13,8,1) (10,11,16,1) (17,29,8,1) (0,22,9,1) (26,25,6,1) (5,0,10,1) (28,7,8,1) (29,21,13,1) (16,14,2,1) (26,14,2,1) (7,21,10,1) (11,17,17,1) 
(3,26,6,1) (20,27,8,1) (29,8,3,1) (18,4,6,1) (9,20,17,1) (21,24,12,1) (25,13,18,1) (4,6,10,1) (24,13,11,1) (22,11,7,1) (1,3,6,1) (21,4,8,1) (22,21,1,1) (19,7,11,1) (29,14,11,1) (2,16,9,1) (13,11,3,1) (19,27,17,1) (28,3,3,1) 
(18,21,9,1) (4,21,12,1) (17,18,16,1) (25,2,17,1) (0,7,19,1) (0,21,12,1) (13,7,2,1) (1,4,11,1) (27,12,6,1) (27,13,12,1) (14,8,11,1) (11,26,20,1) (27,22,11,1) (2,19,6,1) (1,8,3,1) (17,0,11,1) (3,1,14,1) (10,6,12,1) (26,18,14,1) 
(14,22,10,1) (13,24,10,1) (6,18,14,1) (26,16,10,1) (23,22,7,1) (23,18,14,1) (18,20,7,1) (15,19,8,1) (13,0,9,1) (8,25,14,1) (17,24,18,1) (7,17,18,1) (13,25,12,1) (10,5,16,1) (3,28,12,1) (25,2,8,1) (17,27,16,1) (11,24,11,1) (21,26,11,1) 
(20,3,15,1) (15,29,11,1) (7,25,15,1) (25,1,4,1) (17,15,6,1) (10,20,2,1) (22,10,10,1) (12,0,13,1) (12,16,17,1) (7,5,16,1) (2,12,12,1) (20,22,2,1) (28,26,12,1) (11,18,12,1) (28,2,15,1) (9,5,9,1) (29,14,12,1) (22,25,8,1) (3,6,10,1) 
(13,2,10,1) (1,24,17,1) (21,28,11,1) (6,18,15,1) (6,10,9,1) (4,23,9,1) (25,21,11,1) (14,9,13,1) (26,27,11,1) (4,14,17,1) (0,9,6,1) (23,10,12,1) (16,4,8,1) (6,5,11,1) (15,29,9,1) (3,7,14,1) (3,21,7,1) (3,24,11,1) (15,22,21,1) 
(24,4,10,1) (20,0,16,1) (0,8,12,1) (6,28,7,1) (14,2,6,1) (4,25,13,1) (24,18,11,1) (18,29,8,1) (10,7,21,1) (1,8,11,1) (14,27,10,1) (3,6,19,1) (13,9,7,1) (6,7,5,1) (18,10,23,1) (28,19,3,1) (15,20,8,1) (17,25,5,1) (9,26,8,1) 
(11,22,5,1) (23,17,15,1) (3,4,13,1) (4,5,9,1) (20,18,12,1) (15,10,23,1) (10,25,13,1) (3,26,13,1) (8,25,14,1) (6,26,12,1) (29,6,6,1) (2,25,10,1) (28,27,11,1) (23,11,8,1) (29,12,15,1) (1,8,13,1) (15,14,1,1) (26,10,17,1) (27,7,14,1) 
(2,22,11,1) (1,18,22,1) (13,11,12,1) (25,5,11,1) (0,24,18,1) (26,6,15,1) (9,14,15,1) (21,14,12,1) (4,25,6,1) (17,1,11,1) (13,28,7,1) (12,11,12,1) (11,29,13,1) (17,0,15,1) (23,19,5,1) (28,29,16,1) (10,18,4,1) (24,17,5,1) (4,8,7,1) 
(4,29,12,1) (7,27,1,1) (18,19,10,1) (13,16,14,1) (12,27,20,1) (26,5,15,1) (11,22,12,1) (16,27,12,1) (1,13,14,1) (5,17,5,1) (14,11,4,1) (7,3,7,1) (6,10,18,1) (23,20,6,1) (24,6,7,1) (26,18,9,1) (10,8,4,1) (10,16,11,1) (5,12,7,1) 
(18,29,16,1) (24,12,5,1) (21,4,9,1) (10,20,6,1) (1,14,6,1) (18,15,7,1) (8,22,4,1) (25,19,7,1) (4,29,9,1) (5,13,9,1) (24,4,18,1) (26,19,12,1) (8,23,15,1) (7,6,11,1) (17,27,3,1) (10,23,7,1) (15,25,5,1) (18,5,5,1) (19,1,9,1) 
(12,29,9,1) (6,7,12,1) (9,27,6,1) (15,5,21,1) (27,22,13,1) (0,5,12,1) (12,21,22,1) (24,1,12,1) (6,11,18,1) (3,10,12,1) (7,27,7,1) (4,10,14,1) (0,10,7,1) (9,11,12,1) (9,15,10,1) (12,6,15,1) (27,18,9,1) (28,15,7,1) (1,27,16,1) 
(23,26,10,1) (28,9,7,1) (6,20,14,1) (12,25,13,1) (27,11,6,1) (12,1,15,1) (6,5,7,1) (8,9,7,1) (29,5,10,1) (9,16,7,1) (13,3,8,1) (6,8,10,1) (4,22,4,1) (10,17,9,1) (29,28,3,1) (28,4,5,1) (24,8,6,1) (6,15,13,1) (4,0,16,1) 
(20,3,15,1) (3,5,8,1) (29,1,12,1) (0,9,6,1) (0,21,12,1) (8,13,15,1) (19,9,8,1) (5,28,12,1) (10,12,3,1) (27,12,7,1) (18,28,14,1) (11,7,18,1) (7,15,10,1) (4,19,12,1) (14,23,21,1) (5,11,13,1) (26,13,6,1) (16,17,11,1) (20,18,16,1) 
(13,11,8,1) (23,19,12,1) (8,22,3,1) (20,22,9,1) (7,8,12,1) (2,18,18,1) (16,13,4,1) (9,13,11,1) (5,0,21,1) (6,25,6,1) (26,19,7,1) (3,24,16,1) (1,22,16,1) (9,11,7,1) (24,27,16,1) (2,26,9,1) (19,11,8,1) (7,1,15,1) (15,26,16,1) 
(23,25,13,1) (29,28,18,1) (3,4,18,1) (15,14,10,1) (11,24,11,1) (23,1,12,1) (24,2,10,1) (11,29,10,1) (3,7,12,1) (17,25,11,1) (15,27,5,1) (9,29,9,1) (19,10,6,1) (16,22,12,1) (28,6,10,1) (24,17,5,1) (26,6,15,1) (1,0,15,1) (8,13,14,1) 
(28,6,7,1) (11,4,3,1) (8,0,9,1) (19,28,6,1) (6,0,12,1) (23,13,12,1) (19,4,16,1) (2,17,18,1) (12,29,13,1) (29,11,9,1) (22,14,3,1) (28,20,12,1) (14,23,9,1) (16,24,15,1) (28,14,9,1) (10,29,9,1) (1,10,11,1) (25,1,17,1) (19,1,11,1) 
(25,22,9,1) (16,20,5,1) (8,3,11,1) (14,29,5,1) (8,21,13,1) (3,18,10,1) (4,23,8,1) (8,22,9,1) (18,15,17,1) (3,29,3,1) (24,3,6,1) (23,12,3,1) (18,2,8,1) (5,16,2,1) (0,2,5,1) (9,16,12,1) (9,25,3,1) (25,14,12,1) (15,24,1,1) 
(12,18,18,1) (22,23,4,1) (7,16,14,1) (9,27,10,1) (8,21,14,1) (9,12,5,1) (27,2,17,1) (25,1,4,1) (26,13,10,1) (7,28,1,1) (11,6,9,1) (10,8,16,1) (22,28,15,1) (19,10,11,1) (26,20,13,1) (5,3,12,1) (13,24,8,1) (17,19,11,1) (22,19,2,1) 
(23,29,4,1) (29,12,14,1) (15,22,14,1) (22,10,10,1) (23,19,12,1) (22,4,10,1) (22,8,11,1) (3,4,13,1) (25,0,14,1) (0,1,9,1) (9,7,10,1) (9,10,4,1) (2,9,9,1) (1,14,5,1) (2,3,12,1) (13,21,5,1) (9,17,4,1) (5,14,8,1) (3,9,11,1) 
(16,28,1,1) (10,6,7,1) (22,3,20,1) (3,6,8,1) (4,11,14,1) (10,25,7,1) (10,24,10,1) (11,7,13,1) (14,4,9,1) (27,21,11,1) (29,14,12,1) (23,7,5,1) (17,28,17,1) (14,8,17,1) (0,22,10,1) (0,21,6,1) (25,15,13,1) (5,2,7,1) (11,14,22,1) 
(15,29,13,1) (8,2,6,1) (12,2,4,1) (13,2,16,1) (17,28,16,1) (3,4,11,1) (7,11,12,1) (29,27,12,1) (4,1,11,1) (18,3,14,1) (24,23,15,1) (13,5,7,1) (23,26,11,1) (18,22,13,1) (22,0,10,1) (23,1,8,1) (14,1,10,1) (26,6,6,1) (22,20,8,1) 
(6,29,19,1) (4,17,8,1) (13,1,10,1) (2,3,10,1) (21,8,7,1) (13,26,2,1) (7,4,10,1) (26,3,13,1) (6,5,14,1) (0,11,17,1) (18,2,14,1) (17,8,11,1) (4,0,2,1) (8,2,10,1) (17,25,4,1) (8,25,7,1) (21,28,5,1) (13,20,10,1) (22,18,11,1) 
(9,29,2,1) (1,12,5,1) (2,25,13,1) (14,12,5,1) (6,20,12,1) (3,21,14,1) (1,2,13,1) (10,26,13,1) (2,5,11,1) (12,8,11,1) (7,16,10,1) (15,14,2,1) (29,25,14,1) (1,21,12,1) (23,22,7,1) (1,14,10,1) (4,28,14,1) (26,2,7,1) (19,27,5,1) 
(18,27,6,1) (7,23,10,1) (18,25,3,1) (22,5,8,1) (6,20,7,1) (12,21,15,1) (18,6,12,1) (23,25,4,1) (11,14,12,1) (9,17,15,1) (10,29,9,1) (7,2,6,1) (4,6,6,1) (19,11,13,1) (10,16,7,1) (24,26,12,1) (2,25,11,1) (10,24,4,1) (16,12,5,1) 
(4,27,12,1) (28,1,17,1) (22,29,9,1) (28,9,17,1) (14,7,16,1) (3,4,4,1) (10,4,14,1) (1,24,13,1) (15,23,5,1) (12,11,4,1) (8,20,6,1) (11,3,16,1) (25,15,10,1) (22,8,4,1) (6,20,11,1) (1,13,10,1) (5,15,16,1) (14,19,9,1) (11,17,11,1) 
(24,28,7,1) (22,21,3,1) (14,18,4,1) (15,24,10,1) (25,18,7,1) (12,8,2,1) (18,1,23,1) (15,29,14,1) (22,24,11,1) (17,13,5,1) (29,8,9,1) (7,21,16,1) (11,27,15,1) (12,9,8,1) (9,22,24,1) (13,16,4,1) (23,21,2,1) (6,23,13,1) (26,3,7,1) 
(29,25,10,1) (22,20,13,1) (14,27,11,1) (20,13,17,1) (21,0,9,1) (4,21,18,1) (8,18,13,1) (12,11,7,1) (18,12,8,1) (2,22,12,1) (14,28,14,1) (15,3,11,1) (22,3,8,1) (12,26,14,1) (10,11,17,1) (27,11,12,1) (1,21,14,1) (9,19,15,1) (14,7,5,1) 
(4,6,16,1) (28,16,11,1) (13,4,10,1) (6,18,10,1) (3,24,14,1) (12,16,11,1) (3,13,17,1) (13,6,17,1) (27,23,3,1) (5,23,6,1) (2,27,18,1) (13,24,12,1) (26,7,4,1) (21,6,13,1) (17,9,6,1) (27,1,9,1) (3,4,18,1) (10,9,5,1) (14,7,18,1) 
(6,24,20,1) (28,9,14,1) (13,18,16,1) (25,3,14,1) (22,24,14,1) (11,10,10,1) (13,27,19,1) (9,11,9,1) (24,7,13,1) (26,15,14,1) (20,27,14,1) (16,28,13,1) (1,20,19,1) (14,28,11,1) (14,3,6,1) (29,14,10,1) (6,7,7,1) (15,11,16,1) (1,16,10,1) 
(20,11,12,1) (21,14,2,1) (3,5,15,1) (2,7,13,1) (11,23,5,1) (5,20,6,1) (7,1,5,1) (18,12,13,1) (1,4,12,1) (8,15,9,1) (24,23,10,1) (29,13,7,1) (11,2,1,1) (29,10,8,1) (28,20,20,1) (15,2,5,1) (23,14,13,1) (12,19,16,1) (26,3,13,1) 
(26,19,11,1) (12,0,11,1) (22,26,8,1) (16,21,5,1) (11,14,15,1) (8,29,6,1) (24,22,12,1) (14,21,6,1) (8,19,11,1) (22,28,12,1) (27,14,13,1) (5,29,4,1) (21,18,5,1) (0,25,12,1) (14,6,16,1) (14,4,11,1) (27,25,7,1) (18,3,18,1) (7,3,6,1) 
(24,28,5,1) (10,25,6,1) (29,21,16,1) (28,18,6,1) (24,10,6,1) (12,19,13,1) (7,5,16,1) (2,5,11,1) (28,8,8,1) (17,29,12,1) (7,8,6,1) (24,27,17,1) (29,24,12,1) (23,16,17,1) (1,27,16,1) (19,22,10,1) (13,29,12,1) (2,13,10,1) (28,14,13,1) 
(11,7,8,1) (18,5,12,1) (27,14,8,1) (12,0,7,1) (23,2,7,1) (6,27,13,1) (10,22,10,1) (1,11,5,1) (18,13,9,1) (27,11,8,1) (3,24,6,1) (11,29,9,1) (11,8,8,1) (28,17,1,1) (21,15,5,1) (26,17,22,1) (17,15,8,1) (27,13,12,1) (28,11,8,1) 
(11,9,7,1) (23,20,7,1) (8,27,20,1) (12,2,12,1) (19,12,10,1) (11,28,6,1) (8,29,1,1) (15,11,4,1) (23,0,8,1) (5,15,12,1) (9,20,1,1) (15,22,12,1) (11,19,23,1) (19,13,17,1) (4,28,14,1) (29,22,3,1) (20,16,6,1) (5,14,10,1) (0,26,13,1) 
(13,17,15,1) (1,12,9,1) (23,1,15,1) (14,24,9,1) (20,8,15,1) (15,24,12,1) (0,4,4,1) (3,15,8,1) (4,28,11,1) (9,13,24,1) (20,11,17,1) (19,14,7,1) (2,25,4,1) (26,13,6,1) (8,13,19,1) (0,21,12,1) (25,9,5,1) (7,16,15,1) (26,0,4,1) 
(20,24,8,1) (15,19,11,1) (10,13,8,1) (20,0,13,1) (5,4,18,1) (9,6,14,1) (13,6,10,1) (0,28,6,1) (27,0,8,1) (18,2,10,1) (26,6,5,1) (23,1,13,1) (7,5,10,1) (16,24,4,1) (22,25,8,1) (19,4,2,1) (10,2,18,1) (9,10,10,1) (13,16,12,1) 
(6,24,8,1) (14,20,4,1) (9,19,14,1) (20,27,2,1) (27,5,10,1) (29,21,9,1) (8,26,12,1) (10,1,6,1) (20,11,8,1) (19,7,7,1) (29,28,9,1) (6,4,17,1) (0,14,8,1) (1,21,14,1) (16,22,5,1) (29,13,7,1) (4,3,14,1) (29,12,14,1) (17,3,2,1) 
(3,12,15,1) (8,7,18,1) (4,20,9,1) (21,4,6,1) (13,9,8,1) (9,27,16,1) (24,9,7,1) (16,0,8,1) (21,17,10,1) (6,23,6,1) (1,8,12,1) (23,9,19,1) (20,12,7,1) (3,18,4,1) (1,17,11,1) (5,1,20,1) (14,16,11,1) (23,13,6,1) (1,0,22,1) 
(13,2,12,1) (22,1,13,1) (0,23,13,1) (3,8,11,1) (25,12,17,1) (11,16,20,1) (9,21,24,1) (19,28,11,1) (8,19,12,1) (29,11,8,1) (9,24,12,1) (9,28,9,1) (13,11,6,1) (21,8,17,1) (3,15,13,1) (15,22,11,1) (24,6,5,1) (18,8,10,1) (20,16,7,1) 
(10,7,8,1) (3,13,8,1) (7,9,9,1) (5,3,7,1) (12,1,16,1) (27,12,14,1) (19,3,6,1) (19,26,7,1) (13,0,20,1) (22,17,16,1) (18,27,14,1) (18,7,8,1) (22,29,10,1) (9,27,11,1) (2,20,16,1) (0,3,7,1) (3,12,20,1) (9,12,13,1) (12,16,12,1) 
(17,3,10,1) (12,8,11,1) (17,28,2,1) (15,7,6,1) (1,28,1,1) (10,16,10,1) (16,24,8,1) (17,16,19,1) (27,4,10,1) (8,22,5,1) (24,21,15,1) (28,8,2,1) (25,29,7,1) (20,25,12,1) (5,13,5,1) (2,22,7,1) (3,25,9,1) (24,4,9,1) (0,27,7,1) 
(8,1,6,1) (17,14,10,1) (21,13,7,1) (24,4,13,1) (12,0,5,1) (25,10,15,1) (27,18,7,1) (25,11,7,1) (28,6,10,1) (27,3,9,1) (23,21,6,1) (18,19,3,1) (2,22,15,1) (19,0,14,1) (0,10,5,1) (14,4,13,1) (19,12,12,1) (21,14,15,1) (22,18,8,1) 
(0,20,2,1) (0,5,13,1) (26,25,16,1) (19,1,8,1) (14,26,11,1) (2,0,10,1) (27,1,10,1) (7,9,11,1) (29,0,14,1) (4,28,4,1) (3,15,9,1) (17,25,14,1) (8,10,12,1) (13,2,12,1) (16,22,13,1) (28,6,9,1) (13,12,9,1) (26,16,12,1) (14,18,5,1) 
(17,5,9,1) (20,29,9,1) (4,1,20,1) (16,21,8,1) (20,10,8,1) (3,2,7,1) (3,28,15,1) (1,14,12,1) (9,23,8,1) (1,23,11,1) (16,27,5,1) (15,11,15,1) (9,25,6,1) (22,21,13,1) (20,28,5,1) (28,12,4,1) (16,12,13,1) (19,18,11,1) (14,25,15,1) 
(22,21,11,1) (29,27,9,1) (10,8,13,1) (21,25,12,1) (2,13,15,1) (0,21,11,1) (13,11,6,1) (16,0,18,1) (29,7,9,1) (5,24,12,1) (20,3,6,1) (23,28,6,1) (7,23,10,1) (7,18,2,1) (20,5,17,1) (18,24,17,1) (11,5,10,1) (15,26,2,1) (24,25,9,1) 
(18,19,18,1) (28,17,8,1) (27,23,7,1) (15,18,15,1) (16,6,7,1) (0,5,4,1) (20,21,7,1) (10,6,9,1) (2,10,15,1) (23,15,12,1) (16,14,12,1) (26,19,4,1) (18,12,12,1) (12,19,6,1) (2,1,11,1) (11,29,9,1) (7,24,13,1) (4,15,10,1) (3,4,13,1) 
(8,21,12,1) (6,0,13,1) (23,1,13,1) (17,28,14,1) (4,15,3,1) (3,14,14,1) (27,11,2,1) (7,17,11,1) (29,22,14,1) (16,24,11,1) (7,27,9,1) (26,9,18,1) (16,3,4,1) (25,16,13,1) (27,1,19,1) (7,21,11,1) (24,10,12,1) (17,23,15,1) (6,26,21,1) 
(25,24,4,1) (23,27,13,1) (28,27,11,1) (0,27,12,1) (0,5,7,1) (3,5,5,1) (8,18,12,1) (7,27,12,1) (14,29,8,1) (11,8,6,1) (22,3,5,1) (28,0,3,1) (22,19,14,1) (2,16,19,1) (10,3,1,1) (5,18,13,1) (9,15,4,1) (25,3,14,1) (6,9,9,1) 
(27,3,14,1) (29,8,20,1) (28,6,10,1) (28,9,11,1) (25,18,14,1) (24,19,16,1) (15,9,3,1) (18,22,8,1) (7,28,1,1) (26,23,17,1) (15,8,16,1) (18,5,15,1) (0,11,11,1) (7,12,6,1) (27,11,12,1) (19,4,5,1) (14,20,15,1) (5,6,3,1) (27,5,14,1) 
(22,2,8,1) (11,13,1,1) (24,22,16,1) (19,16,8,1) (17,10,7,1) (19,15,13,1) (7,12,4,1) (29,10,14,1) (10,18,5,1) (18,13,4,1) (19,1,18,1) (23,25,10,1) (28,24,3,1) (10,11,8,1) (3,19,3,1) (16,7,2,1) (4,18,16,1) (11,9,8,1) (26,14,16,1) 
(0,13,6,1) (15,0,14,1) (6,21,17,1) (29,4,9,1) (13,23,1,1) (21,28,7,1) (22,18,17,1) (21,27,11,1) (18,13,13,1) (8,4,7,1) (9,14,10,1) (22,19,14,1) (12,22,10,1) (2,17,8,1) (16,8,9,1) (16,29,9,1) (26,1,7,1) (16,27,1,1) (16,15,19,1) 
(1,15,7,1) (12,4,4,1) (15,0,7,1) (22,14,21,1) (25,24,12,1) (24,12,14,1) (20,13,1,1) (17,23,18,1) (16,5,14,1) (16,2,14,1) (2,0,14,1) (14,3,17,1) (12,2,10,1) (28,21,7,1) (12,29,10,1) (6,1,20,1) (14,20,8,1) (16,28,17,1) (25,6,13,1) 
(8,26,8,1) (28,14,15,1) (21,19,13,1) (9,3,14,1) (14,9,7,1) (28,8,20,1) (20,9,9,1) (14,23,5,1) (20,15,2,1) (12,18,17,1) (16,13,13,1) (23,9,1,1) (4,12,16,1) (27,23,9,1) (2,19,4,1) (14,22,13,1) (16,9,14,1) (9,7,6,1) (6,14,12,1) 
(1,12,10,1) (19,24,12,1) (29,9,7,1) (1,27,12,1) (10,15,7,1) (22,13,17,1) (7,19,1,1) (5,15,18,1) (12,26,17,1) (1,23,11,1) (9,24,20,1) (1,18,9,1) (16,27,2,1) (20,12,7,1) (13,15,15,1) (26,5,8,1) (25,16,3,1) (22,16,8,1) (3,18,10,1) 
(6,4,10,1) (26,25,14,1) (3,20,8,1) (16,17,15,1) (14,23,16,1) (29,9,17,1) (16,18,15,1) (25,15,7,1) (6,29,13,1) (5,18,8,1) (20,21,3,1) (23,4,4,1) (6,19,2,1) (1,11,11,1) (7,27,10,1) (20,26,11,1) (16,15,6,1) (6,25,10,1) (9,18,6,1) 
(18,9,19,1) (3,21,15,1) (11,26,5,1) (5,21,9,1) (26,9,9,1) (12,0,10,1) (23,26,18,1) (25,12,9,1) (3,8,7,1) (28,10,18,1) (0,19,20,1) (9,7,11,1) (5,10,8,1) (25,14,14,1) (28,29,17,1) (22,27,3,1) (24,19,11,1) (27,25,13,1) (10,23,9,1) 
(1,17,10,1) (21,14,7,1) (27,3,9,1) (8,0,11,1) (5,24,8,1) (1,6,11,1) (12,24,5,1) (25,10,6,1) (21,29,5,1) (11,3,14,1) (12,10,11,1) (26,19,3,1) (13,28,13,1) (15,3,11,1) (2,16,5,1) (2,11,11,1) (8,28,8,1) (24,7,6,1) (10,5,7,1) 
(23,13,18,1) (1,29,2,1) (1,9,9,1) (26,13,15,1) (3,24,17,1) (8,29,11,1) (4,6,14,1) (5,14,7,1) (13,2,8,1) (29,22,8,1) (1,8,15,1) (19,4,10,1) (21,10,8,1) (10,7,3,1) (13,10,1,1) (24,12,14,1) (8,5,5,1) (29,15,13,1) (1,0,16,1) 
(15,1,4,1) (19,1,17,1) (0,14,12,1) (8,1,4,1) (19,23,9,1) (26,7,13,1) (10,8,14,1) (27,29,16,1) (11,8,2,1) (10,14,13,1) (10,0,11,1) (9,16,13,1) (3,9,7,1) (1,0,14,1) (25,16,19,1) (21,3,12,1) (20,27,3,1) (6,15,13,1) (9,24,11,1) 
(27,24,15,1) (17,10,10,1) (2,14,14,1) (7,2,11,1) (9,2,19,1) (9,27,11,1) (8,28,10,1) (27,16,18,1) (17,20,15,1) (14,20,3,1) (14,1,2,1) (1,20,15,1) (21,23,11,1) (22,19,5,1) (1,11,8,1) (29,8,17,1) (13,14,4,1) (29,27,20,1) (16,17,7,1) 
(24,15,15,1) (9,22,16,1) (16,13,1,1) (14,7,9,1) (10,19,20,1) (14,2,3,1) (22,16,16,1) (26,7,11,1) (3,22,16,1) (10,18,17,1) (8,17,7,1) (25,7,10,1) (21,19,11,1) (20,11,7,1) (11,14,5,1) (1,4,19,1) (13,21,9,1) (21,8,5,1) (2,22,7,1) 
(7,4,19,1) (18,19,8,1) (21,25,11,1) (20,14,3,1) (20,23,9,1) (22,3,9,1) (15,6,10,1) (20,25,8,1) (23,3,7,1) (4,13,9,1) (18,28,6,1) (13,15,5,1) (15,4,11,1) (23,24,16,1) (17,23,12,1) (8,1,14,1) (9,25,6,1) (23,11,10,1) (19,4,9,1) 
(25,14,15,1) (26,7,5,1) (2,23,9,1) (23,10,12,1) (6,18,18,1) (26,3,14,1) (17,24,14,1) (16,3,8,1) (20,15,7,1) (16,17,3,1) (1,19,13,1) (21,2,10,1) (3,21,10,1) (19,29,9,1) (17,10,10,1) (4,13,4,1) (0,12,14,1) (29,22,4,1) (7,28,4,1) 
(17,4,3,1) (8,20,15,1) (12,1,10,1) (1,19,4,1) (14,2,7,1) (4,0,6,1) (8,1,10,1) (12,8,10,1) (11,8,7,1) (6,26,13,1) (28,7,1,1) (8,28,11,1) (21,16,8,1) (20,2,11,1) (25,10,13,1) (23,18,8,1) (25,22,4,1) (11,25,10,1) (0,11,1,1) 
(20,6,15,1) (3,18,11,1) (24,29,1,1) (26,21,17,1) (25,2,12,1) (25,1,14,1) (0,5,5,1) (22,15,15,1) (4,17,16,1) (12,6,10,1) (4,22,13,1) (22,17,14,1) (13,17,14,1) (26,0,16,1) (1,11,8,1) (28,10,10,1) (25,26,18,1) (9,25,9,1) (10,4,5,1) 
(26,19,11,1) (16,8,11,1) (24,20,14,1) (8,15,9,1) (25,24,9,1) (23,3,16,1) (21,20,10,1) (12,25,13,1) (1,4,5,1) (26,29,7,1) (10,21,3,1) (4,25,8,1) (29,18,11,1) (6,22,6,1) (19,13,11,1) (3,2,1,1) (5,27,2,1) (5,21,14,1) (27,17,9,1) 
(25,28,12,1) (3,5,3,1) (13,14,11,1) (27,2,14,1) (7,6,6,1) (1,10,21,1) (4,5,13,1) (28,5,9,1) (12,29,5,1) (13,8,5,1) (5,15,14,1) (3,18,15,1) (19,11,14,1) (7,11,14,1) (29,22,9,1) (1,17,11,1) (15,8,13,1) (9,14,8,1) (24,3,13,1) 
(9,17,15,1) (23,1,15,1) (8,5,3,1) (17,1,19,1) (13,11,10,1) (2,25,6,1) (16,1,6,1) (10,22,16,1) (6,4,17,1) (19,16,9,1) (7,16,14,1) (2,26,12,1) (14,16,13,1) (22,12,10,1) (10,4,12,1) (0,17,16,1) (3,24,10,1) (12,10,7,1) (19,3,9,1) 