(7,4,5,1) (23,14,7,1) (16,6,3,1) (29,14,16,1) (4,12,10,1) (18,0,12,1) 
(10,27,11,1) (7,28,16,1) (14,3,8,1) (4,13,7,1) (0,18,10,1) (29,23,15,1) 
(28,12,1,1) (1,7,14,1) (4,29,18,1) (21,14,11,1) (2,25,10,1) (4,2,9,1) 
(23,29,4,1) (2,3,9,1) (11,25,5,1) (21,2,10,1) (11,12,15,1) (18,21,2,1) 
(3,15,13,1) (5,8,6,1) (10,3,15,1) (10,26,10,1) (28,26,20,1) (3,18,20,1) 
(6,5,5,1) (8,3,2,1) (0,29,2,1) (22,16,13,1) (22,24,10,1) (5,28,6,1) 
(14,7,8,1) (28,9,14,1) (14,3,18,1) (28,15,25,1) (13,23,11,1) (4,3,13,1) 
(22,7,1,1) (24,11,14,1) (24,27,12,1) (12,18,14,1) (19,11,3,1) (2,3,14,1) 
(6,10,4,1) (3,13,4,1) (29,11,4,1) (17,20,11,1) (4,11,11,1) (14,28,7,1) 
(0,12,9,1) (28,18,12,1) (21,22,2,1) (28,3,17,1) (26,20,13,1) (18,23,10,1) 
(15,13,8,1) (11,5,17,1) (4,29,9,1) (4,20,10,1) (15,6,9,1) (18,25,11,1) 
(9,11,16,1) (8,12,9,1) (28,11,9,1) (21,5,10,1) (26,6,16,1) (12,27,15,1) 
(11,1,21,1) (3,23,7,1) (13,8,6,1) (2,8,7,1) (29,28,15,1) (13,12,12,1) 
(26,7,6,1) (26,12,6,1) (10,19,2,1) (15,20,11,1) (9,15,14,1) (27,26,17,1) 
(22,28,17,1) (6,0,14,1) (19,27,14,1) (1,9,17,1) (24,29,4,1) (14,12,14,1) 
(2,8,21,1) (2,3,9,1) (12,24,11,1) (8,22,3,1) (0,11,10,1) (25,1,16,1) 
(16,14,11,1) (2,8,9,1) (1,24,21,1) (22,23,10,1) (12,23,12,1) (10,9,7,1) 
(0,27,11,1) (17,1,10,1) (13,9,4,1) (25,16,9,1) (18,13,22,1) (8,26,9,1) 
(28,13,8,1) (19,9,10,1) (12,28,17,1) (27,23,9,1) (13,9,6,1) (21,14,5,1) 
(24,22,7,1) (23,29,5,1) (6,1,6,1) (26,22,12,1) (20,25,17,1) (8,26,9,1) 
(4,2,10,1) (28,25,2,1) (7,2,12,1) (4,8,12,1) (14,29,15,1) (24,19,17,1) 
(26,14,10,1) (26,18,11,1) (9,27,12,1) (16,3,12,1) (24,11,3,1) (2,10,12,1) 
(27,13,13,1) (29,27,14,1) (4,12,17,1) (24,22,10,1) (7,21,14,1) (2,1,14,1) 
(18,11,12,1) (16,19,10,1) (5,12,5,1) (4,27,15,1) (18,28,14,1) (5,10,15,1) 
(23,17,9,1) (17,15,9,1) (15,11,9,1) (4,27,11,1) (17,7,5,1) (6,16,8,1) 
(16,6,8,1) (3,9,15,1) (1,25,11,1) (11,20,12,1) (11,1,11,1) (4,23,3,1) 
(13,5,9,1) (14,16,10,1) (28,13,14,1) (10,20,13,1) (3,26,15,1) (1,2,15,1) 
(28,7,13,1) (9,16,13,1) (17,0,6,1) (7,18,7,1) (8,11,4,1) (19,14,15,1) 
(2,17,14,1) (22,12,8,1) (28,16,11,1) (12,1,10,1) (28,19,12,1) (12,24,21,1) 
(19,7,14,1) (22,20,15,1) (1,7,6,1) (13,28,14,1) (16,29,8,1) (18,6,8,1) 
(8,24,5,1) (6,16,8,1) (0,11,12,1) (1,28,18,1) (21,29,12,1) (7,23,13,1) 
(24,3,18,1) (6,1,16,1) (26,22,13,1) (11,7,4,1) (2,25,15,1) (25,7,22,1) 
(1,22,18,1) (19,29,8,1) (1,12,12,1) (22,25,13,1) (28,19,8,1) (27,2,11,1) 
(23,21,9,1) (24,5,16,1) (23,10,14,1) (9,6,8,1) (16,12,5,1) (25,10,14,1) 
(23,13,3,1) (25,22,4,1) (21,26,11,1) (7,5,18,1) (0,14,17,1) (4,11,15,1) 
(22,24,17,1) (2,25,7,1) (9,24,12,1) (24,19,5,1) (0,10,14,1) (25,8,10,1) 
(3,8,9,1) (8,13,7,1) (20,14,4,1) (6,18,7,1) (8,27,23,1) (4,20,10,1) 
(8,24,8,1) (26,11,14,1) (21,27,7,1) (20,26,13,1) (29,25,12,1) (0,1,20,1) 
(2,4,9,1) (19,29,11,1) (6,13,15,1) (9,21,8,1) (15,0,14,1) (24,13,15,1) 
(29,5,18,1) (9,24,3,1) (5,12,7,1) (2,27,3,1) (23,18,1,1) (6,12,12,1) 
(9,11,5,1) (16,1,7,1) (15,27,16,1) (27,25,9,1) (15,10,10,1) (13,20,10,1) 
(12,5,16,1) (6,29,10,1) (11,10,6,1) (16,1,10,1) (21,6,4,1) (11,1,8,1) 
(23,13,10,1) (15,3,17,1) (1,20,12,1) (20,4,12,1) (16,11,17,1) (25,6,10,1) 
(3,22,20,1) (20,3,9,1) (16,8,7,1) (7,8,10,1) (0,29,25,1) (5,20,4,1) 
(18,21,5,1) (19,7,7,1) (26,28,15,1) (19,8,6,1) (11,29,18,1) (25,27,7,1) 
(10,4,20,1) (21,22,11,1) (19,5,19,1) (9,28,1,1) (26,13,10,1) (10,19,5,1) 
(15,27,12,1) (4,27,8,1) (28,27,9,1) (18,17,11,1) (16,4,14,1) (6,18,3,1) 
(5,22,18,1) (14,12,15,1) (29,24,7,1) (2,6,18,1) (9,10,20,1) (2,5,10,1) 
(20,12,8,1) (10,8,6,1) (9,14,3,1) (1,21,11,1) (21,25,23,1) (4,27,7,1) 
(22,20,3,1) (14,21,15,1) (27,15,15,1) (17,2,6,1) (25,27,7,1) (1,24,7,1) 
(15,17,7,1) (19,1,8,1) (21,11,5,1) (1,20,9,1) (5,25,14,1) (27,8,11,1) 
(1,29,17,1) (10,9,13,1) (3,8,18,1) (22,1,17,1) (16,24,6,1) (4,3,10,1) 
(20,23,13,1) (9,26,13,1) (15,22,8,1) (22,24,14,1) (1,23,7,1) (16,26,5,1) 
(28,25,11,1) (4,26,14,1) (20,27,13,1) (14,5,13,1) (3,5,12,1) (25,20,10,1) 
(19,24,4,1) (24,17,16,1) (26,16,16,1) (22,16,11,1) (0,7,8,1) (3,19,12,1) 
(7,23,6,1) (10,24,9,1) (18,10,8,1) (29,2,12,1) (24,14,6,1) (23,13,14,1) 
(21,29,14,1) (17,10,10,1) (13,8,8,1) (14,26,1,1) (17,6,13,1) (3,8,4,1) 
(19,3,6,1) (19,29,17,1) (0,13,9,1) (12,11,5,1) (2,27,13,1) (3,27,17,1) 
(6,3,11,1) (4,29,9,1) (5,26,13,1) (7,22,10,1) (9,28,15,1) (2,1,13,1) 
(28,10,8,1) (19,23,7,1) (7,16,2,1) (19,5,16,1) (25,28,16,1) (12,7,18,1) 
(2,21,14,1) (15,13,4,1) (11,19,13,1) (0,21,18,1) (0,2,10,1) (13,23,4,1) 
(6,9,20,1) (2,26,1,1) (8,1,2,1) (3,25,6,1) (2,6,16,1) (11,22,18,1) 
(19,10,12,1) (8,10,9,1) (26,21,12,1) (15,9,11,1) (17,1,13,1) (20,15,15,1) 
(3,0,8,1) (20,18,15,1) (3,15,14,1) (29,20,6,1) (12,29,7,1) (9,2,16,1) 
(12,28,15,1) (11,6,17,1) (19,7,20,1) (4,18,17,1) (26,14,7,1) (7,28,12,1) 
(8,22,8,1) (1,3,13,1) (18,23,6,1) (21,23,10,1) (17,1,4,1) (13,1,13,1) 
(6,2,5,1) (19,7,12,1) (29,6,9,1) (21,0,13,1) (11,15,11,1) (2,28,21,1) 
(7,24,11,1) (19,17,1,1) (0,15,10,1) (28,5,2,1) (22,17,11,1) (29,19,11,1) 
(24,28,6,1) (19,25,14,1) (1,26,10,1) (7,2,16,1) (21,2,23,1) (28,1,13,1) 
(20,22,4,1) (20,13,9,1) (12,27,10,1) (16,17,5,1) (18,3,10,1) (25,24,9,1) 
(5,12,13,1) (20,28,12,1) (3,14,8,1) (27,13,11,1) (6,23,11,1) (8,5,13,1) 
(22,28,9,1) (18,2,15,1) (26,4,8,1) (16,27,14,1) (8,13,19,1) (22,2,5,1) 
(2,14,12,1) (18,2,9,1) (2,16,6,1) (24,7,14,1) (11,5,22,1) (1,21,12,1) 
(11,27,20,1) (17,18,18,1) (4,16,12,1) (17,19,9,1) (21,6,12,1) (10,7,11,1) 
(6,20,7,1) (27,18,12,1) (28,24,7,1) (19,6,19,1) (29,3,11,1) (17,23,8,1) 
(6,15,6,1) (10,22,7,1) (8,4,10,1) (1,23,16,1) (7,1,12,1) (9,27,10,1) 
(14,23,6,1) (23,8,9,1) (5,6,5,1) (19,29,13,1) (17,27,8,1) (25,16,14,1) 
(13,14,9,1) (28,7,9,1) (27,19,9,1) (20,29,5,1) (10,6,12,1) (0,12,4,1) 
(22,18,12,1) (19,1,23,1) (26,17,9,1) (21,8,15,1) (19,9,12,1) (18,24,14,1) 
(27,9,5,1) (5,2,8,1) (11,24,8,1) (13,29,11,1) (5,20,16,1) (26,24,20,1) 
(21,25,18,1) (19,18,15,1) (10,23,11,1) (19,16,12,1) (15,3,13,1) (8,3,16,1) 
(7,26,15,1) (24,5,7,1) (8,9,12,1) (6,22,6,1) (22,24,9,1) (9,22,6,1) 
(13,2,7,1) (9,3,3,1) (7,8,15,1) (22,6,9,1) (16,22,7,1) (10,15,11,1) 
(11,14,12,1) (11,3,13,1) (24,13,12,1) (12,1,11,1) (11,22,6,1) (6,4,9,1) 
(12,18,1,1) (21,18,10,1) (0,22,9,1) (14,16,19,1) (4,23,13,1) (10,9,6,1) 
(27,6,18,1) (11,28,17,1) (9,27,21,1) (1,5,10,1) (16,18,15,1) (14,13,3,1) 
(18,15,15,1) (12,28,11,1) (24,8,10,1) (1,2,10,1) (4,6,9,1) (1,14,16,1) 
(25,24,6,1) (25,23,7,1) (10,3,7,1) (29,9,11,1) (26,27,10,1) (18,27,17,1) 
(8,14,10,1) (6,26,9,1) (17,27,6,1) (17,9,6,1) (19,7,6,1) (21,20,17,1) 
(1,6,19,1) (18,23,9,1) (17,2,5,1) (21,11,11,1) (14,2,20,1) (28,29,22,1) 
(10,6,25,1) (2,27,10,1) (14,27,9,1) (20,17,2,1) (19,6,15,1) (25,27,9,1) 
(19,17,9,1) (25,0,13,1) (5,27,12,1) (6,13,16,1) (29,26,10,1) (26,13,7,1) 
(26,16,11,1) (26,13,9,1) (8,21,10,1) (14,0,16,1) (22,24,25,1) (0,6,11,1) 
(20,14,11,1) (20,11,1,1) (0,22,16,1) (20,23,9,1) (23,18,7,1) (24,0,19,1) 
(23,3,13,1) (16,24,10,1) (9,7,9,1) (20,27,9,1) (6,4,16,1) (27,10,9,1) 
(20,17,10,1) (19,15,1,1) (9,23,9,1) (2,14,7,1) (16,22,10,1) (11,8,6,1) 
(6,15,10,1) (18,14,8,1) (27,22,9,1) (24,25,8,1) (4,6,15,1) (2,0,4,1) 
(13,20,11,1) (11,14,21,1) (19,15,5,1) (11,26,13,1) (2,10,17,1) (9,10,1,1) 
(29,12,14,1) (20,21,6,1) (5,3,18,1) (9,2,15,1) (13,4,20,1) (23,14,12,1) 
(26,16,11,1) (10,18,17,1) (19,17,9,1) (5,12,9,1) (18,20,23,1) (6,5,12,1) 