(12,1,8,1) (22,20,8,1) (2,22,4,1) 
(23,4,3,1) (18,20,6,1) (29,19,1,1) 
(3,14,8,1) (16,10,12,1) (3,1,6,1) 
(24,17,16,1) (21,17,13,1) (20,16,10,1) 
(28,18,14,1) (6,12,13,1) (9,15,7,1) 
(26,28,3,1) (28,13,7,1) (14,5,17,1) 
(25,11,7,1) (6,19,2,1) (21,17,8,1) 
(19,3,8,1) (23,29,4,1) (20,8,8,1) 
(24,29,12,1) (20,7,6,1) (13,18,11,1) 
(15,24,6,1) (18,10,14,1) (5,23,19,1) 
(10,8,10,1) (27,10,18,1) (11,25,17,1) 
(5,28,11,1) (0,20,8,1) (15,7,15,1) 
(3,2,11,1) (23,12,2,1) (18,4,7,1) 
(28,9,7,1) (23,5,5,1) (26,0,12,1) 
(6,8,12,1) (4,2,7,1) (11,29,14,1) 
(14,10,7,1) (13,25,12,1) (28,21,21,1) 
(18,9,17,1) (3,27,13,1) (11,17,14,1) 
(16,0,9,1) (12,8,20,1) (11,16,17,1) 
(5,8,7,1) (14,12,9,1) (11,28,10,1) 
(17,0,8,1) (14,24,9,1) (3,1,4,1) 
(1,6,11,1) (0,24,4,1) (12,22,20,1) 
(2,9,10,1) (10,5,5,1) (5,9,15,1) 
(4,9,5,1) (6,19,11,1) (24,6,12,1) 
(28,24,12,1) (7,25,12,1) (12,27,9,1) 
(23,16,12,1) (12,14,9,1) (26,21,13,1) 
(13,19,5,1) (10,27,3,1) (15,3,12,1) 
(21,29,9,1) (24,27,18,1) (18,14,10,1) 
(18,19,6,1) (24,13,7,1) (22,23,9,1) 
(7,11,11,1) (2,14,7,1) (1,8,6,1) 
(2,3,5,1) (24,6,6,1) (26,11,1,1) 
(17,29,12,1) (22,27,7,1) (8,28,6,1) 
(16,1,6,1) (6,29,7,1) (6,27,21,1) 
(29,19,16,1) (20,21,15,1) (17,7,11,1) 
(8,9,11,1) (11,5,13,1) (10,15,18,1) 
(24,16,2,1) (23,20,9,1) (4,25,2,1) 
(6,3,12,1) (22,4,13,1) (8,29,8,1) 
(27,26,10,1) (12,8,9,1) (3,4,11,1) 
(11,9,1,1) (6,14,4,1) (27,13,8,1) 
(4,27,9,1) (25,19,10,1) (14,12,15,1) 
(1,15,7,1) (25,14,11,1) (28,20,6,1) 
(5,17,12,1) (28,21,8,1) (8,9,19,1) 
(11,4,14,1) (13,29,9,1) (14,9,3,1) 
(27,12,12,1) (18,20,5,1) (27,2,2,1) 
(9,1,10,1) (19,29,15,1) (26,25,12,1) 
(13,24,13,1) (17,5,12,1) (6,18,17,1) 
(10,20,12,1) (12,28,16,1) (16,13,14,1) 
(5,13,12,1) (18,6,8,1) (16,4,7,1) 
(9,5,6,1) (0,29,15,1) (27,24,10,1) 
(2,25,10,1) (3,4,7,1) (26,18,11,1) 
(24,18,12,1) (25,11,8,1) (17,13,11,1) 
(14,12,16,1) (7,19,14,1) (16,17,8,1) 
(13,14,19,1) (25,8,7,1) (10,29,6,1) 
(26,17,9,1) (28,27,7,1) (17,14,5,1) 
(10,17,18,1) (4,26,10,1) (22,7,9,1) 
(10,16,7,1) (6,26,17,1) (21,13,14,1) 
(23,2,9,1) (24,2,15,1) (6,27,9,1) 
(3,2,10,1) (27,24,14,1) (29,21,15,1) 
(19,27,11,1) (13,5,12,1) (20,10,12,1) 
(7,18,14,1) (15,19,13,1) (28,12,15,1) 
(20,13,9,1) (13,10,13,1) (2,27,10,1) 
(17,16,14,1) (18,12,6,1) (22,27,9,1) 
(14,9,8,1) (3,12,7,1) (8,25,12,1) 
(18,17,14,1) (21,3,9,1) (29,5,14,1) 
(10,20,9,1) (12,21,1,1) (8,3,10,1) 
(16,5,7,1) (12,6,7,1) (22,8,17,1) 
(1,7,18,1) (15,1,11,1) (14,22,19,1) 
(9,22,15,1) (5,3,10,1) (10,6,8,1) 
(1,24,16,1) (27,7,8,1) (12,27,7,1) 
(15,7,20,1) (1,21,15,1) (5,0,18,1) 
(2,25,8,1) (9,18,7,1) (16,27,11,1) 
(10,15,12,1) (1,0,5,1) (24,28,8,1) 
(22,21,1,1) (23,0,7,1) (3,8,19,1) 
(26,9,5,1) (7,3,13,1) (27,10,3,1) 
(4,8,7,1) (11,2,3,1) (9,26,10,1) 
(10,12,17,1) (28,1,1,1) (3,28,6,1) 
(11,24,8,1) (28,3,13,1) (7,9,7,1) 
(0,17,13,1) (7,12,6,1) (21,3,7,1) 
(19,6,6,1) (11,0,10,1) (19,14,2,1) 
(0,3,11,1) (0,5,15,1) (28,14,10,1) 
(22,25,12,1) (14,23,19,1) (5,10,20,1) 
(6,22,15,1) (13,6,3,1) (25,24,24,1) 
(9,21,12,1) (20,26,10,1) (12,22,10,1) 
(27,22,13,1) (0,8,7,1) (19,14,7,1) 
(16,15,10,1) (23,20,6,1) (18,9,15,1) 
(4,18,6,1) (10,13,5,1) (4,19,10,1) 
(19,16,15,1) (11,7,4,1) (1,16,6,1) 
(25,22,4,1) (14,5,9,1) (9,29,4,1) 
(3,26,9,1) (16,6,11,1) (22,25,3,1) 
(3,23,8,1) (19,18,13,1) (15,22,9,1) 
(28,17,10,1) (27,21,14,1) (22,2,9,1) 
(14,26,11,1) (19,13,7,1) (1,2,10,1) 
(18,24,9,1) (16,22,13,1) (27,11,9,1) 
(29,17,7,1) (12,19,17,1) (11,22,19,1) 
(22,8,3,1) (9,11,6,1) (16,19,13,1) 
(6,21,12,1) (23,0,5,1) (7,18,10,1) 
(2,20,9,1) (12,17,10,1) (19,26,6,1) 
(12,10,12,1) (2,7,6,1) (27,14,12,1) 
(12,14,8,1) (26,17,9,1) (23,10,3,1) 
(2,12,9,1) (25,0,7,1) (21,25,8,1) 
(28,24,6,1) (14,9,15,1) (13,21,15,1) 