(12,22,12,1) (5,17,8,1) (21,4,13,1) (24,3,9,1) (14,2,10,1) 
(28,19,11,1) (21,25,7,1) (11,16,12,1) (3,23,7,1) (27,8,18,1) 
(1,0,7,1) (0,25,11,1) (29,2,11,1) (10,11,11,1) (17,29,10,1) 
(24,7,3,1) (14,24,14,1) (22,2,10,1) (27,8,10,1) (28,27,16,1) 
(2,27,11,1) (3,23,11,1) (23,5,14,1) (8,5,12,1) (27,26,9,1) 
(16,7,14,1) (20,4,12,1) (21,27,12,1) (28,0,21,1) (16,24,18,1) 
(22,29,10,1) (3,7,6,1) (17,5,11,1) (25,4,9,1) (13,28,7,1) 
(1,10,6,1) (28,3,13,1) (25,22,14,1) (14,23,12,1) (17,7,15,1) 
(16,23,11,1) (3,21,6,1) (19,11,4,1) (2,10,10,1) (3,23,17,1) 
(15,3,5,1) (17,21,6,1) (0,23,18,1) (18,17,7,1) (21,3,5,1) 
(5,3,16,1) (7,3,11,1) (12,5,8,1) (4,0,2,1) (6,5,18,1) 
(8,12,8,1) (3,15,9,1) (6,4,9,1) (24,10,2,1) (11,6,7,1) 
(18,21,7,1) (2,14,9,1) (8,9,8,1) (28,15,13,1) (22,12,9,1) 
(11,1,3,1) (7,18,1,1) (12,1,20,1) (21,17,10,1) (4,2,18,1) 
(13,9,18,1) (4,14,12,1) (11,15,17,1) (18,8,16,1) (28,17,11,1) 
(26,3,13,1) (21,3,7,1) (5,29,2,1) (25,9,5,1) (15,22,7,1) 
(2,14,8,1) (10,7,7,1) (27,10,13,1) (25,28,10,1) (22,13,11,1) 
(26,28,15,1) (21,8,12,1) (29,13,14,1) (23,5,15,1) (26,25,11,1) 
(21,25,13,1) (11,21,5,1) (25,20,4,1) (25,1,13,1) (5,0,13,1) 
(3,5,4,1) (28,29,19,1) (4,6,14,1) (16,29,8,1) (3,6,4,1) 
(5,12,16,1) (17,4,7,1) (29,12,7,1) (18,20,14,1) (5,9,9,1) 
(3,16,16,1) (0,2,9,1) (9,23,15,1) (21,25,14,1) (9,29,8,1) 
(18,2,19,1) (13,27,7,1) (6,5,6,1) (10,12,5,1) (0,5,17,1) 
(16,17,7,1) (11,15,5,1) (9,17,13,1) (13,16,1,1) (22,14,6,1) 
(11,13,13,1) (2,15,4,1) (2,13,8,1) (17,19,15,1) (20,9,14,1) 
(29,9,9,1) (7,15,10,1) (25,4,13,1) (15,26,10,1) (27,23,9,1) 
(10,16,9,1) (7,1,10,1) (23,25,8,1) (29,19,18,1) (27,12,14,1) 
(24,15,15,1) (4,15,1,1) (23,26,9,1) (9,15,4,1) (0,7,14,1) 
(8,10,17,1) (5,22,12,1) (20,9,12,1) (1,24,20,1) (1,21,11,1) 
(17,18,13,1) (13,26,13,1) (4,8,8,1) (6,12,13,1) (16,20,6,1) 
(6,24,10,1) (20,8,19,1) (11,4,14,1) (1,19,13,1) (24,2,16,1) 
(6,12,6,1) (18,9,14,1) (9,12,3,1) (3,26,9,1) (3,28,23,1) 
(14,24,11,1) (20,10,13,1) (4,29,8,1) (1,3,14,1) (10,15,11,1) 
(2,6,15,1) (3,26,13,1) (0,16,5,1) (20,13,7,1) (3,1,12,1) 
(2,24,10,1) (28,5,8,1) (22,11,13,1) (12,22,7,1) (5,18,10,1) 
(20,8,10,1) (15,7,6,1) (28,3,9,1) (8,19,13,1) (19,6,5,1) 
(4,2,10,1) (24,1,16,1) (1,25,13,1) (16,12,19,1) (20,9,8,1) 
(12,15,16,1) (21,20,5,1) (16,14,18,1) (5,13,2,1) (0,24,4,1) 
(8,5,1,1) (2,16,12,1) (14,1,6,1) (29,16,8,1) (24,10,9,1) 
(6,23,12,1) (25,29,16,1) (21,26,12,1) (16,2,10,1) (28,21,5,1) 
(19,22,13,1) (16,5,7,1) (0,16,12,1) (15,8,14,1) (1,8,2,1) 
(19,9,13,1) (4,9,20,1) (8,20,15,1) (5,22,5,1) (8,22,5,1) 
(1,11,10,1) (24,16,15,1) (25,23,2,1) (10,2,4,1) (19,24,10,1) 
(3,23,8,1) (22,15,16,1) (5,19,17,1) (27,11,7,1) (16,11,9,1) 
(3,26,8,1) (5,0,14,1) (20,2,11,1) (22,15,8,1) (6,23,8,1) 
(15,23,3,1) (13,20,11,1) (20,25,8,1) (14,28,16,1) (0,11,12,1) 
(12,19,7,1) (19,6,16,1) (24,26,1,1) (7,1,3,1) (26,23,12,1) 
(0,13,13,1) (4,1,10,1) (19,0,12,1) (2,18,7,1) (14,17,6,1) 
(2,8,7,1) (21,5,6,1) (0,15,20,1) (19,13,8,1) (19,28,15,1) 
(21,24,21,1) (28,13,6,1) (1,20,5,1) (14,3,11,1) (0,16,3,1) 
(21,22,6,1) (8,2,4,1) (6,9,10,1) (19,5,10,1) (21,24,8,1) 
(7,20,11,1) (15,19,4,1) (2,25,18,1) (22,23,7,1) (22,1,6,1) 
(3,15,7,1) (6,12,11,1) (4,23,13,1) (25,22,12,1) (21,14,10,1) 
(13,0,13,1) (12,3,2,1) (0,23,4,1) (22,13,10,1) (9,28,11,1) 
(17,14,13,1) (27,19,5,1) (23,18,8,1) (5,13,15,1) (16,6,6,1) 
(24,3,9,1) (6,17,10,1) (8,20,8,1) (8,21,14,1) (9,10,17,1) 
(8,11,14,1) (28,8,19,1) (24,27,18,1) (1,27,18,1) (21,26,7,1) 
(21,1,9,1) (12,3,4,1) (10,26,11,1) (29,6,15,1) (22,10,2,1) 
(9,18,15,1) (6,17,10,1) (26,28,14,1) (17,1,11,1) (23,15,9,1) 
(26,16,10,1) (28,26,7,1) (27,16,3,1) (14,4,17,1) (19,16,18,1) 
(25,12,9,1) (20,18,9,1) (22,4,14,1) (13,12,17,1) (19,23,8,1) 
(23,4,16,1) (22,23,8,1) (4,29,13,1) (2,21,9,1) (3,10,14,1) 
(27,28,13,1) (10,7,12,1) (4,16,12,1) (5,22,11,1) (23,16,13,1) 
(28,21,12,1) (3,12,13,1) (24,23,11,1) (15,11,7,1) (16,12,13,1) 
(14,28,12,1) (12,17,11,1) (3,4,13,1) (0,9,14,1) (11,16,3,1) 
(9,17,14,1) (4,1,1,1) (18,12,7,1) (22,21,13,1) (13,20,8,1) 
(4,23,6,1) (19,13,16,1) (5,24,8,1) (22,8,1,1) (25,5,15,1) 
(18,3,11,1) (8,13,16,1) (0,27,9,1) (7,10,2,1) (13,20,11,1) 
(20,28,13,1) (25,9,13,1) (6,23,12,1) (26,23,9,1) (21,28,9,1) 
(25,10,12,1) (9,21,14,1) (5,10,7,1) (24,0,22,1) (22,27,18,1) 
(20,25,10,1) (14,6,10,1) (5,1,6,1) (13,7,9,1) (1,25,19,1) 
(18,24,13,1) (4,8,5,1) (20,13,11,1) (23,8,10,1) (24,12,12,1) 
(12,9,12,1) (20,26,6,1) (13,29,7,1) (0,2,12,1) (13,24,17,1) 
(20,3,11,1) (14,5,16,1) (13,21,17,1) (29,18,15,1) (16,27,12,1) 
(25,24,10,1) (22,1,12,1) (21,22,19,1) (29,12,6,1) (20,16,8,1) 
(22,14,2,1) (3,16,9,1) (13,11,13,1) (7,29,12,1) (29,26,3,1) 
(1,4,13,1) (19,22,9,1) (0,26,7,1) (22,15,14,1) (16,15,11,1) 
(19,7,9,1) (18,16,15,1) (22,15,7,1) (22,23,4,1) (24,27,11,1) 
(5,3,20,1) (10,4,10,1) (24,14,5,1) (20,4,17,1) (16,7,5,1) 
(12,21,1,1) (22,12,10,1) (0,14,13,1) (22,1,13,1) (15,1,2,1) 
(14,25,11,1) (28,8,5,1) (24,21,14,1) (4,7,11,1) (4,22,18,1) 
(10,16,15,1) (18,19,6,1) (2,10,16,1) (8,25,12,1) (27,22,17,1) 
(24,11,8,1) (2,19,18,1) (28,25,14,1) (19,26,12,1) (21,5,14,1) 
(9,22,9,1) (0,11,6,1) (6,10,7,1) (10,27,13,1) (24,28,6,1) 
(8,20,12,1) (23,6,9,1) (2,14,7,1) (11,7,17,1) (17,27,12,1) 
(18,25,7,1) (17,3,19,1) (1,16,10,1) (26,24,6,1) (2,0,13,1) 
(2,10,7,1) (6,24,8,1) (27,18,8,1) (21,27,13,1) (16,17,8,1) 
(8,23,6,1) (22,17,10,1) (24,0,13,1) (23,1,7,1) (28,23,12,1) 
(21,6,11,1) (0,19,14,1) (11,5,13,1) (20,21,16,1) (21,0,18,1) 
(7,21,13,1) (25,18,10,1) (29,25,3,1) (20,27,13,1) (3,2,8,1) 
(20,21,5,1) (15,13,13,1) (7,29,1,1) (29,4,10,1) (19,27,16,1) 
(1,6,8,1) (8,27,7,1) (18,16,8,1) (26,21,18,1) (15,1,3,1) 
(2,21,10,1) (28,16,9,1) (0,11,11,1) (29,0,13,1) (13,14,5,1) 
(25,13,10,1) (17,11,3,1) (8,26,13,1) (21,19,9,1) (29,25,18,1) 
(24,14,15,1) (25,16,5,1) (22,27,7,1) (12,23,21,1) (10,4,20,1) 
(0,12,8,1) (27,0,20,1) (16,20,10,1) (6,11,9,1) (9,28,8,1) 
(21,7,14,1) (15,3,5,1) (20,21,11,1) (4,3,13,1) (11,29,11,1) 
(12,16,9,1) (26,4,12,1) (12,0,8,1) (19,8,11,1) (24,28,5,1) 
(8,21,3,1) (6,20,4,1) (19,17,9,1) (13,16,9,1) (16,25,10,1) 
(7,1,6,1) (21,24,8,1) (16,17,3,1) (27,19,15,1) (16,0,8,1) 