(14,1,12,1) (24,12,17,1) (23,2,26,1) (3,4,21,1) 
(24,0,15,1) (11,12,10,1) (19,1,8,1) (16,24,14,1) 
(22,21,11,1) (23,26,5,1) (14,10,13,1) (11,3,5,1) 
(22,26,15,1) (11,8,14,1) (20,7,2,1) (3,13,11,1) 
(14,21,16,1) (13,20,12,1) (23,28,20,1) (16,22,15,1) 
(9,14,10,1) (2,9,18,1) (1,21,19,1) (0,17,2,1) 
(6,3,9,1) (0,13,17,1) (1,16,10,1) (25,8,10,1) 
(25,22,5,1) (11,26,8,1) (17,23,12,1) (17,14,7,1) 
(7,18,3,1) (4,26,8,1) (8,12,11,1) (9,5,6,1) 
(4,14,7,1) (10,23,12,1) (28,20,9,1) (27,22,2,1) 
(16,12,11,1) (20,16,10,1) (9,6,16,1) (13,5,6,1) 
(5,15,4,1) (10,20,13,1) (8,25,22,1) (15,2,16,1) 
(28,13,18,1) (25,14,6,1) (2,3,12,1) (9,16,9,1) 
(8,10,4,1) (29,2,10,1) (10,18,16,1) (15,20,15,1) 
(17,4,14,1) (21,3,16,1) (20,1,5,1) (28,21,4,1) 
(15,19,19,1) (12,28,14,1) (15,17,8,1) (23,28,12,1) 
(17,23,10,1) (9,27,9,1) (1,4,9,1) (28,29,5,1) 
(12,26,10,1) (6,1,14,1) (3,6,3,1) (10,29,21,1) 
(21,18,13,1) (1,12,9,1) (21,6,11,1) (24,1,8,1) 
(16,2,12,1) (20,21,6,1) (23,0,21,1) (23,18,14,1) 
(9,21,16,1) (18,8,14,1) (15,10,5,1) (25,0,4,1) 
(4,5,6,1) (29,0,8,1) (5,14,14,1) (11,28,10,1) 
(27,29,14,1) (25,4,10,1) (28,5,10,1) (12,22,5,1) 
(0,6,11,1) (23,24,1,1) (3,12,11,1) (17,25,7,1) 
(20,10,12,1) (16,3,7,1) (7,19,4,1) (22,4,14,1) 
(20,11,16,1) (29,1,22,1) (22,27,14,1) (27,13,6,1) 
(21,2,8,1) (18,10,13,1) (27,10,6,1) (23,9,10,1) 
(2,18,5,1) (21,26,10,1) (8,4,12,1) (9,4,1,1) 
(20,25,11,1) (10,18,11,1) (26,2,4,1) (3,6,3,1) 
(6,16,13,1) (1,0,7,1) (17,14,17,1) (24,14,5,1) 
(0,20,10,1) (29,17,5,1) (11,19,10,1) (2,1,7,1) 
(5,25,4,1) (4,7,14,1) (14,29,13,1) (3,0,13,1) 
(9,15,11,1) (12,22,16,1) (0,17,6,1) (25,7,13,1) 
(27,26,9,1) (29,7,9,1) (22,23,2,1) (27,0,4,1) 
(11,26,10,1) (7,13,10,1) (22,14,22,1) (4,7,6,1) 
(14,3,16,1) (26,25,10,1) (27,13,19,1) (11,26,15,1) 
(12,6,12,1) (9,22,12,1) (6,9,5,1) (11,16,4,1) 
(4,13,7,1) (7,20,9,1) (9,20,8,1) (14,6,4,1) 
(19,13,2,1) (14,20,13,1) (8,26,3,1) (24,25,6,1) 
(17,4,11,1) (2,19,8,1) (22,17,10,1) (28,2,19,1) 
(21,14,13,1) (9,24,17,1) (13,5,13,1) (23,26,3,1) 
(13,3,12,1) (25,1,11,1) (23,2,12,1) (13,5,19,1) 
(21,29,9,1) (22,10,8,1) (10,4,14,1) (3,19,2,1) 
(20,1,8,1) (14,18,7,1) (3,2,7,1) (18,13,10,1) 
(3,22,8,1) (21,27,8,1) (23,4,8,1) (6,13,11,1) 
(27,2,4,1) (0,3,12,1) (8,13,10,1) (6,26,6,1) 
(17,25,12,1) (11,12,11,1) (3,15,9,1) (23,4,11,1) 
(12,5,11,1) (26,15,7,1) (3,17,9,1) (24,1,6,1) 
(1,18,14,1) (24,1,12,1) (17,5,3,1) (4,23,9,1) 
(26,27,7,1) (14,8,5,1) (19,22,9,1) (12,26,14,1) 
(1,15,17,1) (11,21,5,1) (12,27,6,1) (17,7,24,1) 
(3,9,9,1) (7,25,1,1) (14,23,3,1) (9,8,9,1) 
(25,6,7,1) (28,16,8,1) (19,23,11,1) (1,15,11,1) 
(3,13,2,1) (1,2,21,1) (25,22,12,1) (27,17,4,1) 
(3,15,1,1) (17,2,10,1) (7,6,4,1) (15,28,12,1) 
(27,25,12,1) (2,4,5,1) (12,15,10,1) (23,3,11,1) 
(15,4,5,1) (2,19,13,1) (5,13,12,1) (13,21,15,1) 
(0,12,6,1) (25,9,12,1) (28,16,15,1) (1,20,9,1) 
(8,11,11,1) (3,26,5,1) (6,10,18,1) (7,2,8,1) 
(17,8,15,1) (9,18,13,1) (12,18,6,1) (25,9,17,1) 
(11,26,10,1) (29,17,17,1) (25,3,6,1) (6,14,14,1) 
(13,26,13,1) (9,11,9,1) (12,0,4,1) (6,0,15,1) 
(21,10,13,1) (5,12,17,1) (6,14,23,1) (8,7,8,1) 
(10,6,7,1) (22,20,13,1) (26,23,17,1) (6,13,4,1) 
(11,18,15,1) (26,19,12,1) (0,6,1,1) (13,6,10,1) 
(27,13,18,1) (2,19,10,1) (14,23,19,1) (6,7,8,1) 
(15,16,8,1) (2,10,14,1) (12,3,9,1) (4,3,9,1) 
(28,17,13,1) (6,15,11,1) (10,3,1,1) (24,9,12,1) 
(17,27,7,1) (11,10,10,1) (26,18,13,1) (20,11,9,1) 
(9,22,5,1) (6,17,18,1) (25,6,16,1) (14,4,6,1) 
(20,29,18,1) (7,17,7,1) (6,0,14,1) (3,2,1,1) 
(21,7,8,1) (28,11,4,1) (1,18,9,1) (20,10,8,1) 
(5,22,7,1) (19,15,14,1) (23,29,9,1) (28,26,10,1) 
(7,19,12,1) (19,9,12,1) (12,27,10,1) (28,10,10,1) 
(13,7,6,1) (22,24,9,1) (10,9,21,1) (5,19,2,1) 
(13,22,3,1) (29,9,9,1) (16,10,7,1) (24,27,12,1) 
(21,27,5,1) (17,19,10,1) (3,12,20,1) (7,6,7,1) 
(17,27,17,1) (11,25,18,1) (6,27,9,1) (28,19,8,1) 
(4,7,18,1) (20,25,6,1) (12,16,12,1) (6,21,2,1) 
(5,11,12,1) (8,15,7,1) (22,19,10,1) (11,18,8,1) 
(26,12,12,1) (1,17,6,1) (24,10,9,1) (16,13,5,1) 
(21,27,6,1) (26,0,15,1) (20,26,20,1) (14,20,16,1) 
(5,18,11,1) (17,3,11,1) (25,17,5,1) (7,8,5,1) 
(5,21,10,1) (27,19,8,1) (27,8,10,1) (17,18,14,1) 
(22,10,9,1) (6,23,7,1) (23,26,7,1) (1,29,1,1) 
(5,4,14,1) (17,4,15,1) (8,15,8,1) (14,29,10,1) 
(4,23,22,1) (21,25,19,1) (25,10,15,1) (1,23,16,1) 
(22,21,7,1) (6,15,7,1) (0,17,13,1) (27,8,15,1) 
(8,13,17,1) (22,13,16,1) (5,21,7,1) (16,6,8,1) 
(12,21,8,1) (12,17,6,1) (9,17,7,1) (25,20,13,1) 
(23,1,7,1) (28,8,20,1) (23,24,9,1) (0,23,8,1) 
(11,19,17,1) (23,5,7,1) (7,22,11,1) (4,28,3,1) 
(5,9,13,1) (3,6,10,1) (23,22,11,1) (16,10,9,1) 
(10,24,12,1) (18,12,8,1) (5,1,8,1) (4,14,7,1) 
(28,2,4,1) (12,22,8,1) (20,11,10,1) (7,27,12,1) 
(5,17,7,1) (16,12,6,1) (11,18,14,1) (13,9,19,1) 
(23,3,17,1) (2,26,5,1) (14,25,20,1) (5,2,8,1) 
(1,0,10,1) (29,6,11,1) (29,20,14,1) (18,16,12,1) 
(19,17,14,1) (14,20,10,1) (12,25,13,1) (5,27,9,1) 
(11,13,16,1) (16,25,11,1) (18,4,10,1) (6,15,17,1) 