(6,20,14,1) (28,29,11,1) (15,24,16,1) (22,5,5,1) (13,28,10,1) (7,5,13,1) (18,25,6,1) (15,3,4,1) (25,13,5,1) (5,10,3,1) (11,26,13,1) (22,3,10,1) (7,23,15,1) (18,23,1,1) (5,12,11,1) (25,5,15,1) (26,27,6,1) (1,7,6,1) (4,28,18,1) (13,29,11,1) 
(13,22,12,1) (3,18,10,1) (14,23,9,1) (18,21,14,1) (5,13,12,1) (10,29,3,1) (5,26,16,1) (24,6,9,1) (28,17,9,1) (24,15,17,1) (24,22,13,1) (29,14,11,1) (6,2,8,1) (18,24,9,1) (21,20,5,1) (9,12,14,1) (24,13,13,1) (22,11,18,1) (26,7,6,1) (29,1,9,1) 
(4,25,5,1) (5,25,5,1) (23,20,14,1) (2,5,16,1) (2,4,2,1) (10,23,15,1) (10,26,10,1) (20,25,5,1) (9,19,3,1) (21,5,14,1) (21,12,5,1) (22,13,18,1) (28,27,9,1) (2,1,11,1) (29,24,10,1) (24,8,13,1) (21,24,5,1) (13,23,8,1) (0,12,6,1) (3,20,8,1) 
(13,2,11,1) (8,7,11,1) (20,2,13,1) (18,3,7,1) (25,24,17,1) (29,11,13,1) (0,26,6,1) (26,14,15,1) (2,11,8,1) (28,27,12,1) (19,25,12,1) (7,24,13,1) (29,12,11,1) (12,16,18,1) (10,13,11,1) (28,0,7,1) (24,2,14,1) (17,29,13,1) (21,18,10,1) (5,10,3,1) 
(5,12,1,1) (25,14,12,1) (18,5,17,1) (8,10,13,1) (24,27,6,1) (10,28,20,1) (26,17,15,1) (0,5,12,1) (17,11,9,1) (3,19,13,1) (0,19,6,1) (0,21,6,1) (9,22,14,1) (27,2,20,1) (28,3,5,1) (20,1,9,1) (6,0,6,1) (14,4,6,1) (12,1,5,1) (17,22,14,1) 
(6,12,7,1) (22,1,16,1) (14,23,7,1) (16,17,3,1) (21,7,5,1) (5,10,4,1) (19,12,6,1) (24,6,3,1) (8,10,7,1) (0,14,10,1) (5,9,9,1) (1,24,6,1) (29,6,4,1) (17,1,10,1) (2,10,1,1) (13,4,2,1) (10,26,2,1) (20,22,23,1) (19,8,6,1) (2,18,18,1) 
(17,22,18,1) (0,8,12,1) (14,13,12,1) (25,22,22,1) (2,9,3,1) (25,27,11,1) (7,24,4,1) (17,16,8,1) (15,26,18,1) (14,28,10,1) (7,15,13,1) (29,1,10,1) (25,8,13,1) (23,15,16,1) (1,9,16,1) (25,16,14,1) (5,14,7,1) (20,11,14,1) (26,5,6,1) (7,19,1,1) 
(1,3,8,1) (12,16,10,1) (21,13,6,1) (14,2,4,1) (1,15,2,1) (24,26,21,1) (20,3,15,1) (1,23,7,1) (16,20,10,1) (23,2,12,1) (19,18,5,1) (6,11,14,1) (6,10,2,1) (24,23,8,1) (16,29,8,1) (14,22,13,1) (16,5,10,1) (13,28,6,1) (20,1,21,1) (3,29,10,1) 
(9,1,11,1) (28,1,16,1) (13,18,10,1) (25,5,22,1) (3,20,3,1) (29,28,4,1) (0,6,11,1) (8,19,10,1) (23,12,9,1) (25,26,6,1) (5,18,15,1) (7,3,2,1) (16,0,15,1) (26,0,16,1) (11,15,10,1) (29,20,14,1) (5,9,15,1) (16,4,9,1) (29,9,14,1) (29,23,9,1) 
(5,10,8,1) (8,18,14,1) (15,25,2,1) (28,7,4,1) (10,14,4,1) (27,4,7,1) (15,21,5,1) (0,9,12,1) (26,12,13,1) (14,0,11,1) (26,9,12,1) (1,8,13,1) (21,9,5,1) (4,14,11,1) (11,22,5,1) (14,2,12,1) (2,26,8,1) (9,4,13,1) (25,16,8,1) (1,15,8,1) 
(24,3,7,1) (24,19,8,1) (20,14,7,1) (1,0,13,1) (1,21,5,1) (21,14,8,1) (7,24,11,1) (18,1,13,1) (4,5,17,1) (5,3,7,1) (11,2,9,1) (8,14,11,1) (12,14,8,1) (2,8,20,1) (1,7,14,1) (7,5,4,1) (17,8,8,1) (25,17,11,1) (6,0,6,1) (0,12,12,1) 
(26,3,14,1) (16,0,21,1) (23,25,9,1) (21,19,4,1) (4,1,6,1) (1,8,7,1) (9,28,5,1) (23,20,7,1) (15,28,15,1) (21,14,17,1) (7,17,6,1) (21,22,12,1) (19,8,15,1) (23,27,10,1) (17,5,15,1) (16,20,18,1) (22,20,12,1) (15,26,18,1) (11,7,16,1) (9,23,11,1) 
(13,2,7,1) (17,29,15,1) (0,20,11,1) (15,7,12,1) (7,21,12,1) (23,2,13,1) (8,18,19,1) (26,1,11,1) (10,4,15,1) (2,4,10,1) (13,19,14,1) (24,12,11,1) (5,17,7,1) (26,7,11,1) (7,28,11,1) (19,2,13,1) (24,17,15,1) (13,20,11,1) (17,7,16,1) (6,22,3,1) 
(23,21,14,1) (26,14,9,1) (17,20,9,1) (27,29,20,1) (10,16,7,1) (27,1,8,1) (10,26,17,1) (15,1,11,1) (5,28,9,1) (18,29,8,1) (25,19,11,1) (7,23,4,1) (21,3,12,1) (29,12,12,1) (21,8,4,1) (7,17,24,1) (10,4,9,1) (21,2,7,1) (13,25,8,1) (16,29,9,1) 
(12,4,13,1) (23,17,8,1) (1,19,8,1) (5,7,13,1) (14,6,10,1) (0,9,8,1) (24,0,16,1) (21,0,5,1) (14,17,14,1) (10,15,15,1) (18,28,9,1) (2,1,7,1) (20,4,10,1) (4,28,8,1) (27,10,9,1) (16,2,8,1) (11,28,12,1) (22,15,10,1) (11,2,15,1) (26,5,9,1) 
(1,12,2,1) (3,11,10,1) (3,17,8,1) (2,27,12,1) (15,20,13,1) (6,10,7,1) (8,20,3,1) (3,2,14,1) (20,1,10,1) (26,1,14,1) (10,12,6,1) (24,23,18,1) (1,18,5,1) (26,15,2,1) (16,1,7,1) (17,7,12,1) (23,7,19,1) (22,24,11,1) (5,1,16,1) (5,9,8,1) 
(6,29,4,1) (11,26,10,1) (21,5,6,1) (3,9,8,1) (18,2,10,1) (6,12,10,1) (14,0,9,1) (1,22,10,1) (15,21,10,1) (17,6,9,1) (3,8,19,1) (3,12,20,1) (7,22,9,1) (29,19,10,1) (8,26,7,1) (21,2,22,1) (20,21,6,1) (7,10,6,1) (29,14,10,1) (1,13,11,1) 
(22,18,6,1) (15,1,22,1) (19,8,14,1) (27,16,14,1) (19,9,13,1) (2,25,11,1) (13,11,5,1) (2,1,12,1) (7,1,10,1) (27,25,7,1) (6,7,12,1) (13,1,17,1) (28,19,10,1) (19,23,10,1) (13,4,10,1) (12,29,7,1) (18,19,16,1) (11,24,8,1) (21,13,6,1) (29,7,11,1) 
(8,24,18,1) (6,5,13,1) (13,24,9,1) (16,8,12,1) (0,28,9,1) (22,7,13,1) (6,29,5,1) (27,13,7,1) (6,20,13,1) (21,18,16,1) (15,25,10,1) (10,27,15,1) (2,11,19,1) (9,15,17,1) (3,5,14,1) (8,11,3,1) (3,10,7,1) (16,24,20,1) (17,2,12,1) (0,9,6,1) 
(10,0,6,1) (0,13,12,1) (10,22,23,1) (26,6,7,1) (4,15,6,1) (27,17,7,1) (11,20,14,1) (18,21,18,1) (3,17,7,1) (24,29,13,1) (15,0,4,1) (5,24,13,1) (4,28,9,1) (19,27,11,1) (23,6,10,1) (28,0,11,1) (25,24,12,1) (12,17,4,1) (8,5,18,1) (25,17,12,1) 
(2,28,22,1) (3,12,13,1) (15,29,8,1) (1,29,11,1) (0,4,4,1) (20,7,15,1) (26,14,15,1) (14,0,12,1) (7,19,17,1) (29,23,15,1) (8,21,19,1) (10,18,4,1) (4,1,4,1) (4,7,9,1) (1,2,13,1) (28,24,15,1) (6,15,18,1) (24,14,18,1) (17,14,15,1) (13,16,18,1) 
(18,15,9,1) (7,3,10,1) (1,19,15,1) (0,1,7,1) (29,10,9,1) (4,1,4,1) (5,27,13,1) (20,21,14,1) (6,11,14,1) (4,9,9,1) (15,24,14,1) (19,5,4,1) (28,11,14,1) (6,20,13,1) (18,8,13,1) (17,16,3,1) (7,14,8,1) (21,27,15,1) (28,18,17,1) (28,26,7,1) 
(27,1,14,1) (28,24,12,1) (22,20,11,1) (4,13,10,1) (22,16,12,1) (4,16,10,1) (15,28,14,1) (26,10,3,1) (16,29,12,1) (7,11,16,1) (9,1,17,1) (14,25,16,1) (5,13,10,1) (2,19,5,1) (12,19,6,1) (4,23,4,1) (6,1,12,1) (1,19,4,1) (3,7,15,1) (11,14,14,1) 
(26,18,6,1) (17,24,11,1) (8,3,3,1) (27,29,11,1) (2,23,5,1) (14,8,12,1) (3,14,4,1) (27,15,12,1) (10,24,19,1) (5,27,18,1) (10,4,3,1) (11,18,12,1) (5,29,10,1) (24,26,3,1) (23,17,14,1) (23,16,6,1) (2,28,12,1) (12,22,4,1) (1,26,7,1) (8,2,10,1) 
(11,28,6,1) (3,16,12,1) (23,8,12,1) (28,25,9,1) (15,11,14,1) (10,27,12,1) (9,29,3,1) (17,21,3,1) (9,11,14,1) (28,16,4,1) (8,18,3,1) (25,0,9,1) (0,10,14,1) (13,9,19,1) (25,16,8,1) (16,11,5,1) (0,19,15,1) (10,5,5,1) (0,7,5,1) (19,25,10,1) 
(6,14,9,1) (5,24,17,1) (9,27,11,1) (5,12,12,1) (23,16,15,1) (12,11,11,1) (10,14,6,1) (3,13,8,1) (20,29,4,1) (11,4,8,1) (23,3,6,1) (8,13,19,1) (9,17,15,1) (4,20,8,1) (22,9,6,1) (0,23,9,1) (0,10,2,1) (18,21,19,1) (14,7,11,1) (24,7,11,1) 
(29,24,9,1) (8,1,19,1) (22,21,7,1) (28,7,10,1) (5,19,4,1) (27,26,6,1) (17,20,6,1) (9,10,20,1) (22,17,11,1) (24,13,10,1) (23,7,8,1) (16,5,10,1) (24,22,2,1) (15,18,22,1) (0,11,7,1) (28,1,10,1) (13,5,2,1) (24,19,9,1) (6,4,15,1) (16,0,9,1) 
(0,26,16,1) (3,25,10,1) (1,24,19,1) (27,15,9,1) (28,23,7,1) (2,15,3,1) (2,21,17,1) (0,23,5,1) (15,19,13,1) (10,20,19,1) (0,3,13,1) (19,27,18,1) (25,8,7,1) (23,2,8,1) (3,19,10,1) (17,3,10,1) (8,12,12,1) (21,27,15,1) (21,23,11,1) (6,23,5,1) 
(13,20,9,1) (17,7,18,1) (6,14,9,1) (28,3,13,1) (5,24,19,1) (14,11,7,1) (17,0,22,1) (27,20,14,1) (7,28,14,1) (1,0,9,1) (29,6,12,1) (10,18,9,1) (8,9,12,1) (15,14,14,1) (21,24,12,1) (29,24,2,1) (29,3,10,1) (4,20,5,1) (20,7,10,1) (7,25,3,1) 
(10,23,6,1) (20,11,8,1) (28,0,1,1) (25,17,8,1) (27,23,17,1) (18,20,12,1) (15,12,4,1) (16,25,7,1) (12,17,7,1) (23,12,7,1) (25,28,4,1) (9,10,20,1) (1,4,7,1) (11,17,9,1) (0,9,12,1) (10,22,2,1) (26,8,8,1) (7,17,13,1) (6,11,9,1) (27,2,19,1) 
(14,6,13,1) (15,5,11,1) (26,19,13,1) (21,3,9,1) (11,29,13,1) (14,17,9,1) (24,23,9,1) (19,28,11,1) (12,19,8,1) (20,13,10,1) (2,11,3,1) (1,4,5,1) (4,16,4,1) (9,19,9,1) (14,20,9,1) (23,22,12,1) (25,27,6,1) (9,21,9,1) (22,16,9,1) (24,22,19,1) 
(19,3,12,1) (16,15,5,1) (0,16,19,1) (28,10,9,1) (24,9,13,1) (6,11,8,1) (1,25,11,1) (6,16,12,1) (15,5,11,1) (26,9,7,1) (5,29,18,1) (4,6,9,1) (26,24,17,1) (14,26,5,1) (15,1,4,1) (9,16,8,1) (27,9,11,1) (3,1,6,1) (14,29,7,1) (0,13,2,1) 
(15,20,9,1) (22,19,15,1) (23,11,4,1) (0,20,1,1) (18,1,22,1) (26,25,12,1) (17,18,13,1) (2,4,11,1) (20,22,16,1) (25,4,16,1) (17,16,10,1) (24,0,13,1) (11,13,11,1) (4,7,11,1) (7,5,15,1) (16,15,11,1) (22,3,13,1) (7,22,11,1) (22,13,11,1) (3,0,7,1) 
(16,27,14,1) (21,12,4,1) (15,27,16,1) (5,0,10,1) (6,19,14,1) (0,25,10,1) (13,20,13,1) (8,7,16,1) (3,23,19,1) (22,16,12,1) (3,17,11,1) (4,23,16,1) (18,16,15,1) (3,27,4,1) (9,18,10,1) (9,14,11,1) (17,23,10,1) (13,16,1,1) (13,7,11,1) (22,8,2,1) 
(4,6,14,1) (2,15,5,1) (13,23,8,1) (14,15,12,1) (18,9,13,1) (22,16,8,1) (28,15,8,1) (9,28,4,1) (19,2,17,1) (12,2,5,1) (9,2,7,1) (3,25,11,1) (29,17,4,1) (23,18,8,1) (9,16,7,1) (19,15,13,1) (8,20,13,1) (17,11,16,1) (15,17,13,1) (1,18,14,1) 
(6,9,12,1) (18,28,6,1) (29,25,12,1) (2,16,10,1) (24,20,13,1) (13,11,10,1) (27,26,1,1) (12,28,20,1) (14,16,17,1) (8,6,1,1) (7,19,9,1) (4,29,10,1) (21,0,14,1) (29,16,21,1) (27,14,5,1) (16,3,11,1) (24,13,6,1) (17,19,10,1) (6,20,12,1) (23,17,12,1) 
(18,21,3,1) (10,12,15,1) (29,20,12,1) (22,28,11,1) (20,1,8,1) (8,6,12,1) (18,25,8,1) (25,19,8,1) (5,14,15,1) (23,20,9,1) (14,28,6,1) (15,5,2,1) (19,18,16,1) (7,9,9,1) (7,21,17,1) (24,1,7,1) (3,28,12,1) (2,0,18,1) (27,9,9,1) (2,23,6,1) 
(13,7,13,1) (0,13,15,1) (24,18,9,1) (19,10,9,1) (22,20,8,1) (3,24,13,1) (20,4,9,1) (15,1,11,1) (8,21,7,1) (25,1,6,1) (19,6,14,1) (3,29,4,1) (27,8,8,1) (17,19,12,1) (29,25,9,1) (11,22,10,1) (22,24,4,1) (14,26,9,1) (1,14,13,1) (15,7,9,1) 
(23,6,12,1) (5,16,16,1) (12,6,5,1) (28,9,3,1) (5,17,19,1) (10,2,14,1) (11,21,12,1) (6,15,20,1) (17,1,17,1) (22,24,10,1) (5,27,11,1) (22,20,17,1) (19,26,6,1) (29,9,3,1) (29,3,14,1) (23,25,2,1) (28,18,13,1) (24,7,6,1) (7,3,8,1) (11,3,5,1) 
(27,11,11,1) (2,26,9,1) (13,1,17,1) (2,4,9,1) (24,12,7,1) (23,27,11,1) (14,27,10,1) (24,19,16,1) (22,8,5,1) (22,11,11,1) (3,11,7,1) (21,8,1,1) (22,15,14,1) (2,27,7,1) (6,11,4,1) (3,19,15,1) (9,28,17,1) (2,11,13,1) (8,24,13,1) (22,20,6,1) 
(18,24,16,1) (26,22,9,1) (17,12,14,1) (15,21,1,1) (8,11,16,1) (13,15,9,1) (28,27,11,1) (3,29,13,1) (23,4,5,1) (8,6,3,1) (4,18,11,1) (17,21,4,1) (5,15,19,1) (17,22,12,1) (2,4,12,1) (24,13,6,1) (3,7,12,1) (24,23,11,1) (12,8,7,1) (2,1,16,1) 
(4,26,12,1) (19,28,7,1) (5,11,11,1) (5,18,3,1) (6,28,21,1) (13,10,15,1) (12,29,18,1) (20,6,5,1) (28,20,9,1) (25,12,10,1) (24,4,11,1) (22,15,2,1) (6,9,7,1) (5,2,19,1) (2,1,25,1) (17,0,6,1) (22,12,10,1) (13,11,14,1) (16,23,15,1) (10,14,14,1) 
(23,25,10,1) (13,16,6,1) (3,15,2,1) (26,28,14,1) (29,24,11,1) (14,24,9,1) (2,12,5,1) (18,10,11,1) (3,2,11,1) (10,9,12,1) (29,0,6,1) (5,24,16,1) (4,3,13,1) (14,22,4,1) (21,11,10,1) (24,27,6,1) (10,29,11,1) (14,16,5,1) (14,21,5,1) (15,27,12,1) 
(22,15,13,1) (4,11,8,1) (13,17,9,1) (9,11,12,1) (5,6,8,1) (13,25,9,1) (18,5,18,1) (2,1,14,1) (5,10,9,1) (25,22,24,1) (3,18,8,1) (17,24,7,1) (15,1,7,1) (5,26,9,1) (11,22,14,1) (20,17,6,1) (13,12,9,1) (25,8,4,1) (21,26,14,1) (20,23,19,1) 
(19,21,15,1) (19,25,8,1) (22,18,7,1) (24,2,5,1) (29,0,18,1) (14,22,5,1) (19,8,16,1) (20,11,12,1) (4,20,23,1) (19,10,14,1) (21,5,8,1) (22,16,14,1) (10,2,17,1) (6,15,9,1) (23,9,11,1) (23,1,13,1) (1,3,8,1) (24,4,6,1) (9,12,9,1) (24,15,8,1) 
(6,13,5,1) (4,17,15,1) (28,19,3,1) (9,16,14,1) (21,17,3,1) (14,0,9,1) (0,18,20,1) (22,19,6,1) (9,7,9,1) (11,0,8,1) (26,21,12,1) (0,26,11,1) (16,28,10,1) (15,28,13,1) (3,2,9,1) (0,13,20,1) (21,27,6,1) (26,14,17,1) (1,6,8,1) (19,3,20,1) 
(15,13,6,1) (20,11,16,1) (12,14,10,1) (23,12,11,1) (21,6,8,1) (13,5,8,1) (17,2,9,1) (1,5,5,1) (6,7,14,1) (16,7,13,1) (16,26,15,1) (12,7,18,1) (26,13,9,1) (0,25,8,1) (7,0,9,1) (11,16,7,1) (18,14,15,1) (24,15,12,1) (26,4,5,1) (4,18,2,1) 
(23,20,9,1) (10,4,11,1) (3,1,12,1) (12,22,12,1) (15,10,14,1) (17,11,13,1) (0,13,7,1) (22,24,5,1) (8,0,3,1) (22,19,6,1) (16,19,12,1) (28,23,7,1) (8,19,16,1) (27,16,12,1) (6,27,12,1) (24,1,13,1) (15,1,4,1) (9,19,9,1) (16,2,9,1) (25,2,7,1) 
(23,12,11,1) (13,11,14,1) (0,26,17,1) (16,8,9,1) (24,14,14,1) (21,10,18,1) (10,14,15,1) (11,28,3,1) (29,28,11,1) (21,18,2,1) (14,27,10,1) (18,5,5,1) (16,21,21,1) (29,3,10,1) (13,14,9,1) (13,28,6,1) (12,28,10,1) (12,0,18,1) (23,21,4,1) (17,1,5,1) 
(21,25,12,1) (18,8,10,1) (5,17,8,1) (15,3,11,1) (11,28,10,1) (6,23,3,1) (24,25,5,1) (10,22,15,1) (13,12,2,1) (25,20,10,1) (29,5,17,1) (10,20,1,1) (18,1,16,1) (15,22,6,1) (7,13,17,1) (10,15,1,1) (23,7,6,1) (23,27,11,1) (18,17,13,1) (17,21,17,1) 
(24,6,14,1) (13,29,13,1) (10,3,15,1) (13,27,15,1) (23,25,15,1) (22,5,11,1) (22,25,16,1) (0,7,18,1) (27,26,10,1) (21,7,9,1) (4,9,11,1) (10,7,9,1) (26,19,12,1) (14,29,11,1) (24,12,10,1) (21,9,22,1) (3,27,7,1) (25,5,8,1) (2,16,15,1) (24,8,7,1) 
(11,27,7,1) (5,27,5,1) (14,11,5,1) (8,19,15,1) (8,13,11,1) (10,1,15,1) (23,19,13,1) (24,6,10,1) (5,22,5,1) (29,15,10,1) (21,27,9,1) (3,11,23,1) (16,10,5,1) (29,27,6,1) (16,8,7,1) (24,26,11,1) (10,21,6,1) (15,6,13,1) (19,21,3,1) (18,28,13,1) 
(13,29,8,1) (5,14,6,1) (18,10,19,1) (17,26,8,1) (12,15,7,1) (26,22,14,1) (22,1,10,1) (16,23,8,1) (6,24,7,1) (8,19,10,1) (28,25,12,1) (24,14,22,1) (1,24,18,1) (29,21,7,1) (6,1,8,1) (4,0,11,1) (28,21,12,1) (6,8,13,1) (9,12,7,1) (5,28,14,1) 
(24,18,11,1) (2,28,2,1) (4,23,7,1) (7,16,6,1) (20,21,11,1) (0,17,14,1) (6,16,16,1) (17,20,10,1) (23,20,11,1) (28,15,15,1) (2,25,2,1) (13,10,10,1) (10,16,8,1) (26,14,6,1) (7,27,5,1) (3,8,10,1) (3,10,9,1) (23,14,13,1) (19,17,13,1) (24,1,17,1) 
(24,6,6,1) (27,13,8,1) (25,26,7,1) (20,13,9,1) (26,11,12,1) (19,22,10,1) (10,5,10,1) (8,1,13,1) (0,19,20,1) (3,19,10,1) (6,15,11,1) (13,26,8,1) (1,17,11,1) (17,2,10,1) (22,24,8,1) (13,17,15,1) (3,29,12,1) (18,29,12,1) (3,15,6,1) (1,29,12,1) 
(12,19,7,1) (18,3,13,1) (0,22,14,1) (26,27,7,1) (19,2,12,1) (14,15,3,1) (1,11,9,1) (8,3,17,1) (1,17,4,1) (14,19,10,1) (4,29,9,1) (26,7,8,1) (14,29,2,1) (11,4,7,1) (19,7,20,1) (7,6,7,1) (24,12,4,1) (3,7,6,1) (14,27,16,1) (3,12,13,1) 
(2,29,8,1) (29,6,16,1) (4,1,14,1) (5,14,6,1) (3,8,17,1) (21,19,15,1) (15,25,15,1) (4,3,11,1) (12,7,3,1) (29,9,9,1) (24,4,13,1) (5,0,12,1) (24,10,10,1) (14,25,17,1) (5,10,12,1) (19,13,2,1) (12,2,10,1) (15,22,8,1) (26,11,17,1) (26,23,12,1) 
(3,29,14,1) (12,20,7,1) (29,27,11,1) (29,13,11,1) (12,21,18,1) (26,2,6,1) (1,23,9,1) (25,15,10,1) (26,22,6,1) (23,16,13,1) (23,28,2,1) (2,19,9,1) (28,2,7,1) (21,18,9,1) (12,14,8,1) (29,16,6,1) (24,8,4,1) (5,14,16,1) (1,13,5,1) (15,27,12,1) 
(0,5,14,1) (17,0,4,1) (0,12,12,1) (7,28,13,1) (16,23,14,1) (11,4,8,1) (8,26,13,1) (17,19,12,1) (3,19,8,1) (8,13,15,1) (10,15,15,1) (11,3,8,1) (28,17,13,1) (28,15,7,1) (24,19,4,1) (13,17,16,1) (17,3,18,1) (5,7,5,1) (15,21,2,1) (6,19,12,1) 
(9,22,7,1) (3,1,2,1) (1,11,5,1) (17,12,8,1) (10,24,15,1) (3,9,8,1) (21,8,14,1) (20,26,13,1) (12,18,3,1) (26,0,13,1) (0,24,3,1) (8,17,9,1) (21,2,14,1) (19,22,11,1) (21,18,11,1) (5,2,8,1) (1,6,12,1) (17,18,5,1) (18,6,9,1) (25,13,12,1) 
(26,9,8,1) (26,22,7,1) (22,1,1,1) (8,25,9,1) (13,19,15,1) (5,19,13,1) (5,9,4,1) (16,27,6,1) (26,18,8,1) (18,23,10,1) (29,17,10,1) (1,20,9,1) (23,6,9,1) (6,26,12,1) (6,12,11,1) (14,19,13,1) (18,5,6,1) (13,21,13,1) (19,1,9,1) (29,22,12,1) 
(8,28,7,1) (21,10,7,1) (3,4,17,1) (17,10,14,1) (27,8,15,1) (15,5,9,1) (17,12,9,1) (24,19,5,1) (16,8,19,1) (26,25,4,1) (5,0,6,1) (26,9,12,1) (27,1,14,1) (21,16,20,1) (26,8,3,1) (29,12,11,1) (10,16,9,1) (17,25,13,1) (24,11,12,1) (13,28,3,1) 
(5,11,13,1) (16,11,5,1) (11,21,20,1) (6,12,3,1) (15,11,10,1) (8,16,5,1) (26,20,10,1) (20,21,10,1) (9,25,13,1) (3,12,12,1) (5,1,8,1) (20,10,14,1) (5,14,2,1) (16,28,7,1) (24,16,10,1) (2,19,21,1) (23,27,7,1) (11,1,11,1) (12,17,7,1) (29,25,9,1) 
(4,19,13,1) (26,25,10,1) (7,15,4,1) (20,10,12,1) (15,23,17,1) (14,18,14,1) (18,8,3,1) (3,18,12,1) (13,24,5,1) (24,4,11,1) (5,25,10,1) (13,25,11,1) (17,15,10,1) (5,7,5,1) (3,9,2,1) (10,24,1,1) (10,28,14,1) (29,21,11,1) (5,11,19,1) (23,9,14,1) 
(6,27,4,1) (10,13,14,1) (1,8,3,1) (25,16,4,1) (20,12,8,1) (24,12,7,1) (7,3,7,1) (26,19,7,1) (15,9,11,1) (10,29,9,1) (23,3,13,1) (9,13,8,1) (7,10,13,1) (27,3,5,1) (12,1,10,1) (25,11,9,1) (8,28,10,1) (0,22,15,1) (24,16,9,1) (25,29,1,1) 
(15,21,10,1) (1,24,6,1) (5,2,13,1) (9,2,17,1) (0,13,3,1) (21,7,20,1) (26,11,10,1) (15,11,12,1) (2,4,13,1) (17,2,10,1) (4,19,16,1) (6,24,7,1) (17,5,8,1) (22,11,13,1) (25,14,12,1) (16,5,7,1) (29,0,5,1) (23,22,10,1) (24,13,17,1) (19,9,6,1) 
(23,1,3,1) (0,18,8,1) (6,7,12,1) (19,27,10,1) (15,0,15,1) (18,26,7,1) (5,25,16,1) (12,26,18,1) (9,13,13,1) (17,8,13,1) (3,13,13,1) (20,25,8,1) (25,4,9,1) (11,4,13,1) (8,10,7,1) (25,0,9,1) (21,18,11,1) (17,1,12,1) (1,10,14,1) (29,8,2,1) 
(26,12,11,1) (16,9,11,1) (27,5,7,1) (27,8,3,1) (22,11,5,1) (0,17,16,1) (13,26,19,1) (21,2,7,1) (23,8,12,1) (24,22,6,1) (25,11,19,1) (6,15,12,1) (20,18,14,1) (9,3,15,1) (18,4,9,1) (10,24,13,1) (2,6,7,1) (0,29,10,1) (8,1,11,1) (24,13,9,1) 
(28,7,15,1) (16,1,18,1) (23,3,9,1) (8,3,5,1) (13,11,7,1) (28,10,8,1) (22,8,5,1) (5,18,5,1) (14,19,21,1) (10,15,3,1) (26,6,8,1) (28,16,14,1) (15,7,7,1) (13,27,1,1) (6,27,22,1) (4,10,8,1) (9,19,3,1) (9,4,8,1) (23,10,12,1) (6,8,10,1) 
(13,0,4,1) (3,20,8,1) (20,28,9,1) (6,25,13,1) (15,20,14,1) (14,24,12,1) (0,1,16,1) (16,27,6,1) (20,10,2,1) (9,7,11,1) (11,1,14,1) (28,11,12,1) (12,10,8,1) (13,17,12,1) (4,27,13,1) (3,11,5,1) (13,29,14,1) (9,29,13,1) (17,18,14,1) (18,0,7,1) 
(9,14,10,1) (3,0,15,1) (4,27,8,1) (14,3,13,1) (1,12,10,1) (18,11,5,1) (16,6,3,1) (29,24,5,1) (13,3,15,1) (12,11,21,1) (28,21,13,1) (28,27,16,1) (23,9,5,1) (24,10,12,1) (20,23,6,1) (6,7,23,1) (28,15,3,1) (19,5,13,1) (23,17,3,1) (20,24,10,1) 
(1,3,2,1) (11,2,12,1) (7,18,26,1) (27,21,16,1) (4,28,7,1) (29,17,9,1) (2,7,10,1) (0,14,14,1) (4,19,2,1) (26,22,9,1) (17,4,6,1) (11,5,19,1) (8,1,13,1) (14,18,12,1) (20,28,14,1) (18,0,9,1) (12,21,11,1) (15,26,10,1) (8,29,5,1) (2,10,16,1) 
(7,22,10,1) (26,29,10,1) (6,26,13,1) (29,8,4,1) (10,13,9,1) (8,27,6,1) (6,15,5,1) (11,9,12,1) (2,8,9,1) (9,5,7,1) (27,1,9,1) (28,9,8,1) (20,22,5,1) (20,7,9,1) (27,7,3,1) (3,20,14,1) (9,18,8,1) (3,8,9,1) (2,15,7,1) (3,13,5,1) 
(2,4,16,1) (23,17,6,1) (0,6,12,1) (19,26,11,1) (13,9,10,1) (2,15,21,1) (8,19,2,1) (8,14,3,1) (11,8,23,1) (6,1,8,1) (1,24,13,1) (19,13,5,1) (12,25,6,1) (24,25,9,1) (22,8,9,1) (6,13,10,1) (11,9,17,1) (10,17,7,1) (27,18,3,1) (11,25,4,1) 
(27,12,14,1) (22,5,13,1) (29,1,6,1) (5,10,16,1) (1,4,22,1) (19,24,21,1) (14,5,3,1) (18,17,15,1) (8,16,6,1) (6,27,11,1) (16,25,13,1) (26,21,15,1) (24,22,1,1) (19,11,9,1) (26,22,12,1) (14,28,8,1) (14,7,13,1) (21,15,16,1) (26,5,10,1) (16,6,13,1) 
(18,25,13,1) (0,27,5,1) (23,18,7,1) (25,2,6,1) (4,15,4,1) (29,10,16,1) (25,23,5,1) (27,1,1,1) (24,23,21,1) (1,2,11,1) (0,17,14,1) (4,24,9,1) (0,18,15,1) (10,6,11,1) (8,12,11,1) (16,22,11,1) (2,3,7,1) (12,14,8,1) (4,19,8,1) (18,17,8,1) 
(22,25,14,1) (17,20,10,1) (28,6,8,1) (20,15,12,1) (21,19,11,1) (28,15,7,1) (3,12,17,1) (10,14,11,1) (21,16,12,1) (8,3,12,1) (15,1,18,1) (0,20,10,1) (11,21,13,1) (12,9,4,1) (28,19,14,1) (24,4,9,1) (0,11,8,1) (18,3,10,1) (9,25,5,1) (18,8,8,1) 
(14,6,11,1) (28,8,15,1) (19,22,12,1) (1,16,13,1) (3,26,8,1) (12,6,11,1) (9,21,10,1) (0,3,4,1) (17,26,9,1) (24,10,7,1) (1,6,9,1) (25,9,8,1) (5,20,14,1) (24,26,7,1) (27,18,10,1) (28,14,11,1) (1,19,13,1) (20,27,19,1) (25,22,17,1) (16,24,10,1) 
(15,17,20,1) (28,27,10,1) (1,24,4,1) (25,1,19,1) (22,27,5,1) (26,29,18,1) (6,12,5,1) (0,8,8,1) (23,16,17,1) (29,24,11,1) (20,7,5,1) (8,9,18,1) (7,23,8,1) (9,26,10,1) (21,27,5,1) (26,28,13,1) (24,21,15,1) (25,11,10,1) (16,1,11,1) (8,13,4,1) 
(27,11,7,1) (18,27,18,1) (24,21,4,1) (29,7,15,1) (19,2,8,1) (5,3,3,1) (12,7,6,1) (9,25,11,1) (29,6,4,1) (4,10,12,1) (4,7,15,1) (17,12,10,1) (2,13,17,1) (24,5,12,1) (17,2,8,1) (24,14,1,1) (17,6,13,1) (20,15,17,1) (28,1,12,1) (22,24,11,1) 
(17,4,9,1) (10,3,8,1) (27,13,10,1) (29,16,14,1) (19,12,7,1) (1,14,16,1) (17,2,16,1) (25,20,1,1) (4,9,13,1) (16,27,8,1) (20,28,23,1) (0,13,15,1) (29,5,4,1) (24,21,7,1) (13,10,12,1) (23,0,11,1) (3,6,20,1) (17,14,7,1) (19,18,13,1) (0,25,11,1) 
(2,5,11,1) (14,15,15,1) (21,13,14,1) (8,12,10,1) (7,27,15,1) (29,26,11,1) (2,11,14,1) (0,26,5,1) (4,11,8,1) (29,15,8,1) (29,20,3,1) (1,6,6,1) (13,26,14,1) (13,18,12,1) (27,29,4,1) (23,26,13,1) (7,9,6,1) (0,17,11,1) (5,4,2,1) (21,5,18,1) 
(18,20,15,1) (23,25,11,1) (8,10,9,1) (22,19,6,1) (10,7,10,1) (27,24,14,1) (12,19,11,1) (14,22,3,1) (13,4,13,1) (4,25,10,1) (26,21,14,1) (29,14,12,1) (11,2,16,1) (23,6,2,1) (7,24,8,1) (13,5,7,1) (21,14,12,1) (27,5,14,1) (22,12,17,1) (29,1,16,1) 
(8,4,11,1) (17,9,7,1) (10,1,11,1) (9,29,18,1) (27,11,16,1) (29,1,10,1) (11,20,4,1) (21,29,14,1) (7,29,12,1) (22,18,12,1) (7,21,14,1) (25,29,11,1) (2,13,16,1) (18,6,5,1) (22,13,9,1) (19,9,6,1) (21,2,16,1) (14,17,11,1) (18,28,11,1) (19,29,7,1) 
(7,16,14,1) (0,12,12,1) (17,27,8,1) (14,15,13,1) (19,29,6,1) (12,2,7,1) (1,29,15,1) (14,0,4,1) (9,4,6,1) (0,19,11,1) (1,15,9,1) (1,25,10,1) (24,2,7,1) (7,25,9,1) (10,11,10,1) (12,18,11,1) (15,0,1,1) (14,12,6,1) (10,1,5,1) (11,9,20,1) 
(16,22,14,1) (28,21,6,1) (21,29,3,1) (4,27,7,1) (2,21,12,1) (12,10,7,1) (29,15,7,1) (7,20,18,1) (12,9,8,1) (9,22,3,1) (8,6,13,1) (8,27,3,1) (1,22,5,1) (18,15,8,1) (20,11,11,1) (18,8,9,1) (29,6,4,1) (16,18,8,1) (13,10,9,1) (25,7,5,1) 
(14,29,17,1) (7,18,11,1) (19,0,3,1) (25,17,5,1) (14,28,14,1) (18,17,8,1) (3,20,18,1) (23,29,16,1) (18,8,8,1) (2,25,12,1) (10,13,11,1) (24,28,9,1) (2,6,2,1) (4,22,2,1) (22,7,14,1) (0,27,15,1) (2,26,9,1) (18,20,4,1) (23,18,6,1) (0,28,8,1) 
(7,18,22,1) (28,2,20,1) (15,6,10,1) (9,5,6,1) (16,21,6,1) (12,8,12,1) (21,19,10,1) (6,29,12,1) (8,24,17,1) (2,24,12,1) (5,13,3,1) (6,14,18,1) (14,11,12,1) (28,18,6,1) (7,6,10,1) (26,3,1,1) (21,20,12,1) (3,27,7,1) (26,20,4,1) (18,14,12,1) 
(8,24,14,1) (18,23,14,1) (19,18,8,1) (18,17,13,1) (24,13,12,1) (24,20,14,1) (26,6,4,1) (19,26,2,1) (18,12,4,1) (25,27,7,1) (15,6,17,1) (27,24,9,1) (3,29,11,1) (23,8,11,1) (17,7,9,1) (22,4,19,1) (8,27,12,1) (6,22,15,1) (9,26,9,1) (0,16,11,1) 
(15,23,8,1) (11,1,19,1) (5,15,9,1) (24,3,15,1) (12,15,19,1) (10,9,13,1) (4,16,14,1) (21,3,8,1) (0,13,9,1) (27,18,22,1) (25,11,5,1) (14,28,10,1) (24,19,8,1) (17,16,17,1) (4,5,7,1) (25,16,11,1) (7,26,16,1) (11,15,7,1) (5,25,15,1) (9,25,13,1) 
(1,25,6,1) (1,29,12,1) (5,12,11,1) (23,28,10,1) (15,21,10,1) (22,12,14,1) (14,21,17,1) (4,5,14,1) (14,11,2,1) (13,6,10,1) (7,16,9,1) (4,15,6,1) (4,7,6,1) (24,16,16,1) (8,17,11,1) (14,4,10,1) (4,25,14,1) (0,10,10,1) (3,26,3,1) (4,20,3,1) 
(16,21,6,1) (23,24,19,1) (27,17,9,1) (1,5,6,1) (24,10,13,1) (21,19,8,1) (13,4,12,1) (25,2,9,1) (7,25,17,1) (0,1,7,1) (10,16,8,1) (0,18,5,1) (5,3,13,1) (22,1,3,1) (17,6,21,1) (9,12,8,1) (26,23,4,1) (19,16,7,1) (18,21,17,1) (6,16,14,1) 
(8,7,10,1) (4,23,12,1) (8,5,9,1) (4,25,8,1) (7,21,7,1) (14,22,8,1) (13,28,17,1) (9,26,12,1) (24,10,16,1) (16,11,17,1) (5,3,9,1) (15,2,16,1) (5,18,6,1) (4,6,16,1) (0,28,8,1) (27,25,10,1) (10,20,4,1) (24,26,17,1) (7,19,5,1) (27,5,8,1) 
(25,28,15,1) (4,27,9,1) (11,5,22,1) (7,0,13,1) (1,28,9,1) (2,18,12,1) (14,22,3,1) (29,25,6,1) (13,19,13,1) (6,28,1,1) (10,4,13,1) (0,8,13,1) (23,28,7,1) (15,8,11,1) (25,27,10,1) (10,18,8,1) (1,26,9,1) (2,1,14,1) (19,8,8,1) (21,1,13,1) 
(24,20,8,1) (11,6,17,1) (3,6,13,1) (25,16,11,1) (18,16,15,1) (3,19,7,1) (11,4,16,1) (29,26,7,1) (21,7,3,1) (17,3,4,1) (19,9,10,1) (8,7,8,1) (26,16,7,1) (4,26,13,1) (7,6,19,1) (10,19,10,1) (13,10,11,1) (12,21,13,1) (14,8,5,1) (25,28,13,1) 
(16,24,13,1) (16,7,10,1) (20,1,12,1) (9,21,22,1) (14,4,21,1) (22,7,5,1) (24,8,12,1) (10,18,6,1) (22,15,1,1) (2,27,6,1) (29,27,13,1) (25,0,4,1) (12,8,2,1) (29,15,10,1) (28,22,7,1) (8,4,11,1) (13,24,10,1) (9,16,10,1) (26,25,15,1) (18,1,6,1) 
(18,9,11,1) (1,10,11,1) (4,15,14,1) (18,7,5,1) (14,23,12,1) (4,10,18,1) (15,21,15,1) (19,11,8,1) (22,11,7,1) (5,20,12,1) (16,20,15,1) (5,26,22,1) (22,12,5,1) (23,7,11,1) (13,14,18,1) (24,29,9,1) (6,9,9,1) (10,14,15,1) (4,12,9,1) (14,5,15,1) 
(10,4,7,1) (8,3,11,1) (10,18,9,1) (2,16,9,1) (7,2,6,1) (29,9,3,1) (15,29,2,1) (24,19,12,1) (0,18,7,1) (11,17,16,1) (23,8,7,1) (26,15,9,1) (10,19,12,1) (29,22,9,1) (3,22,17,1) (12,18,11,1) (22,14,15,1) (0,4,15,1) (15,13,5,1) (28,0,4,1) 
(3,7,13,1) (25,9,10,1) (1,8,8,1) (28,7,7,1) (27,29,7,1) (11,15,14,1) (3,19,16,1) (9,18,5,1) (25,21,14,1) (29,0,4,1) (11,14,15,1) (24,16,15,1) (17,28,5,1) (22,15,9,1) (16,6,6,1) (16,18,10,1) (4,1,11,1) (7,8,13,1) (13,25,5,1) (24,26,13,1) 
(2,27,9,1) (13,4,4,1) (2,13,10,1) (7,0,14,1) (2,23,9,1) (6,14,13,1) (15,9,16,1) (27,21,8,1) (24,10,6,1) (5,6,4,1) (25,5,6,1) (26,3,11,1) (29,24,8,1) (11,23,10,1) (6,7,17,1) (25,23,6,1) (17,19,7,1) (17,0,3,1) (13,3,6,1) (20,9,8,1) 