(4,23,17,1) (17,5,6,1) (13,1,12,1) (14,13,9,1) (17,23,5,1) (23,29,20,1) (12,19,8,1) (1,22,4,1) 
(1,9,6,1) (26,6,10,1) (20,23,9,1) (25,11,14,1) (29,28,12,1) (15,5,4,1) (15,8,16,1) (5,25,14,1) 
(24,11,5,1) (28,17,9,1) (9,19,11,1) (2,17,9,1) (29,8,13,1) (28,6,5,1) (25,14,14,1) (21,11,28,1) 
(17,28,19,1) (20,2,10,1) (26,18,10,1) (27,15,5,1) (14,24,15,1) (9,1,13,1) (25,24,11,1) (15,2,10,1) 
(5,22,10,1) (6,21,7,1) (10,0,13,1) (11,20,17,1) (5,4,16,1) (4,0,3,1) (7,4,15,1) (15,26,8,1) 
(7,13,8,1) (5,14,10,1) (25,6,6,1) (17,11,17,1) (29,7,7,1) (17,16,6,1) (5,22,9,1) (10,8,8,1) 
(22,27,10,1) (23,5,2,1) (22,18,20,1) (12,2,3,1) (26,27,8,1) (23,21,9,1) (13,4,12,1) (26,11,6,1) 
(2,4,5,1) (29,15,5,1) (11,16,10,1) (4,13,17,1) (10,13,6,1) (27,29,3,1) (27,5,14,1) (23,19,7,1) 
(19,24,11,1) (10,25,7,1) (22,11,6,1) (28,17,10,1) (14,0,17,1) (5,23,4,1) (19,14,8,1) (4,14,4,1) 
(0,23,6,1) (23,3,4,1) (18,7,4,1) (21,17,8,1) (24,21,8,1) (9,15,13,1) (9,4,7,1) (27,6,7,1) 
(24,4,8,1) (26,4,7,1) (19,22,9,1) (17,13,18,1) (21,7,17,1) (23,25,14,1) (10,16,11,1) (21,19,4,1) 
(27,28,7,1) (23,26,21,1) (2,16,9,1) (25,20,8,1) (8,26,15,1) (12,22,5,1) (3,2,6,1) (3,15,9,1) 
(27,28,10,1) (15,5,3,1) (21,15,15,1) (17,9,7,1) (1,22,12,1) (23,3,15,1) (4,23,22,1) (15,4,14,1) 
(10,28,5,1) (12,4,4,1) (16,11,20,1) (19,26,13,1) (20,13,5,1) (23,5,18,1) (28,18,11,1) (22,2,16,1) 
(10,14,5,1) (8,11,12,1) (29,8,7,1) (3,22,16,1) (3,16,9,1) (6,12,12,1) (18,2,9,1) (23,1,13,1) 
(15,22,12,1) (1,24,13,1) (17,9,8,1) (16,26,7,1) (7,27,11,1) (13,20,12,1) (24,12,17,1) (28,29,1,1) 
(3,26,6,1) (5,4,14,1) (20,22,7,1) (20,18,3,1) (8,1,20,1) (9,4,14,1) (26,16,16,1) (13,3,7,1) 
(6,12,13,1) (14,16,13,1) (5,16,7,1) (6,1,15,1) (17,21,6,1) (6,24,8,1) (2,9,18,1) (17,7,9,1) 
(21,13,11,1) (23,1,13,1) (8,14,1,1) (13,2,21,1) (0,20,17,1) (4,5,4,1) (16,19,14,1) (2,22,8,1) 
(6,7,5,1) (9,13,11,1) (6,24,13,1) (14,29,11,1) (24,21,5,1) (14,25,3,1) (24,27,20,1) (13,24,7,1) 
(26,2,8,1) (21,0,16,1) (16,14,13,1) (23,7,3,1) (24,14,6,1) (0,15,8,1) (17,10,8,1) (16,20,8,1) 
(3,6,5,1) (28,13,8,1) (2,17,12,1) (1,13,6,1) (8,7,8,1) (1,20,19,1) (1,7,11,1) (14,7,17,1) 
(20,10,7,1) (0,20,20,1) (20,24,23,1) (12,28,10,1) (3,0,8,1) (12,11,3,1) (12,7,4,1) (15,24,12,1) 
(10,24,5,1) (6,14,15,1) (18,29,4,1) (0,22,14,1) (21,19,14,1) (19,5,13,1) (26,28,14,1) (12,21,16,1) 
(14,16,8,1) (25,26,11,1) (28,17,10,1) (10,21,15,1) (5,12,3,1) (0,19,9,1) (10,9,13,1) (5,21,15,1) 
(15,22,6,1) (0,23,2,1) (9,25,10,1) (8,24,2,1) (4,17,13,1) (23,24,13,1) (3,19,9,1) (9,17,11,1) 
(28,23,11,1) (24,7,9,1) (9,5,4,1) (18,22,18,1) (12,23,18,1) (3,18,12,1) (24,0,15,1) (27,4,14,1) 
(2,5,2,1) (29,3,8,1) (17,8,10,1) (1,3,1,1) (4,28,8,1) (3,19,12,1) (10,19,15,1) (18,16,9,1) 
(25,29,4,1) (27,26,7,1) (2,5,14,1) (9,2,9,1) (18,17,10,1) (25,17,4,1) (12,17,11,1) (22,10,11,1) 
(15,28,10,1) (25,27,12,1) (19,24,6,1) (17,22,15,1) (0,27,18,1) (14,27,12,1) (8,7,13,1) (20,14,11,1) 
(3,13,13,1) (26,20,12,1) (7,26,22,1) (27,16,7,1) (26,23,3,1) (12,20,20,1) (26,0,9,1) (5,1,16,1) 
(17,10,2,1) (0,29,10,1) (16,9,9,1) (19,8,11,1) (12,27,9,1) (27,17,5,1) (12,22,12,1) (2,7,10,1) 
(15,12,19,1) (15,21,12,1) (8,29,4,1) (15,13,19,1) (18,22,13,1) (9,13,7,1) (27,20,8,1) (1,4,7,1) 
(2,26,16,1) (12,1,8,1) (1,7,6,1) (3,5,6,1) (19,10,13,1) (20,8,5,1) (19,29,16,1) (1,13,8,1) 
(29,10,10,1) (27,12,12,1) (9,15,15,1) (10,3,12,1) (18,25,10,1) (0,23,13,1) (16,6,14,1) (1,10,15,1) 
(2,1,10,1) (10,26,17,1) (7,13,6,1) (3,19,1,1) (18,9,8,1) (10,18,12,1) (22,7,9,1) (9,13,9,1) 
(11,7,4,1) (12,16,18,1) (11,0,20,1) (2,7,9,1) (0,5,16,1) (29,0,11,1) (1,19,3,1) (12,9,7,1) 
(15,8,7,1) (10,2,6,1) (19,26,16,1) (17,0,15,1) (28,22,4,1) (25,29,18,1) (9,12,6,1) (26,4,13,1) 
(13,8,24,1) (28,19,10,1) (25,28,14,1) (19,27,12,1) (19,25,3,1) (4,28,5,1) (2,9,14,1) (4,14,10,1) 
(16,7,1,1) (12,25,11,1) (24,7,3,1) (26,5,10,1) (20,26,8,1) (5,14,8,1) (0,4,10,1) (11,3,15,1) 
(27,11,10,1) (19,20,9,1) (2,13,7,1) (18,23,7,1) (15,23,11,1) (9,11,14,1) (16,29,12,1) (28,27,5,1) 
(2,28,8,1) (23,28,14,1) (29,18,6,1) (7,22,5,1) (27,18,1,1) (20,18,3,1) (10,0,25,1) (9,16,13,1) 
(7,23,11,1) (19,5,16,1) (8,16,14,1) (20,29,9,1) (10,1,9,1) (5,17,7,1) (21,0,8,1) (1,17,7,1) 
(23,5,5,1) (25,17,10,1) (18,13,23,1) (26,15,11,1) (27,10,11,1) (11,8,5,1) (16,21,23,1) (11,28,7,1) 
(21,5,15,1) (10,19,11,1) (7,8,9,1) (7,4,15,1) (22,10,13,1) (26,7,8,1) (1,22,5,1) (5,14,13,1) 
(4,29,7,1) (19,22,14,1) (24,9,16,1) (20,28,6,1) (5,13,9,1) (2,16,10,1) (9,28,3,1) (23,6,12,1) 
(13,0,12,1) (9,17,17,1) (27,29,11,1) (22,19,14,1) (2,7,15,1) (20,12,17,1) (0,21,2,1) (1,26,8,1) 
(21,14,15,1) (21,18,6,1) (6,16,14,1) (19,18,11,1) (14,0,4,1) (4,23,8,1) (20,8,22,1) (17,11,7,1) 
(6,0,7,1) (23,22,12,1) (0,15,16,1) (21,20,6,1) (12,8,13,1) (1,20,3,1) (2,25,13,1) (0,5,3,1) 
(3,20,15,1) (6,16,23,1) (29,2,8,1) (10,11,7,1) (3,25,16,1) (26,0,9,1) (15,25,12,1) (27,16,4,1) 
(1,10,15,1) (22,18,10,1) (8,21,1,1) (21,7,11,1) (7,23,5,1) (27,17,11,1) (2,21,8,1) (29,7,7,1) 
(15,4,13,1) (21,10,6,1) (29,22,19,1) (0,20,9,1) (4,26,17,1) (29,2,14,1) (4,24,16,1) (27,10,12,1) 
(10,28,11,1) (29,17,10,1) (28,18,2,1) (0,10,2,1) (15,7,10,1) (27,23,20,1) (8,15,10,1) (4,15,12,1) 
(0,5,9,1) (7,25,7,1) (15,19,11,1) (2,9,16,1) (16,4,3,1) (27,20,2,1) (17,9,10,1) (9,20,13,1) 
(22,10,9,1) (24,9,12,1) (29,6,20,1) (12,8,9,1) (3,21,16,1) (3,17,8,1) (15,20,8,1) (7,28,17,1) 
(5,1,18,1) (4,21,10,1) (23,16,10,1) (13,6,12,1) (28,7,7,1) (23,9,9,1) (12,4,23,1) (19,2,3,1) 
(9,10,8,1) (27,14,13,1) (2,28,22,1) (6,28,15,1) (25,19,10,1) (19,29,8,1) (4,25,10,1) (8,16,6,1) 
(11,26,13,1) (5,29,12,1) (6,4,15,1) (20,7,6,1) (1,29,6,1) (28,5,12,1) (13,24,14,1) (13,29,9,1) 
(16,2,11,1) (14,26,6,1) (24,26,4,1) (11,10,2,1) (9,21,13,1) (24,19,14,1) (2,29,13,1) (24,17,9,1) 
(21,9,18,1) (13,29,15,1) (11,6,13,1) (16,12,9,1) (12,11,13,1) (3,5,8,1) (1,0,10,1) (5,12,14,1) 
(29,23,12,1) (16,25,11,1) (19,3,10,1) (20,3,8,1) (29,10,15,1) (12,8,6,1) (13,8,5,1) (26,14,15,1) 
(12,28,9,1) (4,29,8,1) (12,19,22,1) (4,1,4,1) (7,13,7,1) (11,29,4,1) (7,18,2,1) (29,26,13,1) 
(24,15,9,1) (1,4,15,1) (28,6,16,1) (5,22,12,1) (15,2,9,1) (27,5,14,1) (15,0,11,1) (26,3,5,1) 
(23,20,18,1) (5,11,12,1) (17,24,7,1) (12,10,9,1) (17,0,3,1) (29,21,13,1) (5,17,13,1) (17,10,12,1) 
(17,6,15,1) (22,19,18,1) (12,8,2,1) (28,10,12,1) (17,9,12,1) (1,26,9,1) (12,28,11,1) (16,6,10,1) 
(16,22,5,1) (17,4,14,1) (18,1,6,1) (4,14,8,1) (4,3,6,1) (4,28,7,1) (5,22,7,1) (13,0,9,1) 
(20,1,5,1) (21,7,3,1) (13,19,7,1) (17,12,9,1) (22,20,11,1) (13,23,5,1) (23,28,12,1) (5,9,3,1) 
(6,10,4,1) (17,3,1,1) (19,3,5,1) (12,27,11,1) (10,28,4,1) (3,28,15,1) (23,26,5,1) (0,21,18,1) 
(21,17,13,1) (15,29,11,1) (7,11,4,1) (22,17,3,1) (8,2,10,1) (4,16,5,1) (4,23,7,1) (2,6,8,1) 
(29,28,7,1) (9,5,9,1) (24,23,8,1) (11,2,24,1) (18,10,9,1) (3,21,10,1) (6,2,9,1) (29,10,4,1) 
(29,18,8,1) (25,0,7,1) (10,15,10,1) (7,8,14,1) (6,1,15,1) (0,26,3,1) (22,11,15,1) (10,14,3,1) 
(10,9,4,1) (5,24,10,1) (5,0,7,1) (12,17,15,1) (13,3,14,1) (13,4,14,1) (26,23,11,1) (16,20,14,1) 
(6,2,7,1) (25,22,20,1) (13,4,15,1) (5,14,9,1) (27,2,3,1) (11,0,15,1) (4,26,6,1) (6,18,7,1) 
(29,4,13,1) (13,14,10,1) (4,5,10,1) (20,9,12,1) (6,22,11,1) (6,21,15,1) (22,13,9,1) (0,28,12,1) 
(12,22,14,1) (23,16,12,1) (23,12,9,1) (26,9,8,1) (28,25,5,1) (0,23,7,1) (0,16,5,1) (28,12,15,1) 
(2,15,4,1) (1,24,8,1) (5,12,1,1) (19,7,4,1) (26,24,8,1) (9,18,9,1) (2,1,2,1) (7,26,1,1) 
(4,11,17,1) (6,13,10,1) (29,8,8,1) (13,18,13,1) (0,13,12,1) (10,25,12,1) (6,7,3,1) (9,22,13,1) 
(26,23,5,1) (25,17,2,1) (9,24,22,1) (24,3,7,1) (15,19,25,1) (2,18,12,1) (16,10,7,1) (21,8,10,1) 
(11,23,5,1) (1,14,14,1) (25,19,11,1) (8,17,14,1) (9,26,9,1) (12,26,10,1) (21,5,12,1) (24,17,8,1) 
(3,19,10,1) (5,19,13,1) (17,18,10,1) (29,26,2,1) (28,26,14,1) (29,2,9,1) (10,3,9,1) (9,25,17,1) 
(3,23,14,1) (2,23,9,1) (6,7,9,1) (21,19,5,1) (10,17,15,1) (24,15,10,1) (23,22,8,1) (17,2,6,1) 
(29,0,9,1) (29,23,10,1) (13,14,17,1) (14,0,6,1) (20,4,9,1) (13,28,15,1) (16,2,3,1) (3,7,10,1) 
(28,6,18,1) (23,10,11,1) (2,15,16,1) (12,24,14,1) (7,1,8,1) (8,28,13,1) (19,21,12,1) (7,3,8,1) 
(24,4,17,1) (5,2,13,1) (14,3,8,1) (0,1,8,1) (22,21,7,1) (14,24,21,1) (28,27,8,1) (21,26,13,1) 
(4,22,12,1) (9,22,6,1) (20,1,17,1) (0,7,19,1) (23,14,8,1) (1,8,16,1) (6,25,10,1) (17,3,8,1) 
(29,12,12,1) (8,26,8,1) (20,1,17,1) (16,12,9,1) (5,29,16,1) (2,20,19,1) (18,27,12,1) (13,2,1,1) 
(3,8,17,1) (4,24,16,1) (13,6,15,1) (12,22,9,1) (28,19,16,1) (15,26,11,1) (9,2,3,1) (1,27,11,1) 
(0,18,16,1) (19,12,24,1) (20,22,8,1) (29,9,12,1) (10,29,19,1) (3,2,15,1) (5,9,5,1) (13,29,9,1) 
(29,10,12,1) (20,8,10,1) (15,6,18,1) (12,15,17,1) (5,14,11,1) (15,21,3,1) (17,7,13,1) (25,16,18,1) 
(23,2,11,1) (23,1,11,1) (7,12,3,1) (22,23,5,1) (1,27,12,1) (26,6,8,1) (14,20,9,1) (15,16,12,1) 
(17,26,14,1) (21,0,5,1) (1,26,10,1) (15,1,7,1) (8,25,9,1) (19,25,3,1) (0,12,6,1) (0,14,13,1) 
(13,16,7,1) (28,9,15,1) (24,28,23,1) (15,23,11,1) (16,26,7,1) (20,25,13,1) (8,15,21,1) (22,20,5,1) 
(20,22,8,1) (25,1,9,1) (27,23,16,1) (28,1,11,1) (25,17,14,1) (29,9,7,1) (22,8,6,1) (8,29,6,1) 
(10,2,7,1) (6,23,19,1) (11,16,11,1) (21,26,17,1) (28,23,4,1) (12,4,5,1) (22,0,15,1) (0,18,9,1) 
(24,21,7,1) (24,23,9,1) (29,23,13,1) (16,10,17,1) (4,12,14,1) (14,25,10,1) (11,18,10,1) (11,21,10,1) 
(4,5,10,1) (9,15,15,1) (26,24,10,1) (12,16,7,1) (17,5,17,1) (17,10,16,1) (1,28,1,1) (5,22,15,1) 
(2,26,15,1) (23,13,8,1) (25,14,15,1) (29,6,11,1) (9,28,21,1) (1,7,8,1) (24,13,10,1) (9,17,7,1) 
(21,22,3,1) (3,18,15,1) (6,9,7,1) (15,16,12,1) (4,6,19,1) (20,8,3,1) (25,29,10,1) (16,28,13,1) 
(20,12,7,1) (22,2,2,1) (16,5,22,1) (2,8,7,1) (21,4,6,1) (22,29,10,1) (5,19,10,1) (29,25,10,1) 
(4,14,10,1) (19,25,10,1) (22,17,5,1) (13,8,12,1) (25,18,16,1) (7,26,17,1) (23,15,15,1) (18,11,20,1) 