0.870491735294905
0.8735050526935305
0.8660653432702533
0.8143638921782543
0.9061622324175825
0.9080542311295223
0.9114387468880483
0.8596926845668202
0.8900969958035005
0.9314637972604025
0.8317161744693375
0.8992807270693127
0.8280615483970835
0.9206808518810606
0.8010090072350734
0.9110532700248206
0.8691024329242765
0.93781078464297
0.9034069072334138
0.890218761446779
0.8954067477947045
0.9025792594514943
0.86272577519355
0.9006102117381461
0.8648158492928216
0.8539398859611896
0.8915040805221468
0.937764179772864
0.9109251290664296
0.9208199825401744
0.8611900636533281
0.9010319077460083
0.8955295027723944
0.863550143621242
0.8684456920811784
0.9171180698590501
0.8935456772324892
0.8751835137009149
0.8377033812992676
0.8639299048275382
0.9363995158631447
0.9170148473086396
0.9436016160053913
0.8707668364802295
0.884912139697661
0.8505253834453361
0.9430437206061554
0.8966372843836812
0.8610758303111998
0.900648431297874
0.8837747977963352
0.8853295160277157
0.8717877101326222
0.8917004319346001
0.8671178955628913
0.8881872782485286
0.9132219072436603
0.8637087217523151
0.8815688694561276
0.8935325281588471
0.9112716820474154
0.8644104778640219
0.9241032213437225
0.8681714285798753
0.8800351778213266
0.9012746571418769
0.8858523059568918
0.832787188994154
0.9168056133279846
0.9255262824389419
0.8738897538829934
0.9454303730692585
0.914462778918067
0.8757111456966911
0.8635546926684414
0.8909670601516754
0.8527392648432895
0.8961987690391021
0.9050318558873119
0.917856394977339
0.8544113601613261
0.88095371091641
0.8813882021644357
0.8659607330799157
0.8742076938288383
0.8734925709424273
0.8496286567822517
0.8762804768573065
0.9032359619757218
0.9021571671034817
0.9340093230979386
0.9361735658350414
0.9322630540176897
0.8163843592533594
0.8498280645605534
0.8988252227181581
0.9255450312043125
0.8701117563791995
0.8861766860523411
0.8968050451274393
