0.909940153118882
0.8646967442994755
0.9309869335167225
0.7869757016707272
0.8917623178038092
0.9304001334289316
0.9217535060174199
0.8830391034629125
0.8672019985724484
0.8855137660732904
0.8688978650808041
0.9356867718710177
0.8556997928879838
0.9061289294219865
0.9555600090852008
0.9090411890752015
0.8673953228648177
0.912136137153347
0.9330192403863867
0.8351519035429366
0.845788872939834
0.902887023345867
0.9502643379427409
0.8857861702098652
0.9011228101819493
0.8762506234143593
0.9140490032522789
0.9169325598259608
0.8947089132580527
0.8698973653384897
0.9340358934099146
0.9105990783410137
0.8552527269747423
0.8847298656498942
0.829658250823797
0.8737393241737837
0.8496356868113544
0.8507697625399195
0.8482469726416505
0.8916567116258485
0.8488917470939791
0.8109139547613584
0.8572494926482593
0.9218116579112443
0.9163794838303025
0.9191323486197817
0.9041140525593175
0.8673720312413723
0.8355199015182599
0.8776969471919339
0.9051486686731851
0.7929045961946942
0.8828690240781666
0.8712562909877271
0.8864523220665018
0.8672422345374935
0.8959321178493611
0.8417194771339448
0.8726650343608516
0.9498525534324094
0.9125518398823806
0.9182019987170397
0.8857716859528907
0.8929198892710344
0.9431729017918954
0.8648712867162415
0.9015738830623637
0.8605893203194718
0.8808190869386892
0.8616333603263726
0.8346974677380082
0.9120414371562838
0.9185280223945879
0.8993032823685949
0.8738406768630005
0.8621088198224774
0.8751801756696733
0.8968469646640331
0.8980891500378846
0.8502237408724956
0.9363244285729424
0.9005771001739489
0.916810806120383
0.9262270211797606
0.9166709198672004
0.8471528578708796
0.9143968357208201
0.8795529315351307
0.8854008429982977
0.8921745328649253
0.8621487948729856
0.9212874921746201
0.9338243878934642
0.8829493433808463
0.868705011294646
0.8726207415193583
0.9342823208613273
0.8760154845338126
0.8863221884498483
0.8855549733647714
