4.333333333333333
6.666666666666667
2.3333333333333335
5.0
5.5
8.333333333333334
7.166666666666667
4.166666666666667
6.833333333333333
8.333333333333334
4.333333333333333
8.0
3.5
6.666666666666667
4.833333333333333
4.5
5.666666666666667
7.666666666666667
6.666666666666667
7.833333333333333
4.666666666666667
7.333333333333333
6.166666666666667
4.666666666666667
4.666666666666667
4.833333333333333
3.8333333333333335
5.833333333333333
7.666666666666667
7.333333333333333
2.5
8.5
6.666666666666667
5.833333333333333
5.666666666666667
6.833333333333333
6.5
3.5
5.0
4.5
5.666666666666667
5.333333333333333
9.5
7.666666666666667
2.3333333333333335
4.166666666666667
8.333333333333334
7.166666666666667
6.333333333333333
4.5
4.666666666666667
5.333333333333333
7.666666666666667
5.0
4.666666666666667
7.333333333333333
4.5
5.666666666666667
3.5
6.833333333333333
7.333333333333333
5.0
4.833333333333333
5.666666666666667
5.833333333333333
4.666666666666667
5.5
3.8333333333333335
7.166666666666667
4.666666666666667
4.333333333333333
7.166666666666667
7.333333333333333
6.333333333333333
4.833333333333333
6.666666666666667
4.166666666666667
6.833333333333333
7.5
7.833333333333333
5.333333333333333
6.833333333333333
3.3333333333333335
6.666666666666667
6.833333333333333
4.833333333333333
4.666666666666667
5.333333333333333
6.666666666666667
6.5
9.333333333333334
8.833333333333334
8.833333333333334
2.3333333333333335
5.166666666666667
4.333333333333333
4.666666666666667
4.666666666666667
4.5
7.5
