0.8773818383840502
0.8659113864386235
0.8903124987224506
0.9436875417448553
0.9110334553858581
0.8477569963585142
0.9125103119169802
0.8942172812434497
0.8712232281237993
0.8897192935628805
0.8636668055491257
0.8783215264940513
0.9102529550922376
0.8300041375712459
0.7649386759770003
0.9003523400173404
0.8692602759009007
0.8578671509353175
0.8285027059530967
0.7863191385217813
0.9354161656321255
0.8553682382744928
0.8763680666518286
0.9014989353461345
0.8171702399867153
0.8661470733874636
0.9024195883637012
0.8591181061394384
0.8350083183556039
0.8946123455727878
0.8878818987612616
0.7948588853657838
0.9447627578778449
0.876682840758712
0.8576891019938003
0.9108245456700783
0.809283218931587
0.8444795375513022
0.8895701079159982
0.87418871765657
0.8989733823450257
0.961875917040092
0.9126355571484372
0.8421862058473867
0.8621255339766074
0.8529602183043951
0.8658275360033447
0.8296747905385277
0.9096408223311019
0.8837965310563992
0.787581829721643
0.8384419220418435
0.8914285018448386
0.8495979034454408
0.8884384016598647
0.8734881944056205
0.8569238652909966
0.9329193989596035
0.852251339601658
0.8058380247910932
0.8667894866126253
0.9358473501624137
0.9339277880528816
0.9212790242074242
0.8966885638076718
0.89445012520028
0.9099480647953504
0.847753836307392
0.9178305901425262
0.9090179425982239
0.8418262063264796
0.903350860913496
0.858091570447411
0.8010487628634791
0.8635892560019014
0.8663364033863619
0.900283432151733
0.8615184466019414
0.9321381373463038
0.8900606711188379
0.8428943725059042
0.8594306522275117
0.8739796777634312
0.8580327490305013
0.8733808976972403
0.8686766163961799
0.8943992400253328
0.7922592250140306
0.8912518737154427
0.9007089141428279
0.8429891191247735
0.9126258230404825
0.8826071635986351
0.9165442685763807
0.8383207315624877
0.9014084420755991
0.8080241284982818
0.935048780626878
0.8512328451627762
0.8527614371857811
