0.8908141613712038
0.8856383982685799
0.9156464906294294
0.9574470683210433
0.9189845667209945
0.8580861482746884
0.9351489820682215
0.9134215478430717
0.891110565509039
0.908714856407088
0.8830496226771448
0.9023631657629917
0.9266797107019323
0.8577003793687948
0.7968180952985215
0.9156477111676317
0.8853543274588304
0.8832575140864181
0.8464199998215577
0.8246658585008937
0.9504530680272546
0.8615213530433298
0.8887012021229203
0.9207904994006556
0.8509760694968038
0.8932700478635707
0.923387805072792
0.8784511842616162
0.8538301894395943
0.9176682442571859
0.9069956728793483
0.8160701009230628
0.9556953880799369
0.8919867265770126
0.8757437970701807
0.9276939602425689
0.8242463662972505
0.861739622946841
0.9113516214479168
0.890540881239336
0.9193785202929017
0.9702810953275296
0.9274311703859983
0.8583578770210976
0.8808962439017154
0.8703610729527712
0.8824435667440879
0.8498014289591277
0.9340507864650751
0.8979281863822502
0.8040770550525153
0.8757575389400531
0.9107114092657227
0.8627831488275934
0.9085518788218626
0.9033880232312479
0.8828936951561082
0.9464120256283887
0.8836027291025852
0.8185149330856476
0.8857102823884456
0.9539417183543142
0.9465634266886326
0.936552434857385
0.9239494078385937
0.9017702758336764
0.9394764477879824
0.8728218411502343
0.9312727314846989
0.9255184469940804
0.8669949993911279
0.9211018024964899
0.8845072340181583
0.8451550571321823
0.8987481289971422
0.8877752930135979
0.9202635140575339
0.8788601139937311
0.9548134479424234
0.8995252453647775
0.8741797829063405
0.8777724570014765
0.8919450892739949
0.8729890795180374
0.8986633949360149
0.8906607576208028
0.922504725338043
0.8169906285673034
0.912455259317208
0.9148091794638515
0.8644387425818945
0.935724583892426
0.9076103511298185
0.920245984325289
0.8602150537634409
0.9219781016127333
0.8281895659358769
0.9464803922157669
0.8847245045291227
0.8786344311088577
