4.3333333
6.6666667
2.3333333
5.0833333
5.5
8.4333333
7.1666667
4.1666667
6.8333333
8.5
4.3333333
8.2222222
3.5833333
6.6666667
4.8333333
4.5
5.6666667
7.8333333
6.8333333
8.0
4.6666667
7.3333333
6.3333333
4.8333333
4.6666667
4.9166667
3.8333333
5.8333333
7.8333333
7.3333333
2.5
8.6666667
6.8333333
5.8333333
5.6666667
6.9166667
6.5
3.5
5.0
4.5
5.6666667
5.3333333
9.6666667
7.75
2.3333333
4.1666667
8.5
7.3333333
6.5555556
4.5833333
4.6666667
5.4166667
7.6666667
5.1666667
4.8333333
7.5833333
4.5833333
5.6666667
3.5
6.8333333
7.4166667
5.1666667
4.8333333
5.6666667
6.0
4.8333333
5.5
3.8333333
7.3333333
4.6666667
4.3333333
7.3333333
7.5833333
6.3333333
4.8333333
6.8333333
4.3333333
6.8333333
7.6666667
7.8333333
5.3333333
6.8333333
3.5833333
6.6666667
6.8333333
4.9166667
4.9166667
5.3333333
6.6666667
6.5
9.5833333
9.0
8.8333333
2.3333333
5.1666667
4.5
4.6666667
4.6666667
4.6666667
7.75
