0.8939607757236774
0.8265762875020058
0.9207349203191654
0.7668631086234731
0.8544668270259406
0.9118136068974925
0.9130168320031822
0.8681451993877589
0.8547019857359376
0.8786320130848522
0.8410010922011304
0.9252510610021871
0.8503643959461773
0.8827603218417807
0.9393289724891238
0.8884766455880426
0.8563026337453582
0.8914458107823823
0.8878896584384063
0.8198206021357665
0.8350727301415376
0.8875011064727775
0.93858810558402
0.8682512132008444
0.8874791875373059
0.8662833145216234
0.8960649902989966
0.9006245713966972
0.8760509433800231
0.8330234539271296
0.9040498144249427
0.8937308014521085
0.8399535296695188
0.8659914118722912
0.8138820807576909
0.8427462728866649
0.845468685891351
0.8312661478102773
0.8381806286826855
0.8753374009077904
0.8231327092289767
0.7894114140008962
0.8292967348403298
0.9042876407062452
0.8959451408893265
0.885985377796161
0.889099870100099
0.8542952537735627
0.7975315611208047
0.8575822618707751
0.8727508017914245
0.7556683701368401
0.8529515542794548
0.8444499286775486
0.8624025810776837
0.8635550145136983
0.873512254187755
0.8217503233665282
0.8421920073070764
0.9450662787445335
0.8983274593952373
0.9014663805436338
0.8724116052373535
0.8654959390236573
0.93212344858682
0.8450886390287644
0.8923584311793527
0.8458746695471735
0.8596370922808335
0.8478914208964828
0.8245398584360016
0.8931682865801793
0.8878018930441542
0.8812732051228568
0.8535787605002428
0.8326927200938528
0.8562379169121836
0.8805162149105583
0.8830798596059455
0.8264146618298359
0.9251951631725082
0.8783860556834245
0.9013993930827514
0.9080785187703425
0.8986413489085453
0.8442368726615921
0.9027397884755648
0.8604574894238328
0.8652899638293551
0.8783439246612049
0.8502037779899528
0.9011933824896217
0.922683290023066
0.8740940785183702
0.8543694609908471
0.8703363615642604
0.9235340253979035
0.8633611979030728
0.862019306575098
0.8716228253080095
