4.4444444
4.0
4.5555556
7.2222222
6.7777778
3.5555556
6.4444444
7.6111111
5.0
3.7222222
4.3333333
4.5555556
6.8888889
5.4444444
2.8888889
5.2222222
5.5555556
3.7777778
4.1666667
1.8888889
7.2222222
3.2777778
3.8888889
5.8888889
3.5555556
5.7222222
6.0
4.4444444
3.2222222
5.3333333
3.5555556
4.1111111
8.8888889
4.8888889
4.4444444
4.5555556
4.3888889
2.1111111
4.3888889
3.4444444
5.5555556
7.7222222
5.1111111
3.2222222
3.7777778
3.0
6.0
6.3333333
6.2222222
3.2222222
3.4444444
2.6111111
7.6111111
5.1111111
6.1111111
5.2222222
7.8333333
7.2222222
3.6666667
2.6666667
2.8888889
7.6666667
7.4444444
7.2222222
5.0555556
5.4444444
6.0
4.2222222
6.7777778
6.1111111
4.1481481
4.1111111
5.1111111
2.6111111
4.0555556
4.4444444
4.5185185
2.7222222
7.6666667
5.2222222
3.2222222
5.3888889
6.0
3.8888889
6.2777778
4.1666667
5.7222222
1.8888889
4.4444444
5.8888889
5.1111111
6.8888889
5.8888889
4.3333333
5.0
5.5555556
3.3333333
7.1111111
2.4444444
3.5555556
