4.111111111111111
3.888888888888889
4.111111111111111
7.0
6.444444444444445
3.3333333333333335
5.888888888888889
7.444444444444445
4.888888888888889
3.3333333333333335
4.0
4.333333333333333
6.666666666666667
5.111111111111111
2.7777777777777777
4.555555555555555
4.666666666666667
3.5555555555555554
4.0
1.6666666666666667
6.777777777777778
3.111111111111111
3.888888888888889
5.555555555555555
3.5555555555555554
5.222222222222222
5.333333333333333
4.333333333333333
3.111111111111111
5.222222222222222
3.2222222222222223
3.4444444444444446
8.666666666666666
4.555555555555555
3.888888888888889
4.222222222222222
4.111111111111111
1.8888888888888888
4.333333333333333
3.3333333333333335
5.333333333333333
7.444444444444445
4.333333333333333
3.111111111111111
3.6666666666666665
2.888888888888889
5.555555555555555
5.888888888888889
5.666666666666667
2.5555555555555554
3.2222222222222223
2.4444444444444446
7.333333333333333
5.0
5.555555555555555
4.777777777777778
7.111111111111111
7.0
3.3333333333333335
2.5555555555555554
2.6666666666666665
7.444444444444445
7.333333333333333
7.111111111111111
4.666666666666667
5.333333333333333
5.555555555555555
3.888888888888889
6.444444444444445
5.444444444444445
3.888888888888889
3.888888888888889
4.777777777777778
2.4444444444444446
3.6666666666666665
4.222222222222222
4.111111111111111
2.2222222222222223
7.444444444444445
5.111111111111111
2.5555555555555554
4.777777777777778
5.555555555555555
3.888888888888889
5.888888888888889
3.5555555555555554
5.0
1.8888888888888888
4.111111111111111
5.555555555555555
4.444444444444445
6.555555555555555
5.444444444444445
3.888888888888889
4.777777777777778
5.444444444444445
2.888888888888889
6.666666666666667
2.2222222222222223
3.111111111111111
