292.6837965
273.96404097999994
275.9778904
239.5
277.31944479000003
271.47499219999895
297.4310355
256.35261190000006
259.3695653
279.524451
277.997245200035
281.248168900003
234.875
263.85886000000005
285.0283647
258.605298099987
270.64037590000004
272.58059480008217
286.7500007
258.06369272999996
284.3491084
275.64709933000694
243.5
297.8553647
274.125
281.2937023
279.42882610000004
268.4796662
262.441526400002
288.24489749
264.162143950007
267.51690303
255.49999939999998
260.652381738998
252.841740910002
275.13136040000006
306.87781839999997
273.3304183
241.5
254.29856999999
266.26497450000306
273.45652160000094
290.3825355000001
252.0
294.91452289999995
276.17850250000004
277.30913469
303.2733705
299.56936479999996
294.97640409999997
287.2470448
267.64748300001
286.462301599998
269.30588651999994
279.129610799975
257.99100902000004
278.9462418
277.74309839999995
230.61111040000003
262.3885232
268.99999953999696
290.0291942
279.419196399999
215.75
269.8859316
290.03333399998405
281.5141975
273.86879244
267.757249800004
276.4178813
270.2226061
281.34019856000003
270.6933183000035
276.22533380000004
263.55401891999895
295.981957
272.71119000002096
255.4554556
274.8255815
268.0000000008469
264.484512299997
272.726339190026
291.4428688
268.99999977000004
273.57620330000003
286.0051552
276.387151500006
232.0
279.7758627
248.875
272.14880450000004
269.01246509999896
271.479118800001
290.9460322
261.4999996
289.00000063
267.54612789000004
276.41238909999805
268.183334
264.43139529999996
