4.444444444444445
4.0
4.555555555555555
7.222222222222222
6.777777777777778
3.5555555555555554
6.444444444444445
7.555555555555555
4.333333333333333
3.6666666666666665
4.222222222222222
4.555555555555555
6.888888888888889
4.777777777777778
2.888888888888889
5.222222222222222
5.555555555555555
3.7777777777777777
4.111111111111111
1.8888888888888888
7.222222222222222
3.2222222222222223
3.888888888888889
5.888888888888889
3.5555555555555554
5.666666666666667
6.0
4.444444444444445
3.2222222222222223
5.333333333333333
3.5555555555555554
4.111111111111111
8.444444444444445
4.888888888888889
4.444444444444445
4.555555555555555
4.333333333333333
2.111111111111111
4.333333333333333
3.4444444444444446
5.555555555555555
7.666666666666667
4.555555555555555
3.2222222222222223
3.7777777777777777
3.0
6.0
6.333333333333333
6.222222222222222
3.2222222222222223
3.4444444444444446
2.5555555555555554
7.555555555555555
4.666666666666667
5.333333333333333
5.222222222222222
6.777777777777778
7.222222222222222
3.6666666666666665
2.2222222222222223
2.888888888888889
7.666666666666667
7.444444444444445
7.222222222222222
5.0
5.444444444444445
5.111111111111111
4.222222222222222
6.777777777777778
6.111111111111111
4.111111111111111
4.111111111111111
5.111111111111111
2.5555555555555554
4.0
4.444444444444445
3.6666666666666665
2.6666666666666665
7.666666666666667
5.222222222222222
3.2222222222222223
5.333333333333333
6.0
3.888888888888889
5.777777777777778
4.111111111111111
5.333333333333333
1.8888888888888888
4.444444444444445
5.888888888888889
5.111111111111111
6.888888888888889
5.888888888888889
4.333333333333333
5.0
5.555555555555555
3.111111111111111
6.444444444444445
2.4444444444444446
3.4444444444444446
