241.000000000001
283.7489449
268.3824739
280.81607359997
290.96527224000005
300.9199643
274.5920735
318.27510179999996
270.4704862
277.2453116
254.629721999999
283.8153148
253.8517209999821
268.5687772
237.9999999
284.0880763
273.72232410000504
288.20527799999996
267.39762690000003
259.0
292.2047625
266.7748281999962
275.44202730000006
269.29062380000005
259.23377209999995
283.68454329
285.4569640999975
278.6718009
271.5000003
269.1478865
270.2499994
298.47786529999996
263.8965917
270.77457730000003
299.76564930000006
266.2532388
275.81527866000005
269.00476065
259.63483415999997
275.99161499999997
272.1673827
276.7047355
265.8501916
289.86488448
263.5
288.753809429999
249.2379935
278.97579190000005
272.6768791
298.3511524
276.70385317
276.3333755
243.0999999999713
260.759756399995
267.50000009999997
261.9999997
257.2038295
289.0029992
256.57174879999997
236.33333257
302.8533974
248.89051209999002
255.5
292.7500004999845
279.64197469999897
272.99644940000945
295.35446834
278.273808999999
267.127847099998
288.5537726000805
283.421874999999
284.8916072
291.690277899999
275.84012710000104
282.1870132000001
238.75
273.26698179999903
261.04775219995696
272.163215699999
269.95483920999396
283.76644287
278.782939
275.98214190000004
248.333334
260.7905676
272.55835020000103
271.28237309999395
283.231203600018
297.789221299999
267.6981774
258.9239797
292.0669307
273.0592914
297.23350258
290.36451119
276.54999999999995
279.6190383
242.21202120000297
251.137712655001
297.52724550001903
