274.48306249999996
279.669169999999
280.36810999000005
270.6401611
291.04818350000005
284.8289484
283.8952902
293.2657008
258.9653581
279.72849385
284.59886890002105
256.096729300003
217.125
293.3597861
274.36111152
263.8934848
265.61223770000004
256.9534162
262.685546
270.7307184
256.6688841
245.43906950001403
269.8477539
275.67627849999997
281.0621492
263.5307316
292.837389
263.129001
285.2914174
253.12395
291.9164133
308.21625620000003
269.44363401
286.5722172
280.9482609
253.26781929999999
254.808301299994
266.6837408
287.78674767999996
310.2714457
262.0
299.900627
252.59079253
260.24603179990504
263.22918702000004
272.99999959999997
294.2197844
270.13312340000004
277.244681
288.59018879999996
280.13014929999997
264.75
272.0275143
299.18251150000003
281.14906740000004
276.1350911
262.750001
260.60025909999996
265.5132636999944
306.5615657999999
287.37331080000007
271.8186392
288.60000130001407
260.9350907
289.1925035
290.70361929999996
274.6547493
261.17650722
270.0631929
266.719892300004
256.25
261.29196876000003
271.11524299999996
293.76728840000004
270.6453112
281.0786987
243.86956530000296
272.52296809999996
297.47149520000005
268.52500000012515
273.9405303000245
255.8809573
269.5129257001308
280.608928
274.9968462
291.00915924
261.4587463
269.0618814
273.68164029999997
262.73692900000003
272.67072612699997
257.657058
270.6514244
265.13348240000005
292.24320570000503
274.7775757999358
274.2863066
259.5272588
255.250000500001
278.7959498
