3.125
3.0
4.75
5.75
2.625
3.25
3.25
4.125
1.375
5.5
2.0
6.0
3.125
3.375
2.75
4.0
2.625
2.625
3.875
4.0
5.75
6.5
5.875
2.875
3.375
3.375
6.0
5.75
5.5
9.625
3.75
6.375
5.625
6.125
6.125
3.625
6.25
3.875
2.5
2.875
5.875
5.75
5.5
3.125
5.0
5.125
4.75
8.125
2.875
4.0
2.5
5.75
2.875
4.0
3.375
5.5
3.625
4.375
8.125
5.5
4.125
3.75
5.125
5.5
4.5
5.75
7.5
4.75
4.125
7.875
4.5
4.5
6.0
3.875
6.125
7.0
1.75
2.5
4.375
2.375
4.25
3.75
3.5
5.5
4.25
4.125
2.625
6.375
4.0
5.0
8.875
3.0
4.375
4.625
3.875
5.625
4.125
5.75
4.875
5.625
