0.8144664916282873
0.8377841451246176
0.9074414679264791
0.8648845481281298
0.8200696715484146
0.8855433064956616
0.8626325630911598
0.8358605423353624
0.7768076639920974
0.8792976918906359
0.8266205339147245
0.8662627667114655
0.8311499932670183
0.8540936879391834
0.9134898931292754
0.8885853398384261
0.8390712416260475
0.8937003150285772
0.818893974476334
0.8703225396017559
0.9013595581700453
0.9256949661908339
0.91493311302622
0.7841896111968979
0.7862879676254857
0.8264463261284642
0.9122067771097994
0.8700291336303635
0.8620564401923028
0.9327597356406575
0.7927231241529994
0.9381204328347349
0.888034132431231
0.9012814697210252
0.9355248202176794
0.8498801688288057
0.9015239707678789
0.8977833056937534
0.8264323067237148
0.7600913659979489
0.8780573296078236
0.8857301443968553
0.8763915916250802
0.8148908441612223
0.9083295775693402
0.8599616858237548
0.9274290564552605
0.908837336932741
0.8637856547262623
0.8896011861160876
0.8646228307028171
0.8201739837845698
0.9081614943214483
0.7584240088768849
0.8130425369332654
0.9221208122276716
0.8463148308364828
0.8904733747522361
0.9273038627753346
0.8974797223848148
0.8781339653236871
0.886929909824943
0.8624770566044697
0.8995152249232417
0.8516044694823991
0.8819508242953219
0.9095229489062088
0.8746898522442152
0.8681839824171339
0.8959873921572362
0.7921112270883002
0.8605436724445946
0.910977250192413
0.8716502176910632
0.8677118124755022
0.881588820532756
0.815604697715137
0.8612049220069216
0.8537582798092456
0.7902263313316289
0.8714364035087719
0.8420710248480324
0.8466947067902048
0.8826494771722727
0.867091493768395
0.8398129894779065
0.7953299614162052
0.9091638236753293
0.9012193106054046
0.8398098041850408
0.9159652967898014
0.8828386134067953
0.8433645895964605
0.8595937602224403
0.8888743717409984
0.8941672268991883
0.8152547050969328
0.8728292813251403
0.8863129520052597
0.8484083358501963
