0.8147834922211407
0.8424980111782214
0.9126470747102834
0.8693913822735291
0.8248737100556381
0.8891272506871705
0.8688978636475604
0.8429168181507506
0.7824218699255647
0.8805163004520205
0.8311147256414309
0.8703489368913749
0.8316882726601037
0.8591341711394623
0.9156477460878464
0.8946237377952092
0.8423352043343801
0.8971130390979849
0.8225776304736355
0.8746263633809152
0.9025245086671041
0.9271374917676528
0.9176744417258845
0.791632480438785
0.7927438924915732
0.8319621929942846
0.9147438516317279
0.8733536579198824
0.8673969829656628
0.9342683047056722
0.79925962776457
0.9425323985903237
0.8971650747584875
0.9023651698921594
0.9373364718176347
0.8522427315331716
0.9035840229637253
0.9006072491946598
0.8352638170930435
0.7659648531177943
0.880540013042855
0.8892984534155017
0.8810332119142323
0.8164027237970249
0.9135274513287651
0.8642369012447939
0.930848552297111
0.9101866957509582
0.867694113531941
0.8893692706223758
0.8662007310341016
0.8228478214058882
0.9100998027897591
0.7633438269516534
0.8184489605529064
0.926474106197862
0.8471488455467976
0.8951103661644862
0.9304960315171809
0.8968076856566455
0.8819930047372002
0.891124201856731
0.8681159987999072
0.9079517416043431
0.858529286839116
0.8828239090369542
0.9142748168976179
0.8778777285846336
0.8753256983042018
0.8965654034165235
0.7947839784006787
0.8611252328292015
0.9173996267478882
0.8756718464374491
0.8734737413714637
0.8836236852189759
0.8213840887204943
0.8656500084015357
0.8578896769304092
0.7937537088321769
0.8764314533132072
0.8476998202236526
0.8542283802128611
0.8872626733184859
0.8723241104359176
0.8442439529459806
0.8022345181298162
0.9123041490102698
0.9030093574832484
0.8419455617760274
0.9180414841807868
0.8845115725952055
0.8488248593591396
0.8610590129205135
0.890916693171754
0.8978248058437813
0.8194681090639768
0.8749879967074282
0.8870230808976904
0.8569506088417277
