4.8571429
3.8571429
5.4285714
3.2857143
3.8571429
6.5714286
7.5714286
4.1428571
5.2142857
3.4285714
5.0714286
4.4285714
5.1428571
6.2142857
6.4285714
5.2857143
5.0
5.4285714
5.0714286
7.7142857
2.8571429
4.2142857
7.1428571
5.5
7.4285714
7.5714286
7.5714286
6.8571429
1.7857143
2.1428571
7.7857143
6.1428571
5.5714286
5.8571429
5.8571429
3.4285714
5.2857143
7.1428571
4.2142857
6.2857143
5.2857143
7.7857143
6.2857143
3.8571429
4.2857143
5.0
4.2857143
4.1428571
6.0714286
7.5714286
4.0
6.5714286
8.1428571
4.4285714
7.4285714
6.0
7.4285714
3.1428571
4.4285714
4.1904762
7.5714286
5.8571429
4.7857143
7.8571429
6.4285714
3.1428571
9.2142857
5.8571429
6.0
5.4285714
6.0714286
4.5714286
6.2857143
4.2857143
3.7857143
8.0714286
4.4285714
5.2857143
7.0
3.7857143
7.0714286
3.8571429
6.5714286
3.2857143
6.9285714
7.7142857
6.4285714
2.1904762
6.4285714
4.1428571
4.1428571
4.4285714
3.4285714
4.8571429
6.4285714
7.5714286
4.1428571
3.2380952
8.1428571
6.8571429
