0.9237577427740041
0.9258190305517016
0.870850586936351
0.9066983700878952
0.8870572275265487
0.8198198829631284
0.9429728298655636
0.8886483718781003
0.9390235158652578
0.89287184386398
0.867495443409078
0.8476874096298967
0.9263417154198232
0.8953646917037972
0.8199786031933933
0.9042115909523855
0.8986331307526063
0.8679753894924709
0.8806632098636593
0.8898441437155651
0.9265963418711698
0.8931733038966728
0.8899487135999827
0.8861508409755754
0.936759613165046
0.8978626201161273
0.8769280391894804
0.8990528988204256
0.8580794776326875
0.9191744241972005
0.8809816424475427
0.9091941684365011
0.9115733316440224
0.8776662832325097
0.8617335327215846
0.929894753508501
0.8790931287978498
0.8987209507091802
0.8849911425283669
0.8819062404761637
0.8646373764344023
0.9175146470304434
0.8561608152038427
0.9139859404908459
0.918133935163978
0.9235824480893597
0.9054112834898679
0.9353583282781627
0.898523308558324
0.8964582735508173
0.8678838512712096
0.8788762436889818
0.8848212275940972
0.89621857439143
0.9215147107502731
0.9302095334233517
0.8813780268118238
0.8958554848231082
0.931308066464121
0.8822606486832127
0.8504889088800562
0.9554862366777203
0.8873028426701045
0.8323727338850991
0.9146296428191882
0.9180468595027481
0.8918766206843884
0.876983409848516
0.8779370095758657
0.9285400994393601
0.9586810914652877
0.9292453251716066
0.8915965742812354
0.8882932499222169
0.8805607664869787
0.8902463249079142
0.8442782495970098
0.8828177370980939
0.8499746855460871
0.9469010079453432
0.8582914602469248
0.8241522580383853
0.9078033068550354
0.8894219288954861
0.9454385832480163
0.911422343054854
0.873122152871375
0.8897224560727246
0.9112448453589639
0.8647666864217711
0.9164142650059677
0.9074944950250011
0.8334139688338654
0.8119724627635773
0.7882291251675203
0.943015027888318
0.8738048719821077
0.8809926573958687
0.8838582268332864
0.9240131628181578
