3.125
3.125
5.0
5.875
2.625
3.625
3.75
5.0
1.625
5.75
2.375
6.75
3.125
3.625
3.0
4.625
2.625
2.875
4.125
4.0
5.875
6.625
6.125
3.125
3.75
3.75
6.25
5.875
5.75
9.875
4.0
6.875
6.75
6.125
6.5
3.875
6.625
4.0
3.125
3.125
6.125
6.125
5.875
3.25
5.625
5.625
5.125
8.375
3.125
4.0
2.625
6.0
3.125
4.0
3.5
6.25
3.625
5.0
8.5
5.625
4.375
4.125
5.5
6.125
4.625
6.0
8.0
5.0
5.0
8.25
4.875
4.625
6.25
4.0
6.5
7.25
2.0
3.0
5.0
2.625
4.75
4.125
4.375
6.0
4.75
4.625
2.625
6.75
4.125
5.125
9.125
3.125
4.375
5.0
4.125
6.0
4.375
6.0
5.0
6.125
