4.714285714285714
3.4285714285714284
5.285714285714286
3.0
3.7142857142857144
5.428571428571429
6.714285714285714
4.0
5.0
3.142857142857143
4.714285714285714
3.857142857142857
4.714285714285714
5.714285714285714
6.285714285714286
5.0
4.428571428571429
5.0
4.714285714285714
7.571428571428571
2.857142857142857
3.857142857142857
6.571428571428571
5.142857142857143
6.714285714285714
6.714285714285714
7.0
6.285714285714286
1.7142857142857142
2.142857142857143
7.428571428571429
5.857142857142857
4.857142857142857
5.428571428571429
5.428571428571429
2.7142857142857144
4.857142857142857
6.714285714285714
3.5714285714285716
6.142857142857143
5.142857142857143
7.285714285714286
5.571428571428571
3.4285714285714284
4.142857142857143
4.428571428571429
4.142857142857143
3.2857142857142856
5.714285714285714
7.285714285714286
3.4285714285714284
6.0
8.0
3.857142857142857
7.0
6.0
7.0
2.857142857142857
4.0
4.0
7.428571428571429
5.428571428571429
4.714285714285714
7.714285714285714
5.857142857142857
2.857142857142857
8.571428571428571
5.571428571428571
5.285714285714286
5.0
5.714285714285714
4.428571428571429
6.0
3.7142857142857144
3.5714285714285716
7.857142857142857
4.142857142857143
5.0
6.571428571428571
3.7142857142857144
6.714285714285714
3.4285714285714284
5.857142857142857
2.857142857142857
6.571428571428571
7.142857142857143
6.0
2.0
5.857142857142857
3.7142857142857144
3.857142857142857
3.857142857142857
2.857142857142857
3.857142857142857
6.0
6.714285714285714
3.5714285714285716
2.857142857142857
7.285714285714286
6.285714285714286
