4.714285714285714
3.7142857142857144
5.428571428571429
3.2857142857142856
3.857142857142857
6.428571428571429
7.428571428571429
4.142857142857143
5.142857142857143
3.2857142857142856
5.0
4.428571428571429
5.142857142857143
6.142857142857143
6.428571428571429
5.142857142857143
4.857142857142857
5.285714285714286
4.857142857142857
7.571428571428571
2.857142857142857
4.142857142857143
7.0
5.285714285714286
7.428571428571429
7.285714285714286
7.428571428571429
6.857142857142857
1.7142857142857142
2.142857142857143
7.714285714285714
6.142857142857143
5.571428571428571
5.857142857142857
5.714285714285714
3.4285714285714284
5.142857142857143
7.142857142857143
4.142857142857143
6.285714285714286
5.285714285714286
7.714285714285714
6.142857142857143
3.857142857142857
4.285714285714286
5.0
4.285714285714286
4.0
6.0
7.428571428571429
4.0
6.428571428571429
8.0
4.428571428571429
7.428571428571429
5.857142857142857
7.285714285714286
3.142857142857143
4.285714285714286
4.0
7.428571428571429
5.857142857142857
4.714285714285714
7.857142857142857
6.285714285714286
3.142857142857143
9.0
5.857142857142857
5.857142857142857
5.428571428571429
6.0
4.571428571428571
6.142857142857143
4.285714285714286
3.7142857142857144
8.0
4.428571428571429
5.142857142857143
6.857142857142857
3.7142857142857144
7.0
3.857142857142857
6.571428571428571
3.2857142857142856
6.857142857142857
7.714285714285714
6.428571428571429
2.142857142857143
6.428571428571429
4.142857142857143
4.142857142857143
4.428571428571429
3.2857142857142856
4.714285714285714
6.285714285714286
7.428571428571429
4.0
3.142857142857143
8.0
6.714285714285714
