0.8430444331516755
0.8655769277064926
0.9261557632815057
0.8709344256280432
0.854017014171851
0.9113713650876805
0.8787578863773402
0.872129246395937
0.8274232752844878
0.9000018427550768
0.8511536117817254
0.8983463317801643
0.842460201129281
0.8674155764587163
0.9272951328665339
0.9068024531711365
0.8622397182223143
0.914447066650766
0.8447475892707363
0.8779713955082185
0.9219457953792414
0.9450234136914348
0.9369617869366433
0.8205333340602188
0.8235214526877506
0.8547115375489945
0.9365028551652536
0.8909986954257398
0.88872268800813
0.9462200648984955
0.8215643671917436
0.9529050651577878
0.8962922698403616
0.9138273820685221
0.9569560103505058
0.8695410974050323
0.9173313669595244
0.9108067225352307
0.8760817316139007
0.8013343094100972
0.8810998928160273
0.8997200225606317
0.8856336011687364
0.8433522557514191
0.9281476219853861
0.8955703767312055
0.9495314440555492
0.9328848896965434
0.8832454459732975
0.9052984269407689
0.888159340409883
0.8427078771593417
0.9286059841661781
0.7788120382834437
0.8325098984334653
0.93861852131706
0.8601320921629337
0.9111134749258353
0.94409969360368
0.9315726509775988
0.915936542796047
0.9120195188545048
0.8768941502120345
0.9080124287755418
0.8807249270465366
0.9031204078116607
0.9358954631594292
0.9020834198828466
0.8820614400576564
0.9162445476290981
0.8078620176145851
0.889028144468678
0.9308883239513347
0.8981915114794025
0.8898781830450687
0.909882739188781
0.8407818775772505
0.881448080163164
0.872495376172075
0.807466210127951
0.8737651158557199
0.8655626849400405
0.8733556600968854
0.9157421202104381
0.8881436294775796
0.862472848077005
0.8360816792405557
0.9298697229981986
0.9229940636987983
0.8614910529817558
0.9339269128527047
0.9162781078438745
0.8741012701823477
0.8813629374366133
0.9052118333865184
0.9122053315708306
0.8493837891534474
0.8835831798561836
0.9076359219832821
0.8658516260377
