0.8878950168040812
0.8895381984036488
0.8876712531220902
0.896958866700802
0.8808466086627799
0.9575272164289749
0.9343021642619314
0.8650655189149147
0.896001416315199
0.8712257053535927
0.8988947602479921
0.886091930393141
0.8981877611816794
0.8878078477644166
0.898590716029793
0.9252443019017595
0.8898449760422945
0.9254744734193646
0.920590131234873
0.9257575235172769
0.8861352253227713
0.9147538525614324
0.917669367786304
0.9414364304419318
0.9357593914585353
0.9484191205375235
0.9230147970809658
0.933198552319338
0.8476371885968667
0.9140640406032293
0.9238472250297598
0.9480622983022308
0.9096613727946906
0.8894337131927043
0.9133535677471084
0.8679526398376949
0.9015724867092766
0.914664960461569
0.8685188784008882
0.9090299996655555
0.9511329495520661
0.9377571370793412
0.951595137858275
0.8861300626561285
0.8865587753097351
0.9196504600642457
0.8680507245246526
0.8978727575727868
0.9227870862280344
0.93585004932588
0.8345665851192563
0.9207418291569042
0.9078035441282317
0.8303704772555102
0.9180949742205948
0.9081630057362348
0.9572530874149551
0.859063228328697
0.8490791343110798
0.8539122926047
0.9210406162665025
0.9085681448754396
0.862458958901459
0.9646364937410553
0.9366257425497252
0.8983405584300562
0.9285166418494037
0.9199114732127112
0.9420795310256443
0.8790342862149111
0.9052925226270107
0.9209693012782466
0.9188865543333473
0.9054954060485713
0.8441177868242229
0.928807894318001
0.9360876728743321
0.9094039561017281
0.9343519381503151
0.9093526425109623
0.9294634080527338
0.8626233913166457
0.9211688914552271
0.9017351350303404
0.9387626010003848
0.9134168864026988
0.9446787765460131
0.8098543757430751
0.948361766075435
0.8805939051039249
0.8915034721602374
0.9029203358591029
0.8744095997769118
0.8743331429969821
0.9039245567710301
0.9329165756992646
0.8361357093899932
0.8538089711599837
0.8962254566702743
0.950229686362072
