4.444444444444445
3.888888888888889
4.444444444444445
7.222222222222222
6.777777777777778
3.5555555555555554
6.333333333333333
7.555555555555555
5.0
3.6666666666666665
4.333333333333333
4.555555555555555
6.777777777777778
5.333333333333333
2.7777777777777777
5.222222222222222
5.555555555555555
3.7777777777777777
4.111111111111111
1.8888888888888888
7.222222222222222
3.2222222222222223
3.888888888888889
5.777777777777778
3.5555555555555554
5.666666666666667
5.888888888888889
4.444444444444445
3.111111111111111
5.222222222222222
3.4444444444444446
4.0
8.88888888888889
4.777777777777778
4.333333333333333
4.555555555555555
4.333333333333333
2.111111111111111
4.333333333333333
3.4444444444444446
5.555555555555555
7.666666666666667
5.0
3.2222222222222223
3.7777777777777777
3.0
5.888888888888889
6.333333333333333
6.111111111111111
3.2222222222222223
3.4444444444444446
2.5555555555555554
7.555555555555555
5.111111111111111
6.0
5.222222222222222
7.777777777777778
7.222222222222222
3.6666666666666665
2.6666666666666665
2.888888888888889
7.666666666666667
7.444444444444445
7.222222222222222
4.888888888888889
5.333333333333333
6.0
4.222222222222222
6.777777777777778
6.111111111111111
4.111111111111111
4.111111111111111
5.111111111111111
2.5555555555555554
3.888888888888889
4.444444444444445
4.444444444444445
2.6666666666666665
7.666666666666667
5.222222222222222
3.111111111111111
5.333333333333333
6.0
3.888888888888889
6.222222222222222
4.111111111111111
5.555555555555555
1.8888888888888888
4.444444444444445
5.888888888888889
5.0
6.888888888888889
5.888888888888889
4.222222222222222
5.0
5.555555555555555
3.2222222222222223
7.111111111111111
2.4444444444444446
3.4444444444444446
