0.8950195895072867
0.8334019506115034
0.9226310236250026
0.7671810060002373
0.855519297481899
0.9129079887489565
0.9180828511967419
0.8682809504669986
0.8624645125101886
0.8797373811744851
0.8502229773244043
0.9265292368759237
0.8508049641091502
0.8852219409061377
0.9430068795124547
0.8903327822345946
0.8565920881030499
0.8926526386126316
0.8949183049569414
0.8202714705774699
0.8371410638314903
0.8937901262228563
0.9397342681782958
0.8698585032743124
0.8884492131982907
0.8677319569966708
0.8997351534542393
0.9042612625822949
0.8785746944647567
0.8341279064910023
0.9042668047942463
0.8964618772784056
0.8421594913646858
0.8704227706180645
0.815758585619204
0.8453852865634319
0.8529920391558686
0.835482867608533
0.8427884480700742
0.8762676418254491
0.8281225172225121
0.7956478325851064
0.8338457340385758
0.9055884147171457
0.8988812477951875
0.8896226503015033
0.8908440463081934
0.856460260610583
0.7999118464495751
0.8631194687660898
0.8745186543511101
0.7621168397968476
0.8568837634206984
0.8486374907207576
0.8645544715882791
0.8664996621415632
0.8770919324632256
0.8274703757424322
0.843695908333456
0.9459732608674968
0.9004812858064933
0.9059130294581659
0.8734236682516606
0.8684637819188915
0.9343283095401992
0.8461697895582833
0.8949520294676523
0.8461514179845526
0.8659627561497008
0.8497558014687198
0.8272514824869563
0.896350324473628
0.8919793193139672
0.8836156712489472
0.8572063448534614
0.8359601405015527
0.8570555338262619
0.8846211494003626
0.8843482545218814
0.8323155386993955
0.9269403443351522
0.8813264581191865
0.9019830561552197
0.9131571398222309
0.9025862623578862
0.8453011225910434
0.9043764027753147
0.8630539523241209
0.8715362163606223
0.882636047115808
0.853207566120985
0.9044313634226786
0.9260463644985153
0.8731679395368995
0.85950581274416
0.872030146856875
0.9280864623607445
0.8684918202711118
0.8677675902055795
0.8774844596061678
