266.5924652
280.04048140000003
287.6814780000001
296.0
278.3523722
251.0026058
299.162282399999
263.75
280.41312500000606
224.99999970000002
285.4625641
264.697971699999
229.0
286.02001189999993
262.7599893
261.757795
277.092263
251.9166664
272.71808518
265.5
267.5257746
249.60089550005097
257.14687998
245.5
277.11904800000104
219.0
263.63225429999994
272.000813000006
273.781507700002
340.75169280000006
282.36616042
244.7500003
275.3367339
270.602420899997
296.02108540000006
306.74175890000004
264.1747994
269.8498458
271.929714
267.57316719999994
286.2495207
265.9972096
278.357337300006
301.91085410000096
284.238245
298.71386190000004
237.16666699999996
253.2499996
240.0
293.4826634
254.677814399998
267.59791307
306.5235431
273.9366599
256.1239529
250.52602954
282.60990799999996
281.47938869999996
258.949261
283.9692311
283.631357
259.941776000005
273.34493660001704
296.35315920000005
266.2225328000014
304.9368937999981
279.808251199986
260.0
268.8941196
279.778043100021
266.62009520000197
261.542085
275.03645989999995
277.2566133
273.5356416
282.12663169999996
286.53465739999996
272.99363589999894
254.00000049999997
263.3626415
256.45682
294.718796799999
247.0
289.2368637
260.82229899999993
267.0
227.81249930002699
270.455178930001
282.96048222
265.25297699999396
279.2678565
286.4533928
268.5
281.4969572
260.33463229999995
258.0
301.89398563003704
287.88392810008014
263.3460129
271.67807035000004
