4.0
6.0
2.0
4.5
4.833333333333333
7.833333333333333
7.0
4.0
6.5
8.333333333333334
4.166666666666667
7.333333333333333
3.3333333333333335
6.333333333333333
4.166666666666667
4.5
5.166666666666667
7.166666666666667
6.666666666666667
7.0
4.0
6.833333333333333
5.666666666666667
4.0
4.0
4.666666666666667
3.3333333333333335
5.666666666666667
7.0
6.833333333333333
2.3333333333333335
8.166666666666666
6.5
5.666666666666667
5.5
6.166666666666667
6.333333333333333
3.3333333333333335
4.666666666666667
4.0
5.666666666666667
5.166666666666667
9.0
7.0
2.3333333333333335
3.6666666666666665
7.5
6.333333333333333
6.0
3.8333333333333335
4.5
5.0
7.166666666666667
4.833333333333333
4.5
6.833333333333333
4.5
5.333333333333333
3.3333333333333335
6.833333333333333
6.833333333333333
4.333333333333333
4.5
5.166666666666667
4.833333333333333
4.166666666666667
5.166666666666667
3.5
6.666666666666667
4.5
3.8333333333333335
7.166666666666667
6.666666666666667
5.5
4.166666666666667
6.166666666666667
4.0
6.0
6.666666666666667
7.0
5.333333333333333
6.333333333333333
3.1666666666666665
6.166666666666667
6.833333333333333
4.833333333333333
4.333333333333333
4.5
6.666666666666667
6.166666666666667
8.333333333333334
8.833333333333334
8.333333333333334
2.1666666666666665
4.5
4.166666666666667
4.0
4.666666666666667
4.166666666666667
7.0
