248.70572970000097
278.3413348
269.0000003
302.7869503
286.64565699999997
263.5
287.9224706
278.55739779
285.23388923
276.46678829999996
268.348623900005
277.673828
300.82802230000004
273.00241604999997
266.61463399999997
268.8437497
245.98901089999998
263.898088700001
256.022726789999
318.8429309
248.00000000000003
260.308153399999
275.23165187999996
265.620266299999
254.566408100013
300.12270090000004
276.7721083
295.28575789999996
234.0
266.81698869999997
265.0
246.0
277.59208459999996
272.37241409999996
286.883109100015
277.514492499998
269.970679
268.32217219999995
282.175
257.1180028
266.20411409999997
281.925675500006
276.19603299999994
268.0293327
262.93040990000003
263.6993406999825
274.5945768
264.613715
256.6759423
265.183504700003
270.36379960000005
274.6390669
280.151605400001
285.79605238999994
284.71456190000004
273.3057426
275.7950587
278.2830461
254.4100678
256.3203863
273.95057949999995
256.4801323
248.1000003
307.93791840000006
276.003936
256.8609597
258.3540545
283.4100579
269.9119584
256.97968013
283.7581598
319.592318
279.0473488
289.618692041
278.142379
287.38913996
264.990814400012
276.3686573
282.809971
273.55747660000003
267.11321883000005
266.8795356
250.133587300011
283.04439380000196
259.25
261.51447499999995
286.2583699
265.3029146
273.035111899999
253.04620559999697
270.75
293.8517901
270.62744269999996
279.75
253.9891271
267.0
262.075337699996
254.6691181
277.1898446
282.1336106
