4.8571429
3.8571429
5.4285714
3.2857143
3.8571429
6.5714286
7.5714286
4.1428571
5.1428571
3.4285714
5.0
4.4285714
5.1428571
6.1428571
6.4285714
5.2857143
5.0
5.4285714
5.0
7.7142857
2.8571429
4.1428571
7.1428571
5.4285714
7.4285714
7.5714286
7.5714286
6.8571429
1.7142857
2.1428571
7.7142857
6.1428571
5.5714286
5.8571429
5.8571429
3.4285714
5.2857143
7.1428571
4.1428571
6.2857143
5.2857143
7.7142857
6.2857143
3.8571429
4.2857143
5.0
4.2857143
4.1428571
6.0
7.5714286
4.0
6.5714286
8.1428571
4.4285714
7.4285714
6.0
7.4285714
3.1428571
4.4285714
4.1428571
7.5714286
5.8571429
4.7142857
7.8571429
6.4285714
3.1428571
9.1428571
5.8571429
6.0
5.4285714
6.0
4.5714286
6.1428571
4.2857143
3.7142857
8.0
4.4285714
5.2857143
7.0
3.7142857
7.0
3.8571429
6.5714286
3.2857143
6.8571429
7.7142857
6.4285714
2.1428571
6.4285714
4.1428571
4.1428571
4.4285714
3.4285714
4.8571429
6.4285714
7.5714286
4.1428571
3.1428571
8.1428571
6.8571429
