0.8704824621450672
0.8353430439990519
0.8541726125137203
0.8640411388435972
0.856197293912966
0.9415755087835861
0.9266212772274774
0.8320224259767561
0.8643305185578801
0.8428302520027432
0.8702743104641015
0.8491543039691918
0.8630779806247403
0.8415561467711826
0.8821848037851379
0.892009299377807
0.8636055027987412
0.8994850002501348
0.8963124219458368
0.915606894437003
0.8662720856314857
0.9020696383730787
0.9028207703756328
0.9157109294239264
0.9187920046709818
0.9189559577660016
0.9102785420700429
0.8989474827698584
0.8307894659350801
0.8735868194123761
0.9125980779051959
0.9312443449528495
0.8875233946331275
0.8681279296973872
0.8898039058534367
0.850002990251779
0.8796281808593124
0.9005096203546139
0.8430293437621419
0.8807407040881701
0.9202403590172668
0.924249416611261
0.9116283709036831
0.8500376287845146
0.876291466396022
0.8851224105461397
0.8475022836055386
0.8732953451225175
0.9023822985756224
0.9221287471931617
0.8137978062228459
0.8980641376613215
0.8927040898468563
0.7976559412691255
0.8930177580466148
0.9004626835057284
0.9316232708068181
0.8220215664018163
0.8043119050579574
0.8400562577628407
0.9042141118353586
0.8913251288874102
0.8395038723098288
0.9534848062447728
0.9078632974736689
0.8753439320267515
0.9208590911175777
0.8844906739505393
0.9132766387288759
0.8628179173709659
0.8722781291466093
0.8811019041870163
0.8832204146730466
0.8725498935986656
0.8043649818607537
0.9128949913411146
0.91181031458309
0.8693111738266961
0.8880896234406026
0.8966178914974999
0.8993797381116475
0.8450747636961407
0.8982089496982741
0.8685805697899794
0.910241640710557
0.8898627243928197
0.9152717643663016
0.7882459208644311
0.9224128600179269
0.8208072600017791
0.8563840684338132
0.8710261897852588
0.8405373718686473
0.8452941176470584
0.8626875407697324
0.9004753286208314
0.8144991862221902
0.8291381676456058
0.8774360088954407
0.9290295189861953
