279.13431406
286.13684969999997
285.1663685
248.4750707
288.86042553999994
283.6
274.60536780000007
285.843136990002
265.5
277.82290189999605
270.12741139999997
261.827205800006
274.95192230000004
297.4479764999991
278.1058003
262.24866903000094
283.5222748
272.83085655080004
287.0492335
277.34372970000004
286.786576700021
280.19324124
282.3818885
283.78685478999995
280.63187088
277.34997560000005
263.7692614
300.401978429998
252.07956925999994
275.9553198
275.2318422
283.39486078999994
303.70174728
290.57716589999995
278.202801599993
291.351735199994
286.40656502999997
280.92704679999997
257.914414700001
268.3648563
280.3769070000001
289.00360530000006
280.43553679999997
271.621172999998
257.3125
280.744174800018
277.3176044
261.15577321
262.43326045999993
270.76059419000006
226.81249999996874
262.0493496
277.7567763
282.114665899994
276.26638829
254.486111
266.5426427
260.454585520043
275.2515037
230.0
274.5847462
270.56309569999996
305.20923980000003
282.6435643
286.052221999996
253.0969891
265.468727300004
274.59434529999805
261.63794900000005
283.8897434
287.072706
255.32024550000796
266.609403599999
269.5118038
268.656642099999
279.9911968
286.83969699999903
273.66980719
236.18642680000002
276.45797107
251.125
296.039193
252.5408828
276.02198919999995
239.0
270.35746830999994
272.9402177
297.8295127
261.5
260.6250005
294.03152040000003
251.5
290.41861420000004
259.69036400000005
267.9894249
278.3468202000086
302.2327095
278.4999997
278.25191692999994
268.4118403
