0.8797730858396565
0.8679054181964235
0.8921955933340472
0.9447769218042888
0.9142755637128247
0.8499412004284688
0.915443475801193
0.8963045352815072
0.8756440088183067
0.8928243483795092
0.867648037254294
0.8810569513258295
0.9095856830629764
0.8347963843124089
0.7704157964290833
0.9085579058022901
0.875890368647264
0.8615932732779582
0.8311122360924584
0.7945896678336386
0.9378057829760785
0.8572970192609862
0.8770927748945296
0.904122270110894
0.8192854155076359
0.8678718850151681
0.90508182893031
0.8662057310890646
0.8402722778923162
0.8957467210447312
0.8913623967559289
0.8024320110828367
0.9460556916866165
0.8788982225904411
0.8626363401600329
0.9117809649075853
0.8143892472073828
0.8470970597313754
0.8896112368728808
0.8748875326700823
0.9018722522769036
0.9611423345818693
0.9167234526428023
0.8434254517398694
0.8640229672553412
0.854660076103575
0.8680441347354629
0.8340720762793687
0.9124126525916171
0.8913295680001275
0.7936501509376404
0.8398037827480788
0.8944032318539518
0.8536418016456885
0.8940830411152577
0.8719122095106201
0.861425070550348
0.9361716738440332
0.8536750652799918
0.8026120383162952
0.8689271447043567
0.9358765242713852
0.9329621589624978
0.921510446129011
0.8983706583006805
0.8947328537878153
0.913249230478337
0.8524102118573815
0.9215779360319383
0.9119626206222463
0.847590528933805
0.9044333211011415
0.860922015608964
0.8017044666589928
0.8673084834298189
0.8697406737062138
0.9040986907440155
0.8696253690456814
0.9317366989558289
0.8918539652658242
0.8481651269285801
0.8677101106967697
0.8785169224213751
0.8571852877957112
0.8777183327037935
0.8722744763836917
0.8989208900405979
0.7928336767192384
0.8940297950616766
0.9020569281802521
0.8496311103828852
0.9116997626894092
0.8859690578185493
0.919343305832174
0.8406249235089924
0.9028563051569168
0.8123868872310752
0.9371774383788595
0.851771355041144
0.8549481795332101
