3.125
3.125
5.0
5.9375
2.6875
3.625
3.75
5.0
1.6875
5.75
2.375
6.75
3.125
3.6875
3.0
4.625
2.6875
2.9375
4.125
4.0
5.875
6.6875
6.125
3.125
3.75
3.75
6.25
5.9375
5.75
9.96875
4.0
6.875
6.75
6.125
6.5
3.875
6.6875
4.0
3.125
3.125
6.125
6.125
5.875
3.3125
5.625
5.625
5.125
8.375
3.125
4.0
2.625
6.0
3.125
4.0
3.5
6.25
3.625
5.0
8.5
5.6875
4.375
4.125
5.5
6.125
4.625
6.0
8.0
5.0
5.0
8.25
4.875
4.6875
6.25
4.0416667
6.5625
7.25
2.0
3.0
5.0
2.625
4.75
4.1666667
4.375
6.0
4.75
4.625
2.6875
6.75
4.125
5.125
9.125
3.125
4.375
5.0
4.125
6.0
4.375
6.0208333
5.0
6.25
