0.8702577801306192
0.8366039565429274
0.8617151067441733
0.8653615013192255
0.8595343718892368
0.9459019746530161
0.931211903798092
0.8353047716485869
0.8654966833232908
0.8490152479836064
0.8749799591586838
0.852334200887654
0.8650696528288915
0.8451464711733867
0.8821933888049869
0.8979562803997774
0.8652131993908286
0.9024924837315748
0.8983873754281465
0.917115092976831
0.8694847580141376
0.9055593654783146
0.906788465207644
0.919904925318152
0.9257454668263824
0.9234224685360921
0.9139953472622737
0.9017074535296802
0.8321341138035446
0.8764765167135945
0.9136096598281708
0.9335247926112168
0.8943577914555514
0.873760879410481
0.8944047507233376
0.8545813891891448
0.8850329141543325
0.9030178852071052
0.8506357948212957
0.8839650954889335
0.9236490650700934
0.925355854381055
0.9162224205795935
0.8534176193681134
0.8767260183916421
0.8888080251864052
0.8519166483944722
0.8779781362682572
0.9087998450030571
0.9254422895379797
0.8187900923580549
0.9013557660610033
0.893908448333103
0.8047128212579411
0.8962252755760441
0.9000948511186033
0.9323027520841999
0.8276179607718035
0.8118130166266407
0.8423935290363157
0.9053302699386018
0.8949206474835033
0.842177410041642
0.9530305846217088
0.9117773453855491
0.878691779697675
0.9235733385939568
0.8860283441856507
0.9160439223151581
0.8662610026647434
0.8738686113163414
0.8825622108599716
0.8836664415287554
0.8775379837225677
0.8068553697621133
0.9131376390177016
0.9126609800747058
0.870415909264332
0.8922558929898926
0.897451215028723
0.9047645095738086
0.8490391392709974
0.9022536100915403
0.8761710161353765
0.9126270341591393
0.8909656036062704
0.9210200631021512
0.7929441599760443
0.9247978763672297
0.8272837938636124
0.8586449707755168
0.880456967871911
0.8491122741518466
0.853286262676637
0.8677740379286732
0.9050823494824655
0.8260988170276986
0.8379175273635743
0.8836010386095641
0.9309437101147287
