0.9150847942282735
0.9449381345695537
0.9070893354674251
0.9434697855750487
0.9183424515747453
0.8350164099974754
0.9520485676188937
0.9157349112099963
0.9593624742072435
0.924170666104109
0.889967002908954
0.9038696303898662
0.949681355535298
0.9172765505182678
0.8490884612246328
0.9191996026767042
0.9030497921061794
0.8972359879946953
0.8974915717754677
0.9091626024696479
0.9481511697519632
0.8956841727356651
0.9041992966002346
0.9020689214788957
0.939113926808807
0.9311218505137706
0.9113499932757082
0.9132075471698111
0.8977297401626093
0.9372153714485467
0.8938143939967017
0.9276004758437509
0.9269298940555638
0.9363542487567599
0.8922615207917051
0.931250186261362
0.9180821768904673
0.9137262653822594
0.898120764844012
0.9189736748858829
0.8868692466544554
0.9351390900161015
0.8809031126698814
0.9337133261766646
0.9467372911410359
0.9446091679567575
0.9322124377377529
0.9523634209618642
0.9009764965588885
0.9008921238211219
0.8983056648981692
0.9024637849787652
0.8985455612373209
0.903934443315355
0.9329500894433187
0.9548289441958907
0.9165158761862608
0.9342860830127458
0.9514934889501269
0.9198397977652459
0.8926869533576809
0.9776946664712582
0.9140958419068113
0.8784330622905063
0.9248556512659875
0.9401540943546186
0.9228063731117129
0.8929569982240707
0.8935880669020735
0.9726519194242377
0.9706271927457223
0.9325008701705537
0.9269671770565777
0.914743171436562
0.9120856042802137
0.9305883697888884
0.8844957911011848
0.9103212697664835
0.8806178174565485
0.9659188258384664
0.9042407339832143
0.8488656195462477
0.9305980787108766
0.9202272642875708
0.9749595353708462
0.9197163703131037
0.8948905723231659
0.913678708075806
0.945929706148654
0.8851016988596692
0.9447682542032553
0.9309783163699497
0.863481263634939
0.8505306828003454
0.837889530743056
0.9628544955761852
0.9365889526542325
0.9083774802870801
0.9168286382088817
0.9632350911779198
