0.8694949964109276
0.8683995434111695
0.8611497791460309
0.8045994213309389
0.9002210807271992
0.9043324826043945
0.9110409614229895
0.8599174679964909
0.889468631424958
0.9284143488041404
0.8256726066469358
0.895347307077733
0.8174772173599203
0.9191789264270213
0.7889866255518141
0.9095128268814533
0.8631487167257877
0.9318474375243638
0.9047997746167001
0.8824861869501113
0.8918261139735388
0.900697842718313
0.8564545285600845
0.8938517779993351
0.8598224868009915
0.8498072216448186
0.8837865454079283
0.9311169497158953
0.9032779512678243
0.9165187615410819
0.8606874630396217
0.8969163755931171
0.8878308229086884
0.8563809130846339
0.8672422159897804
0.9146388986337215
0.8940267295223133
0.8745056312862621
0.8348439739772854
0.8565353714472524
0.9350927754354129
0.9176901337123347
0.9389006397702051
0.8678180210690364
0.8840367908269142
0.8442809393413944
0.9403951981795804
0.888700981160465
0.8581610880013791
0.8957276246131947
0.882750070841598
0.8855177776586047
0.8679238131337058
0.8881624605034333
0.8618459964137181
0.8806487731533316
0.9117210204722382
0.8623498783005208
0.8793485512527071
0.8940670779847362
0.9091068516212757
0.8586136704521105
0.9220343971305069
0.8646747842170162
0.8694660226589802
0.8952394342285368
0.8828595835915649
0.8268001273898029
0.9094451200288248
0.9237453170283453
0.8691766443787904
0.9411000256915301
0.9065222681917744
0.8669976000066439
0.857347986050181
0.8844589100461966
0.8505002875740614
0.8913044639399648
0.9029849353419546
0.9134637287698514
0.8548351472703759
0.8726148862888544
0.8698052237873352
0.8613182823091899
0.8748373666406458
0.8715809399002585
0.8417456630072316
0.8701359005019296
0.9028938554290235
0.8981018266399606
0.9304075859596003
0.9348937730001233
0.9297939141287087
0.8079456024969345
0.8398454955125534
0.8934097082792016
0.9231125801908935
0.8686595080574069
0.8814114793616991
0.8896942828114897
