0.9078803559564693
0.9037993775818021
0.9011601923523838
0.8367461990900008
0.9192906836905576
0.9162454173716866
0.9252071567342883
0.8976975804089284
0.9120559405898286
0.9443316225883813
0.8427567871766509
0.9180728330658107
0.85392684928696
0.9444680315753058
0.8326653339996668
0.9168796771209954
0.888847891683995
0.9478981492085025
0.9347589714360873
0.8931669014810488
0.9202037254284808
0.9445636129225133
0.8871223435340387
0.912046314851926
0.9019550575192227
0.8717155005248083
0.897141225370435
0.9485644003548673
0.9254852892526706
0.9428683293528057
0.8659491922593462
0.9173384844821129
0.9416436595582635
0.8972374090300156
0.9040196248560475
0.9341930621452921
0.9277157948869925
0.9228899929192443
0.8816019587268275
0.8818561964918458
0.9493725287949113
0.9428175011780314
0.9503712804449965
0.9151578325385529
0.9214593623709025
0.8825394510011934
0.9601125904522303
0.9079088584952621
0.8842404264272689
0.9215474529799418
0.9176007367498301
0.913669474163442
0.9099053799022774
0.9064838777365878
0.8586132314238755
0.9005216386590316
0.9360937325678194
0.899186862667196
0.9114898000313497
0.9296298797784681
0.9365778809458233
0.8936177348492469
0.9392211191781499
0.8755156205033096
0.9086885497943654
0.9335171898006401
0.9114642393446606
0.854684618619849
0.9194859835100117
0.9398673464570646
0.8961357702349869
0.9600745335969276
0.927562198743853
0.8872102221143563
0.887548276704962
0.8984126604785437
0.8814755785098958
0.9133595111590922
0.923882050212115
0.9284112929786533
0.8753951725091729
0.9058106050117684
0.8910193691515689
0.8991452011724828
0.8957550038703969
0.9059640630210917
0.864496763127317
0.9083269328719611
0.9173490914639406
0.9132872224244628
0.950562862238074
0.946783680474296
0.9428630368709859
0.8658489364412179
0.8720886536285758
0.9188320953994724
0.9529265228777652
0.8792426264800859
0.9050745462917389
0.9064987303199591
