0.9163773274632862
0.917218033998522
0.8681207363124698
0.9032724831714182
0.879664620169533
0.8200783224337833
0.9404542487424641
0.883504627466825
0.9344735932955167
0.8895948765920701
0.8650316157675231
0.8458571669924937
0.9168582954356594
0.88650061469372
0.8154103180967653
0.9019040902679825
0.8944004071007771
0.8650320688432653
0.8774347826086953
0.8841739120120514
0.9282109550862899
0.8839933063237624
0.8866687458279987
0.8830977896170975
0.9309531139365205
0.8969148523740533
0.8740330296001156
0.8927346025431552
0.8545212509508557
0.9133764856625285
0.8783430552498349
0.9091435163649223
0.9067105645395563
0.8723245323381348
0.8518267010729322
0.9241137965079321
0.8777107107878198
0.8921870155639612
0.882632157012559
0.8789989138638832
0.8584157727559543
0.9106635480803408
0.8502975482028092
0.9106440038640236
0.9117919229231327
0.922432504938663
0.8985943657860167
0.9291725768321513
0.8929274821345249
0.891627057390894
0.8620391037775829
0.8724217913643391
0.8811860218849275
0.8879360621452049
0.913686544003547
0.927572802417126
0.8795777254046475
0.8902607080372381
0.9271000141177423
0.87709487964265
0.8426272321702901
0.9539883398741287
0.8833763062089749
0.8279417680555679
0.9070232740074321
0.9129290234728159
0.8875558178925218
0.8780970842248729
0.8692359995055015
0.9271696585234178
0.9522234979343716
0.9259514534012582
0.8852298345496918
0.88443456513144
0.8748800587006828
0.8836970298840962
0.8386403144989943
0.878749357639358
0.8430342719700871
0.9421253175275193
0.8519358014515653
0.8140757931298264
0.9037092935508213
0.8828447958192354
0.9448242709112274
0.906658378915962
0.8688308062999526
0.8873698884758366
0.9086116228902612
0.8593201188289761
0.9151324101577211
0.9057422558375847
0.8298210473025024
0.8103970337220476
0.7826681429264014
0.9418948112173214
0.8737561120165946
0.8809585381098874
0.8817876943880999
0.9233533657070804
