(65,89,45,9) (21,20,90,9) (68,59,99,9) (88,57,99,9) (13,16,153,9) (4,90,162,9) (18,45,117,9) (26,92,54,9) (8,47,153,9) (43,32,99,9) (21,73,99,9) (8,83,189,9) (28,22,63,9) (78,95,54,9) (72,87,117,9) (84,44,72,9) (78,52,90,9) (60,32,117,9) (18,48,90,9) (10,82,18,9) 
(85,19,144,9) (23,98,54,9) (98,10,36,9) (32,94,135,9) (55,91,81,9) (78,32,54,9) (25,62,90,9) (67,40,153,9) (48,81,72,9) (76,1,126,9) (57,89,99,9) (19,98,72,9) (11,44,81,9) (87,11,126,9) (95,99,90,9) (53,42,27,9) (44,14,54,9) (59,79,90,9) (13,25,81,9) (21,99,189,9) 
(93,68,153,9) (95,75,144,9) (64,24,117,9) (90,14,99,9) (21,17,144,9) (78,55,45,9) (27,29,9,9) (65,5,90,9) (80,7,90,9) (44,33,126,9) (42,59,72,9) (39,64,108,9) (47,87,72,9) (68,55,81,9) (81,97,90,9) (59,94,36,9) (40,36,63,9) (85,84,81,9) (35,58,81,9) (96,26,144,9) 
(9,80,135,9) (10,77,108,9) (33,54,27,9) (5,54,108,9) (5,71,81,9) (14,89,135,9) (84,15,108,9) (25,65,90,9) (9,25,81,9) (84,83,144,9) (5,87,99,9) (13,18,108,9) (41,38,81,9) (94,18,162,9) (22,1,171,9) (47,93,135,9) (1,10,90,9) (98,47,99,9) (18,85,135,9) (83,26,108,9) 
(13,66,63,9) (15,71,171,9) (24,16,81,9) (24,14,126,9) (79,93,135,9) (35,77,90,9) (59,1,108,9) (73,64,81,9) (12,60,117,9) (57,2,45,9) (95,41,135,9) (60,70,171,9) (73,8,135,9) (96,71,45,9) (9,18,90,9) (54,83,72,9) (30,1,90,9) (33,81,36,9) (21,20,144,9) (95,66,99,9) 
(94,19,162,9) (95,7,72,9) (84,0,54,9) (47,90,117,9) (37,40,126,9) (1,48,45,9) (19,95,45,9) (91,64,108,9) (75,47,81,9) (80,33,117,9) (78,56,189,9) (25,72,72,9) (69,57,126,9) (91,52,162,9) (24,90,9,9) (30,21,108,9) (72,56,108,9) (72,37,234,9) (31,30,54,9) (22,89,81,9) 
(56,34,171,9) (52,97,81,9) (96,56,90,9) (19,22,90,9) (52,8,153,9) (32,19,63,9) (16,17,117,9) (9,62,63,9) (73,11,18,9) (99,14,99,9) (15,40,126,9) (22,7,81,9) (58,59,54,9) (16,51,108,9) (9,67,108,9) (89,84,81,9) (48,54,99,9) (45,35,90,9) (97,93,27,9) (44,48,90,9) 
(97,82,135,9) (52,21,63,9) (92,80,135,9) (66,88,144,9) (24,54,144,9) (69,0,162,9) (15,68,162,9) (60,46,63,9) (6,42,72,9) (9,65,171,9) (26,49,135,9) (37,24,108,9) (23,52,90,9) (21,95,63,9) (7,94,63,9) (72,37,81,9) (83,40,72,9) (25,7,144,9) (15,64,63,9) (11,88,63,9) 
(22,77,54,9) (65,73,135,9) (88,67,63,9) (60,96,81,9) (37,18,27,9) (21,38,117,9) (91,38,153,9) (57,37,45,9) (66,32,108,9) (6,87,162,9) (93,67,135,9) (28,66,90,9) (28,3,72,9) (84,56,117,9) (55,80,72,9) (11,5,81,9) (5,9,108,9) (32,86,45,9) (29,8,90,9) (63,75,27,9) 
(73,15,108,9) (71,89,54,9) (31,78,99,9) (3,93,45,9) (62,91,108,9) (94,8,90,9) (9,79,81,9) (24,87,45,9) (5,93,81,9) (91,51,108,9) (80,54,90,9) (65,33,63,9) (57,46,90,9) (98,12,90,9) (97,40,99,9) (61,13,126,9) (22,91,54,9) (10,62,171,9) (83,56,135,9) (96,74,18,9) 
(95,16,72,9) (60,10,99,9) (22,50,36,9) (44,25,90,9) (72,63,99,9) (85,0,144,9) (23,56,81,9) (33,49,45,9) (17,23,144,9) (86,28,63,9) (82,24,153,9) (93,75,99,9) (41,38,27,9) (54,51,108,9) (51,69,108,9) (96,36,27,9) (9,67,117,9) (89,28,180,9) (31,10,54,9) (19,62,126,9) 
(48,34,63,9) (94,29,117,9) (17,51,81,9) (42,20,81,9) (77,54,81,9) (13,6,99,9) (98,38,81,9) (62,32,108,9) (57,63,45,9) (74,78,63,9) (79,36,135,9) (7,53,126,9) (51,66,171,9) (82,25,36,9) (58,51,135,9) (13,89,99,9) (27,38,54,9) (91,77,18,9) (16,17,90,9) (78,95,126,9) 
(46,48,135,9) (18,12,99,9) (97,35,99,9) (56,20,117,9) (9,50,63,9) (29,32,81,9) (48,37,99,9) (75,42,72,9) (71,66,81,9) (71,67,45,9) (82,18,72,9) (51,57,144,9) (43,70,126,9) (20,1,171,9) (20,90,63,9) (57,14,99,9) (92,42,117,9) (99,33,90,9) (14,53,99,9) (0,55,45,9) 
(67,55,126,9) (83,54,171,9) (39,4,198,9) (12,19,153,9) (71,88,144,9) (93,28,108,9) (74,55,63,9) (84,59,81,9) (54,35,81,9) (69,71,117,9) (4,57,36,9) (45,10,153,9) (7,41,36,9) (3,82,54,9) (3,20,36,9) (8,47,63,9) (39,6,207,9) (24,63,126,9) (23,46,90,9) (72,3,81,9) 
(96,40,153,9) (17,67,54,9) (52,95,9,9) (21,52,81,9) (73,83,27,9) (19,8,99,9) (59,20,108,9) (90,86,54,9) (65,99,135,9) (88,73,36,9) (69,17,180,9) (59,14,45,9) (10,61,36,9) (14,9,126,9) (62,67,90,9) (51,31,9,9) (56,12,144,9) (13,46,90,9) (58,23,27,9) (86,27,90,9) 
(61,64,54,9) (79,50,144,9) (69,26,108,9) (12,94,117,9) (87,33,81,9) (87,50,117,9) (49,75,144,9) (62,67,45,9) (80,30,54,9) (15,78,63,9) (25,15,99,9) (57,49,45,9) (25,92,126,9) (46,64,18,9) (21,50,117,9) (36,77,90,9) (29,60,81,9) (35,7,45,9) (2,10,117,9) (73,92,99,9) 
(98,28,144,9) (91,5,27,9) (44,20,63,9) (63,89,54,9) (46,52,99,9) (37,93,108,9) (27,53,54,9) (21,37,18,9) (2,78,90,9) (10,19,72,9) (33,60,45,9) (1,57,72,9) (19,48,117,9) (51,88,108,9) (93,67,171,9) (98,31,117,9) (86,8,54,9) (77,18,108,9) (92,87,126,9) (23,66,108,9) 
(89,91,162,9) (87,24,126,9) (12,96,18,9) (89,15,72,9) (6,89,126,9) (80,11,99,9) (38,43,99,9) (99,6,90,9) (10,85,108,9) (15,99,63,9) (82,2,18,9) (71,76,153,9) (91,55,27,9) (31,98,90,9) (74,25,144,9) (85,55,72,9) (12,42,117,9) (9,0,135,9) (94,12,54,9) (20,3,153,9) 
(16,39,45,9) (4,41,72,9) (11,6,90,9) (7,73,117,9) (70,25,54,9) (74,96,198,9) (42,8,36,9) (53,10,117,9) (23,57,9,9) (8,11,99,9) (92,79,63,9) (41,27,90,9) (61,14,81,9) (99,46,45,9) (19,85,108,9) (86,16,153,9) (85,80,81,9) (95,38,36,9) (45,77,45,9) (97,52,180,9) 
(44,81,63,9) (97,74,63,9) (94,82,36,9) (23,87,108,9) (90,50,9,9) (25,80,63,9) (97,35,90,9) (28,27,108,9) (20,87,36,9) (44,74,18,9) (59,97,135,9) (5,28,18,9) (65,47,63,9) (12,71,189,9) (81,94,81,9) (61,20,72,9) (28,93,90,9) (11,66,36,9) (95,97,117,9) (46,51,72,9) 
(80,69,108,9) (56,28,72,9) (81,77,180,9) (55,20,117,9) (46,60,153,9) (41,90,126,9) (23,0,117,9) (4,56,45,9) (18,90,108,9) (30,83,117,9) (7,76,108,9) (24,51,126,9) (16,85,135,9) (22,27,135,9) (80,7,99,9) (29,11,90,9) (60,85,63,9) (95,32,108,9) (58,35,144,9) (84,6,81,9) 
(75,19,198,9) (73,50,99,9) (93,35,99,9) (70,37,81,9) (50,6,27,9) (75,12,54,9) (78,42,162,9) (57,16,99,9) (65,96,153,9) (47,6,9,9) (20,91,54,9) (94,25,90,9) (96,3,126,9) (3,47,117,9) (49,1,180,9) (89,97,144,9) (78,71,99,9) (82,79,99,9) (22,34,117,9) (63,8,45,9) 
(23,29,63,9) (65,99,180,9) (32,44,99,9) (99,16,81,9) (23,11,108,9) (50,96,63,9) (4,88,153,9) (84,48,108,9) (20,72,72,9) (99,37,81,9) (74,59,54,9) (50,66,27,9) (58,42,162,9) (73,78,135,9) (49,85,54,9) (81,84,81,9) (65,43,144,9) (5,36,117,9) (17,86,108,9) (42,46,171,9) 
(50,46,117,9) (55,72,117,9) (9,84,117,9) (33,17,81,9) (39,89,153,9) (62,63,45,9) (27,42,144,9) (67,87,90,9) (1,4,54,9) (39,73,162,9) (18,3,126,9) (85,29,99,9) (1,64,108,9) (63,4,81,9) (87,14,81,9) (8,97,72,9) (17,65,45,9) (49,61,117,9) (1,88,72,9) (33,12,45,9) 
(73,38,108,9) (70,74,108,9) (63,21,117,9) (99,18,18,9) (9,47,99,9) (17,53,99,9) (63,8,54,9) (20,62,117,9) (46,41,99,9) (59,65,27,9) (75,76,108,9) (11,95,90,9) (72,1,27,9) (87,17,126,9) (57,45,189,9) (4,34,63,9) (62,40,27,9) (42,12,72,9) (23,22,81,9) (12,8,189,9) 
(45,80,108,9) (13,32,99,9) (63,58,81,9) (96,66,225,9) (17,75,63,9) (57,69,108,9) (74,39,117,9) (55,8,108,9) (20,13,54,9) (26,51,90,9) (30,84,108,9) (56,20,117,9) (4,81,108,9) (82,74,36,9) (35,87,108,9) (34,64,162,9) (96,51,90,9) (38,0,90,9) (13,79,90,9) (79,87,54,9) 
(66,28,126,9) (14,19,153,9) (33,50,126,9) (50,37,99,9) (25,56,198,9) (98,64,144,9) (74,45,135,9) (12,44,126,9) (83,99,90,9) (93,19,27,9) (50,58,126,9) (87,9,99,9) (53,94,81,9) (80,50,126,9) (44,45,63,9) (47,18,90,9) (26,40,90,9) (49,32,171,9) (31,1,171,9) (28,78,63,9) 
(7,94,45,9) (28,41,108,9) (55,80,81,9) (90,11,54,9) (90,12,180,9) (12,29,198,9) (73,14,63,9) (46,24,45,9) (6,88,81,9) (9,7,99,9) (26,81,99,9) (60,44,72,9) (10,1,90,9) (83,18,117,9) (41,18,27,9) (21,54,81,9) (51,53,99,9) (4,48,99,9) (12,30,117,9) (15,61,63,9) 
(49,26,189,9) (81,83,135,9) (30,71,162,9) (82,29,36,9) (3,44,54,9) (14,18,45,9) (87,55,90,9) (33,17,135,9) (11,15,9,9) (5,7,126,9) (34,21,144,9) (22,3,144,9) (91,61,117,9) (78,47,108,9) (41,99,36,9) (20,47,117,9) (32,73,126,9) (29,92,18,9) (0,75,81,9) (85,20,81,9) 
(11,95,126,9) (30,46,144,9) (97,44,54,9) (91,98,63,9) (10,89,126,9) (58,18,126,9) (22,83,63,9) (37,1,144,9) (15,29,90,9) (18,3,81,9) (68,54,117,9) (97,32,54,9) (93,41,153,9) (61,24,81,9) (24,64,171,9) (0,53,81,9) (68,82,63,9) (44,0,126,9) (69,60,90,9) (49,63,27,9) 
(10,99,18,9) (70,43,81,9) (54,17,90,9) (83,13,135,9) (30,11,63,9) (7,83,90,9) (36,15,63,9) (93,76,117,9) (83,32,108,9) (98,88,162,9) (12,83,108,9) (67,6,63,9) (68,6,108,9) (68,88,90,9) (32,91,27,9) (76,61,117,9) (90,36,18,9) (66,43,90,9) (41,29,99,9) (42,77,99,9) 
(60,10,171,9) (70,81,81,9) (67,16,36,9) (94,85,117,9) (42,70,63,9) (41,29,63,9) (26,53,27,9) (13,54,144,9) (9,32,108,9) (39,37,9,9) (11,63,162,9) (93,92,108,9) (45,43,216,9) (42,66,135,9) (45,73,126,9) (85,82,54,9) (16,30,54,9) (2,77,27,9) (40,82,108,9) (65,6,72,9) 
(21,40,63,9) (22,50,126,9) (58,77,108,9) (42,44,135,9) (79,74,90,9) (13,3,153,9) (45,92,162,9) (89,42,108,9) (25,51,144,9) (77,56,90,9) (40,35,72,9) (75,60,108,9) (4,61,99,9) (5,86,81,9) (63,75,90,9) (97,87,108,9) (34,85,108,9) (96,52,63,9) (99,51,72,9) (0,53,63,9) 
(2,40,63,9) (53,13,72,9) (63,67,108,9) (61,75,54,9) (78,75,18,9) (58,90,81,9) (37,27,171,9) (60,17,135,9) (18,83,108,9) (79,65,81,9) (9,55,45,9) (44,19,90,9) (1,6,126,9) (49,3,162,9) (39,14,108,9) (33,62,90,9) (69,7,135,9) (57,6,54,9) (45,0,126,9) (30,63,126,9) 
(46,92,108,9) (79,92,72,9) (43,95,135,9) (52,57,144,9) (97,41,45,9) (5,87,63,9) (75,82,99,9) (3,45,27,9) (75,20,54,9) (90,89,72,9) (78,81,90,9) (25,85,18,9) (52,62,54,9) (2,7,90,9) (7,5,72,9) (18,65,99,9) (50,9,99,9) (17,81,54,9) (74,68,162,9) (46,76,135,9) 
(14,21,72,9) (74,87,81,9) (35,21,63,9) (53,67,90,9) (60,37,54,9) (29,85,153,9) (33,68,99,9) (44,86,18,9) (49,1,54,9) (23,58,90,9) (54,27,27,9) (51,72,135,9) (20,95,117,9) (40,50,81,9) (37,32,108,9) (3,43,72,9) (54,24,90,9) (2,82,72,9) (65,94,90,9) (77,48,81,9) 
(31,5,99,9) (61,65,90,9) (21,1,198,9) (80,32,36,9) (29,64,126,9) (24,41,108,9) (33,1,54,9) (70,26,18,9) (7,33,72,9) (52,5,189,9) (33,34,108,9) (50,44,90,9) (46,72,171,9) (82,27,99,9) (71,12,126,9) (9,69,207,9) (58,55,81,9) (32,53,27,9) (85,46,36,9) (13,8,144,9) 
(19,68,90,9) (98,89,126,9) (99,50,36,9) (17,53,99,9) (92,33,99,9) (40,74,36,9) (49,92,81,9) (61,30,81,9) (99,33,54,9) (83,37,9,9) (71,33,54,9) (16,86,117,9) (19,88,117,9) (82,16,99,9) (61,95,162,9) (40,92,162,9) (39,45,72,9) (22,49,162,9) (27,68,126,9) (92,93,90,9) 
(65,48,72,9) (66,37,108,9) (57,90,81,9) (86,79,54,9) (85,31,54,9) (0,47,126,9) (86,25,99,9) (61,86,126,9) (91,63,144,9) (42,7,108,9) (26,38,117,9) (56,9,81,9) (84,22,99,9) (26,40,63,9) (28,74,135,9) (6,26,18,9) (50,80,180,9) (95,20,144,9) (3,55,108,9) (98,84,135,9) 
(14,56,117,9) (67,83,99,9) (81,55,81,9) (92,54,90,9) (1,97,144,9) (28,75,9,9) (46,19,126,9) (47,38,72,9) (46,53,72,9) (91,87,72,9) (32,74,90,9) (75,74,27,9) (76,36,72,9) (29,74,144,9) (33,5,99,9) (60,11,99,9) (63,59,153,9) (0,25,9,9) (74,64,117,9) (52,36,126,9) 
(31,22,45,9) (53,93,153,9) (22,55,81,9) (28,18,171,9) (91,5,108,9) (63,13,54,9) (41,15,144,9) (48,26,108,9) (38,85,126,9) (31,97,126,9) (28,27,126,9) (83,68,81,9) (63,72,99,9) (59,55,135,9) (6,2,144,9) (90,88,153,9) (53,87,99,9) (61,98,108,9) (94,50,63,9) (77,45,27,9) 
(33,44,90,9) (95,55,99,9) (23,15,90,9) (48,57,63,9) (18,99,99,9) (74,9,81,9) (95,75,126,9) (87,79,99,9) (77,36,99,9) (53,86,99,9) (37,42,63,9) (68,91,63,9) (49,5,99,9) (49,45,90,9) (44,3,72,9) (74,63,54,9) (89,31,63,9) (80,70,90,9) (42,66,72,9) (41,3,117,9) 
(38,21,9,9) (63,80,90,9) (54,6,117,9) (66,46,81,9) (11,43,45,9) (29,51,108,9) (71,93,36,9) (82,16,144,9) (35,58,99,9) (51,71,135,9) (68,19,63,9) (77,23,153,9) (20,92,63,9) (25,18,90,9) (4,58,117,9) (91,68,108,9) (95,20,108,9) (95,62,99,9) (40,15,135,9) (48,94,81,9) 
(25,61,36,9) (22,87,63,9) (35,75,18,9) (31,75,144,9) (15,0,45,9) (63,14,117,9) (25,97,162,9) (87,34,126,9) (83,36,90,9) (16,0,72,9) (11,47,36,9) (87,19,54,9) (95,50,63,9) (77,37,63,9) (14,72,9,9) (89,63,81,9) (43,70,72,9) (28,76,81,9) (55,63,99,9) (3,0,54,9) 
(1,23,108,9) (33,89,99,9) (25,86,54,9) (84,95,135,9) (31,7,99,9) (82,80,153,9) (49,56,90,9) (87,36,144,9) (22,11,108,9) (1,66,63,9) (67,81,9,9) (32,82,27,9) (32,18,144,9) (61,22,207,9) (91,79,81,9) (74,76,81,9) (4,32,117,9) (4,80,81,9) (67,69,45,9) (21,9,135,9) 
(1,42,18,9) (82,59,108,9) (2,84,81,9) (44,1,81,9) (83,61,117,9) (9,75,108,9) (29,18,72,9) (18,64,99,9) (79,45,99,9) (54,11,99,9) (39,60,126,9) (35,4,45,9) (29,68,45,9) (4,61,162,9) (69,86,27,9) (31,90,81,9) (65,3,36,9) (45,15,54,9) (98,18,162,9) (65,70,90,9) 
(17,67,90,9) (86,51,162,9) (96,65,54,9) (76,43,81,9) (57,85,162,9) (12,54,135,9) (4,1,99,9) (97,32,54,9) (89,50,180,9) (89,24,90,9) (69,22,108,9) (11,97,81,9) (34,74,63,9) (54,74,54,9) (53,96,144,9) (63,47,36,9) (20,11,90,9) (43,11,63,9) (42,41,45,9) (16,63,144,9) 
(20,8,72,9) (59,78,153,9) (66,40,144,9) (36,42,72,9) (59,47,63,9) (94,85,189,9) (96,38,36,9) (18,1,117,9) (73,76,81,9) (65,8,153,9) (88,64,144,9) (21,22,45,9) (80,22,117,9) (68,17,162,9) (98,83,117,9) (48,58,117,9) (63,77,36,9) (29,27,135,9) (70,20,54,9) (88,16,279,9) 
(15,33,45,9) (33,24,126,9) (80,42,108,9) (12,31,36,9) (67,35,117,9) (37,56,108,9) (25,58,153,9) (59,64,72,9) (41,63,99,9) (13,37,63,9) (61,95,135,9) (29,26,144,9) (31,79,171,9) (90,6,153,9) (85,35,126,9) (12,92,45,9) (54,45,126,9) (44,79,144,9) (91,72,81,9) (37,82,99,9) 
(15,21,108,9) (77,31,117,9) (95,55,9,9) (45,38,108,9) (0,95,108,9) (43,78,45,9) (18,54,63,9) (49,52,135,9) (4,49,144,9) (22,14,135,9) (56,59,198,9) (56,10,144,9) (34,77,117,9) (60,12,171,9) (44,94,99,9) (35,33,36,9) (25,76,72,9) (87,85,90,9) (54,36,126,9) (83,11,90,9) 
(87,58,72,9) (99,82,99,9) (1,66,36,9) (86,19,45,9) (16,38,27,9) (2,84,36,9) (71,35,216,9) (38,37,81,9) (77,64,99,9) (63,17,45,9) (35,53,135,9) (10,53,45,9) (86,87,162,9) (37,82,90,9) (86,52,54,9) (58,7,45,9) (44,96,108,9) (82,63,144,9) (79,18,9,9) (45,0,63,9) 
(26,81,54,9) (1,98,135,9) (33,4,81,9) (66,71,99,9) (42,88,36,9) (87,10,81,9) (56,81,63,9) (10,62,90,9) (52,3,153,9) (56,93,117,9) (60,37,18,9) (92,39,27,9) (50,55,72,9) (42,4,54,9) (93,97,63,9) (0,58,27,9) (92,55,99,9) (31,13,81,9) (23,53,99,9) (80,47,72,9) 
(0,1,225,9) (40,22,81,9) (9,15,54,9) (74,24,90,9) (0,93,162,9) (25,98,99,9) (70,83,108,9) (44,0,90,9) (8,85,81,9) (93,3,135,9) (10,51,135,9) (48,60,63,9) (88,29,63,9) (15,72,72,9) (71,7,99,9) (98,14,117,9) (6,4,90,9) (28,99,162,9) (73,51,90,9) (36,32,144,9) 
(6,41,90,9) (48,20,135,9) (95,86,90,9) (5,74,117,9) (82,21,45,9) (48,47,198,9) (11,2,36,9) (63,83,36,9) (34,20,108,9) (58,75,81,9) (18,12,45,9) (94,74,36,9) (92,54,126,9) (92,52,63,9) (88,29,45,9) (35,47,108,9) (73,96,135,9) (13,95,81,9) (7,82,63,9) (19,87,117,9) 
(63,58,135,9) (40,76,126,9) (0,44,99,9) (51,97,108,9) (46,2,189,9) (12,56,36,9) (30,89,99,9) (42,69,135,9) (72,14,72,9) (85,66,135,9) (88,22,135,9) (92,91,135,9) (63,39,99,9) (72,39,27,9) (31,32,54,9) (55,93,45,9) (96,34,135,9) (80,87,99,9) (87,0,45,9) (68,96,72,9) 
(70,11,144,9) (81,3,90,9) (41,35,144,9) (93,7,54,9) (27,16,144,9) (3,35,126,9) (50,88,117,9) (74,40,81,9) (70,2,99,9) (46,24,54,9) (68,30,90,9) (57,4,108,9) (31,78,180,9) (26,94,90,9) (79,64,27,9) (74,65,36,9) (48,2,90,9) (95,24,117,9) (10,90,63,9) (74,32,90,9) 
(6,54,108,9) (81,19,180,9) (87,46,144,9) (78,75,45,9) (95,31,126,9) (6,18,126,9) (0,72,162,9) (85,43,45,9) (55,84,90,9) (1,68,108,9) (43,6,126,9) (38,27,216,9) (9,3,108,9) (64,76,45,9) (1,83,72,9) (29,59,63,9) (60,23,72,9) (19,64,63,9) (26,40,81,9) (93,98,117,9) 
(5,22,90,9) (87,82,99,9) (50,70,117,9) (34,94,90,9) (30,41,153,9) (55,13,54,9) (8,92,90,9) (15,54,90,9) (58,82,81,9) (36,49,81,9) (66,88,135,9) (52,14,180,9) (75,88,135,9) (92,75,54,9) (90,80,153,9) (15,93,90,9) (54,59,126,9) (44,98,81,9) (43,39,81,9) (45,81,81,9) 
(12,50,54,9) (41,10,99,9) (34,30,18,9) (9,59,117,9) (41,62,81,9) (22,3,171,9) (18,26,72,9) (21,29,90,9) (46,91,36,9) (69,43,90,9) (74,53,54,9) (60,34,63,9) (42,53,54,9) (11,34,126,9) (46,29,81,9) (65,5,144,9) (25,73,81,9) (59,23,126,9) (47,80,153,9) (92,95,135,9) 
(77,89,72,9) (77,22,63,9) (80,87,81,9) (87,65,72,9) (67,73,72,9) (77,69,90,9) (70,94,108,9) (38,80,63,9) (48,13,135,9) (65,31,18,9) (10,90,81,9) (65,29,36,9) (95,57,126,9) (93,85,9,9) (65,14,45,9) (8,66,63,9) (98,3,108,9) (67,99,27,9) (47,92,90,9) (30,43,9,9) 
(63,40,108,9) (14,24,117,9) (71,85,162,9) (2,35,99,9) (26,9,90,9) (26,53,27,9) (32,25,117,9) (53,15,117,9) (39,42,72,9) (27,84,90,9) (90,11,90,9) (39,88,54,9) (31,45,90,9) (55,25,108,9) (81,30,45,9) (87,23,9,9) (31,76,18,9) (38,20,81,9) (50,91,108,9) (79,17,135,9) 
(12,85,45,9) (54,88,81,9) (29,54,162,9) (14,91,108,9) (10,66,144,9) (69,54,81,9) (37,84,90,9) (85,14,63,9) (21,83,144,9) (49,80,126,9) (94,64,99,9) (59,26,90,9) (59,3,90,9) (96,55,90,9) (47,79,99,9) (16,48,90,9) (13,6,81,9) (36,98,117,9) (15,56,81,9) (6,81,81,9) 
(12,10,45,9) (20,59,90,9) (23,99,153,9) (53,73,90,9) (92,53,90,9) (80,44,108,9) (64,22,144,9) (98,61,117,9) (37,15,45,9) (15,19,81,9) (87,20,108,9) (49,32,126,9) (29,53,108,9) (0,70,81,9) (76,55,144,9) (41,4,144,9) (7,17,99,9) (59,43,117,9) (47,86,108,9) (59,80,63,9) 
(26,80,90,9) (96,23,135,9) (71,59,99,9) (82,83,81,9) (41,3,135,9) (2,80,117,9) (77,54,63,9) (91,23,63,9) (40,8,99,9) (22,8,54,9) (14,93,45,9) (11,76,90,9) (57,81,108,9) (87,3,117,9) (77,84,108,9) (32,23,81,9) (81,36,54,9) (51,43,135,9) (50,12,144,9) (95,71,54,9) 
(54,38,126,9) (46,32,198,9) (50,19,126,9) (68,98,90,9) (36,34,18,9) (35,0,126,9) (58,5,135,9) (65,12,99,9) (28,65,99,9) (39,98,99,9) (40,97,144,9) (7,89,153,9) (61,29,99,9) (65,42,90,9) (34,37,81,9) (32,40,54,9) (96,98,135,9) (22,94,72,9) (66,17,81,9) (60,70,108,9) 
(17,32,162,9) (8,81,36,9) (61,91,72,9) (68,96,36,9) (90,96,117,9) (9,41,72,9) (9,18,90,9) (7,96,18,9) (44,7,81,9) (28,59,81,9) (30,84,63,9) (33,73,81,9) (82,3,117,9) (9,73,162,9) (11,76,126,9) (5,74,99,9) (4,24,117,9) (97,15,63,9) (91,14,108,9) (91,45,135,9) 
(3,28,108,9) (82,36,18,9) (40,56,108,9) (17,9,81,9) (44,10,117,9) (88,24,63,9) (76,51,144,9) (68,73,63,9) (73,45,99,9) (62,57,81,9) (13,30,45,9) (31,59,81,9) (46,71,99,9) (35,90,108,9) (35,23,54,9) (12,50,99,9) (92,4,90,9) (87,88,72,9) (89,73,144,9) (51,24,108,9) 
(26,41,27,9) (2,58,27,9) (43,67,72,9) (41,65,36,9) (95,18,90,9) (10,64,45,9) (92,90,135,9) (29,9,54,9) (5,72,126,9) (5,57,63,9) (32,42,45,9) (99,18,117,9) (61,33,99,9) (75,33,144,9) (59,55,63,9) (54,3,90,9) (77,14,135,9) (57,46,108,9) (16,90,81,9) (97,4,27,9) 
(72,59,36,9) (66,9,90,9) (56,1,144,9) (45,11,81,9) (93,59,72,9) (8,68,72,9) (74,83,63,9) (0,44,63,9) (16,22,144,9) (90,79,63,9) (26,60,126,9) (66,62,135,9) (1,51,99,9) (46,97,108,9) (79,33,117,9) (70,62,81,9) (16,11,81,9) (32,93,81,9) (96,46,90,9) (96,5,36,9) 
(18,92,144,9) (53,74,90,9) (96,54,81,9) (69,39,90,9) (33,14,153,9) (16,13,18,9) (35,46,90,9) (46,73,63,9) (5,1,108,9) (91,71,171,9) (86,51,117,9) (76,96,72,9) (88,95,144,9) (27,96,144,9) (54,71,144,9) (52,55,108,9) (79,93,135,9) (29,1,153,9) (80,29,27,9) (81,89,153,9) 
(31,22,153,9) (73,28,126,9) (86,0,117,9) (44,20,45,9) (69,19,99,9) (14,64,54,9) (69,0,36,9) (80,64,81,9) (48,39,36,9) (70,58,27,9) (99,38,135,9) (7,79,90,9) (0,78,126,9) (52,64,90,9) (97,90,144,9) (17,6,135,9) (73,8,117,9) (84,78,180,9) (86,61,90,9) (82,14,18,9) 
(29,73,171,9) (55,43,90,9) (11,48,108,9) (78,38,99,9) (60,38,81,9) (9,55,144,9) (92,16,144,9) (88,98,90,9) (40,86,18,9) (83,41,27,9) (87,59,126,9) (93,64,126,9) (65,86,81,9) (54,96,108,9) (80,71,171,9) (39,78,108,9) (7,79,117,9) (31,84,81,9) (44,93,144,9) (23,71,90,9) 
(41,30,117,9) (24,65,45,9) (62,28,171,9) (55,36,63,9) (83,23,99,9) (25,95,153,9) (10,68,54,9) (46,57,108,9) (76,88,117,9) (22,14,45,9) (91,62,72,9) (83,21,36,9) (60,47,108,9) (95,78,144,9) (45,82,9,9) (61,44,126,9) (91,21,144,9) (89,0,117,9) (79,85,144,9) (43,40,135,9) 
(21,28,63,9) (21,17,36,9) (51,30,54,9) (1,5,126,9) (47,27,144,9) (82,39,54,9) (5,67,18,9) (64,49,72,9) (27,24,18,9) (73,17,81,9) (7,41,144,9) (58,60,18,9) (68,44,63,9) (72,99,126,9) (14,43,63,9) (28,27,90,9) (68,33,117,9) (49,42,117,9) (72,18,117,9) (4,63,27,9) 
(70,31,72,9) (98,0,180,9) (32,86,54,9) (94,34,9,9) (82,63,162,9) (27,81,81,9) (11,44,135,9) (48,91,117,9) (16,85,72,9) (79,86,99,9) (71,25,99,9) (42,53,72,9) (68,90,18,9) (17,88,126,9) (38,16,81,9) (33,23,90,9) (85,59,135,9) (6,26,72,9) (58,80,81,9) (13,57,108,9) 
(49,91,81,9) (89,53,27,9) (1,17,90,9) (26,23,108,9) (85,2,90,9) (55,97,90,9) (35,40,18,9) (93,23,126,9) (43,39,54,9) (12,98,99,9) (11,86,72,9) (86,71,81,9) (25,52,81,9) (57,39,54,9) (90,93,18,9) (9,76,90,9) (46,19,81,9) (33,15,90,9) (4,22,126,9) (15,5,198,9) 
(54,50,99,9) (65,44,135,9) (68,75,72,9) (38,57,63,9) (67,26,27,9) (62,65,72,9) (91,58,90,9) (1,80,135,9) (86,90,99,9) (57,74,117,9) (63,25,72,9) (46,10,117,9) (74,63,108,9) (98,0,90,9) (12,74,162,9) (81,73,9,9) (13,75,126,9) (30,73,135,9) (20,94,117,9) (40,16,153,9) 
(46,50,108,9) (59,70,54,9) (32,74,9,9) (52,65,126,9) (3,52,108,9) (31,24,108,9) (7,79,54,9) (15,14,27,9) (52,34,135,9) (75,66,36,9) (15,77,108,9) (34,11,117,9) (90,59,45,9) (69,10,126,9) (49,92,117,9) (31,91,81,9) (72,99,135,9) (93,79,72,9) (72,42,45,9) (8,31,54,9) 
(31,58,180,9) (36,93,108,9) (57,92,81,9) (35,75,81,9) (81,84,126,9) (43,29,162,9) (74,31,81,9) (52,73,99,9) (31,61,90,9) (28,88,45,9) (90,45,108,9) (43,24,135,9) (67,59,99,9) (68,92,108,9) (38,1,117,9) (11,59,99,9) (11,47,63,9) (34,66,144,9) (75,54,117,9) (13,75,144,9) 
(48,3,180,9) (86,25,81,9) (55,74,153,9) (70,64,81,9) (49,80,90,9) (48,77,63,9) (76,42,189,9) (84,89,126,9) (5,96,108,9) (56,3,63,9) (31,44,135,9) (34,36,63,9) (46,82,18,9) (15,42,153,9) (69,45,126,9) (74,69,171,9) (95,35,81,9) (65,14,54,9) (63,76,108,9) (68,87,81,9) 
(54,75,117,9) (51,67,18,9) (84,26,126,9) (21,72,63,9) (5,48,162,9) (75,25,108,9) (81,51,117,9) (8,51,54,9) (81,90,126,9) (40,6,108,9) (60,23,63,9) (92,59,126,9) (77,21,144,9) (1,93,108,9) (68,29,108,9) (61,58,108,9) (93,74,144,9) (47,65,18,9) (4,34,9,9) (66,30,81,9) 
(98,37,45,9) (97,35,81,9) (55,0,72,9) (7,82,27,9) (27,41,135,9) (57,52,189,9) (48,87,81,9) (82,84,117,9) (88,63,99,9) (12,38,99,9) (68,77,54,9) (39,76,54,9) (41,51,72,9) (15,90,63,9) (90,67,72,9) (22,32,81,9) (29,26,27,9) (79,33,27,9) (57,72,135,9) (17,3,135,9) 
(90,76,45,9) (38,20,126,9) (94,49,144,9) (3,79,81,9) (33,42,63,9) (28,13,81,9) (92,47,63,9) (28,50,144,9) (26,37,117,9) (79,29,27,9) (89,10,36,9) (3,56,81,9) (96,5,63,9) (40,25,171,9) (34,39,144,9) (93,73,99,9) (32,31,126,9) (73,39,72,9) (68,4,180,9) (51,12,108,9) 
(96,33,135,9) (92,18,171,9) (68,92,81,9) (88,70,108,9) (39,73,90,9) (22,37,99,9) (28,50,27,9) (88,2,126,9) (98,39,90,9) (60,3,63,9) (67,77,18,9) (64,84,135,9) (68,93,144,9) (48,12,180,9) (58,33,117,9) (77,30,72,9) (80,3,117,9) (19,41,54,9) (12,30,99,9) (39,9,63,9) 
(73,51,90,9) (2,89,63,9) (30,10,54,9) (66,12,117,9) (47,18,72,9) (51,25,45,9) (3,4,72,9) (95,79,45,9) (37,25,54,9) (68,47,126,9) (73,5,63,9) (88,87,162,9) (75,55,99,9) (3,21,72,9) (57,76,36,9) (13,89,81,9) (71,39,54,9) (37,24,27,9) (48,87,72,9) (63,8,135,9) 
(61,4,45,9) (85,80,117,9) (41,96,99,9) (7,78,81,9) (24,23,9,9) (17,15,99,9) (36,63,126,9) (38,85,144,9) (92,21,63,9) (82,96,54,9) (58,73,162,9) (66,59,171,9) (37,93,126,9) (5,21,117,9) (3,84,108,9) (84,65,81,9) (71,16,162,9) (76,61,90,9) (40,54,162,9) (35,53,45,9) 
(45,33,108,9) (66,15,153,9) (97,84,117,9) (29,90,54,9) (40,97,63,9) (71,11,90,9) (53,19,72,9) (15,11,81,9) (94,29,108,9) (84,37,81,9) (55,93,63,9) (20,72,126,9) (5,77,54,9) (56,17,18,9) (48,96,99,9) (3,59,90,9) (90,6,99,9) (89,28,45,9) (24,93,90,9) (97,38,27,9) 
(27,16,54,9) (79,10,81,9) (71,85,180,9) (24,69,180,9) (50,4,81,9) (15,95,81,9) (12,87,99,9) (93,89,117,9) (31,65,27,9) (60,56,81,9) (16,45,81,9) (90,32,63,9) (30,66,54,9) (72,76,90,9) (50,1,9,9) (81,83,72,9) (95,72,9,9) (65,14,108,9) (50,38,171,9) (3,61,117,9) 
(90,57,72,9) (46,1,135,9) (13,6,135,9) (35,43,63,9) (21,6,81,9) (48,49,90,9) (18,0,18,9) (25,20,90,9) (85,75,117,9) (34,83,108,9) (50,23,135,9) (49,53,180,9) (62,71,144,9) (28,75,72,9) (91,39,117,9) (71,1,36,9) (70,58,81,9) (15,36,72,9) (74,96,90,9) (15,85,63,9) 
(24,65,72,9) (76,20,36,9) (56,72,63,9) (4,31,117,9) (84,90,108,9) (45,11,117,9) (77,99,54,9) (50,83,99,9) (53,99,144,9) (29,21,72,9) (72,32,27,9) (87,49,90,9) (83,88,153,9) (32,52,72,9) (49,66,99,9) (91,41,90,9) (42,65,162,9) (58,41,135,9) (87,84,153,9) (6,84,99,9) 
(47,7,108,9) (44,19,90,9) (79,3,54,9) (6,31,36,9) (56,13,9,9) (50,69,135,9) (34,48,27,9) (9,87,90,9) (40,98,189,9) (92,6,189,9) (66,48,126,9) (50,42,99,9) (45,36,81,9) (46,48,81,9) (24,88,135,9) (88,84,108,9) (70,33,63,9) (81,86,90,9) (17,73,45,9) (41,73,135,9) 
(59,31,117,9) (37,22,135,9) (85,62,72,9) (69,83,153,9) (45,32,189,9) (22,11,81,9) (63,36,144,9) (99,13,90,9) (46,2,126,9) (64,85,108,9) (1,37,81,9) (31,30,81,9) (30,90,72,9) (52,14,45,9) (49,77,126,9) (85,19,117,9) (62,54,99,9) (48,25,81,9) (52,61,90,9) (45,62,108,9) 
(31,58,54,9) (12,75,90,9) (7,76,99,9) (76,68,171,9) (10,56,99,9) (66,25,180,9) (52,97,36,9) (58,78,90,9) (45,71,135,9) (27,50,81,9) (44,23,126,9) (6,29,108,9) (82,36,126,9) (1,3,81,9) (92,70,81,9) (4,42,99,9) (66,30,189,9) (48,6,36,9) (14,33,108,9) (27,75,99,9) 
(49,8,189,9) (86,89,90,9) (58,1,117,9) (89,12,54,9) (61,93,126,9) (12,46,81,9) (81,12,90,9) (12,98,99,9) (73,93,108,9) (81,68,117,9) (63,84,18,9) (5,21,99,9) (98,36,135,9) (4,35,90,9) (9,83,108,9) (9,84,99,9) (89,69,72,9) (38,40,72,9) (43,51,63,9) (42,3,117,9) 
(6,95,45,9) (21,20,135,9) (15,48,108,9) (96,26,27,9) (22,91,45,9) (58,23,36,9) (48,47,45,9) (8,99,153,9) (95,43,135,9) (21,15,135,9) (43,40,117,9) (6,68,81,9) (45,42,36,9) (43,53,99,9) (33,71,54,9) (44,36,108,9) (90,80,99,9) (91,84,171,9) (28,23,108,9) (16,12,72,9) 
(48,40,63,9) (54,47,81,9) (95,51,90,9) (82,55,144,9) (25,19,108,9) (3,7,108,9) (15,72,18,9) (92,72,126,9) (82,93,90,9) (57,22,153,9) (18,87,153,9) (90,33,117,9) (71,73,45,9) (37,15,135,9) (9,28,171,9) (50,51,171,9) (44,48,117,9) (78,84,126,9) (78,53,63,9) (26,17,72,9) 
(7,77,171,9) (23,26,36,9) (78,83,99,9) (1,33,90,9) (63,0,9,9) (48,73,72,9) (69,16,108,9) (85,16,27,9) (83,20,27,9) (85,72,45,9) (79,72,171,9) (99,69,153,9) (46,43,99,9) (4,23,72,9) (90,76,108,9) (57,19,108,9) (42,4,63,9) (28,14,81,9) (2,78,99,9) (92,78,54,9) 
(65,64,81,9) (83,85,72,9) (94,55,54,9) (77,63,81,9) (23,57,90,9) (78,77,63,9) (16,33,99,9) (86,88,117,9) (49,73,72,9) (95,27,36,9) (14,8,81,9) (19,88,90,9) (94,32,72,9) (72,94,81,9) (88,33,126,9) (57,18,72,9) (42,30,126,9) (83,17,54,9) (25,69,45,9) (24,93,63,9) 
(34,4,99,9) (82,87,126,9) (54,8,153,9) (83,33,153,9) (72,28,135,9) (62,72,54,9) (37,97,63,9) (85,80,54,9) (56,5,117,9) (14,59,108,9) (86,14,108,9) (50,71,18,9) (7,69,54,9) (71,23,9,9) (98,89,144,9) (23,91,72,9) (82,95,117,9) (57,93,126,9) (84,51,126,9) (28,97,162,9) 
(69,56,72,9) (83,30,135,9) (69,26,162,9) (9,88,117,9) (13,42,99,9) (76,85,153,9) (61,90,99,9) (38,65,36,9) (23,57,189,9) (38,84,171,9) (58,86,63,9) (47,85,117,9) (12,58,54,9) (6,21,90,9) (64,68,135,9) (54,14,99,9) (10,24,144,9) (49,43,162,9) (6,32,9,9) (14,11,72,9) 