(44,88,45,5) (60,90,70,5) (39,24,120,5) (23,22,70,5) (19,46,55,5) (80,48,40,5) (91,11,65,5) (6,48,35,5) (72,47,105,5) (5,57,40,5) (65,74,55,5) (5,21,15,5) (56,43,45,5) (16,28,25,5) (21,40,50,5) (31,10,35,5) (21,37,75,5) (99,68,65,5) (93,47,30,5) (19,3,70,5) 
(38,20,35,5) (10,70,60,5) (54,61,40,5) (33,46,25,5) (37,58,20,5) (98,1,30,5) (56,45,40,5) (19,14,65,5) (74,51,20,5) (52,40,75,5) (43,10,55,5) (6,81,65,5) (52,48,5,5) (23,71,40,5) (38,97,45,5) (67,42,35,5) (21,92,50,5) (36,28,60,5) (50,72,45,5) (7,30,65,5) 
(56,53,30,5) (26,15,50,5) (96,78,30,5) (75,35,50,5) (10,62,45,5) (44,80,40,5) (47,93,50,5) (67,47,30,5) (27,50,10,5) (27,45,100,5) (67,44,45,5) (40,70,75,5) (64,44,65,5) (47,52,65,5) (74,4,45,5) (65,56,30,5) (84,65,65,5) (92,96,60,5) (63,41,95,5) (52,0,65,5) 
(86,18,85,5) (79,18,70,5) (60,43,45,5) (66,38,50,5) (9,1,60,5) (40,76,45,5) (76,50,10,5) (25,52,70,5) (37,87,45,5) (88,46,60,5) (89,97,45,5) (64,58,35,5) (92,13,65,5) (85,72,85,5) (99,71,70,5) (6,66,40,5) (32,75,30,5) (89,17,90,5) (34,16,55,5) (69,93,65,5) 
(91,50,60,5) (62,48,30,5) (20,54,95,5) (3,74,80,5) (40,28,75,5) (27,93,30,5) (72,59,10,5) (64,38,80,5) (50,64,45,5) (31,11,85,5) (36,22,75,5) (1,55,40,5) (0,61,30,5) (67,20,25,5) (56,23,60,5) (50,4,65,5) (29,63,80,5) (82,62,50,5) (45,10,75,5) (66,96,65,5) 
(42,25,115,5) (45,9,45,5) (42,98,45,5) (7,84,65,5) (42,46,45,5) (59,20,85,5) (15,3,20,5) (70,4,85,5) (50,26,15,5) (86,45,55,5) (30,25,65,5) (41,83,30,5) (87,66,55,5) (3,16,10,5) (47,90,100,5) (0,43,30,5) (86,72,55,5) (51,50,30,5) (90,9,20,5) (67,79,80,5) 
(90,91,55,5) (51,35,35,5) (49,69,70,5) (82,53,90,5) (50,44,100,5) (33,27,85,5) (70,77,40,5) (3,47,50,5) (53,48,55,5) (66,49,40,5) (69,45,40,5) (86,25,55,5) (58,60,70,5) (24,45,75,5) (48,72,30,5) (42,95,110,5) (53,28,115,5) (43,69,75,5) (42,77,60,5) (9,33,60,5) 
(83,41,30,5) (90,42,20,5) (63,15,10,5) (60,21,60,5) (88,46,65,5) (53,83,85,5) (3,43,70,5) (96,59,50,5) (32,11,35,5) (64,89,40,5) (84,15,25,5) (97,95,55,5) (5,70,15,5) (73,5,95,5) (78,98,45,5) (60,57,70,5) (3,93,40,5) (45,67,30,5) (66,10,70,5) (10,9,30,5) 
(45,63,65,5) (65,51,60,5) (34,57,60,5) (26,1,45,5) (61,27,55,5) (78,82,45,5) (93,66,65,5) (24,75,40,5) (87,98,25,5) (23,48,90,5) (70,43,25,5) (28,45,85,5) (20,21,45,5) (12,59,60,5) (67,71,40,5) (6,98,30,5) (40,72,40,5) (14,56,30,5) (77,23,60,5) (55,62,75,5) 
(8,69,85,5) (76,5,25,5) (6,14,70,5) (5,94,25,5) (39,4,40,5) (37,43,45,5) (78,4,80,5) (90,53,45,5) (61,15,45,5) (2,39,60,5) (69,6,55,5) (74,91,5,5) (17,33,50,5) (41,97,35,5) (28,58,30,5) (4,69,85,5) (76,70,40,5) (75,45,80,5) (63,31,40,5) (33,9,35,5) 
(72,59,70,5) (97,51,65,5) (96,49,45,5) (21,27,25,5) (54,90,35,5) (43,31,25,5) (34,63,80,5) (60,2,25,5) (7,85,60,5) (42,63,25,5) (12,34,55,5) (54,21,60,5) (59,52,30,5) (51,66,40,5) (94,26,55,5) (45,76,50,5) (56,79,30,5) (27,65,90,5) (62,38,10,5) (33,62,25,5) 
(49,69,90,5) (45,3,65,5) (91,16,50,5) (24,6,55,5) (9,24,5,5) (8,76,30,5) (26,23,30,5) (31,6,85,5) (10,24,50,5) (32,12,65,5) (73,32,30,5) (48,38,50,5) (61,45,45,5) (95,44,30,5) (1,76,55,5) (24,0,50,5) (98,50,5,5) (61,33,75,5) (9,23,10,5) (34,32,65,5) 
(93,38,90,5) (38,99,95,5) (52,89,75,5) (53,97,30,5) (15,61,100,5) (0,10,80,5) (34,23,60,5) (97,66,25,5) (94,71,90,5) (24,57,35,5) (76,22,60,5) (12,82,40,5) (91,59,55,5) (65,71,70,5) (64,98,100,5) (2,89,50,5) (15,77,75,5) (21,15,50,5) (20,6,65,5) (93,19,50,5) 
(86,42,85,5) (9,91,30,5) (24,91,10,5) (96,39,70,5) (67,54,65,5) (21,23,50,5) (58,9,30,5) (86,72,80,5) (67,77,100,5) (38,63,60,5) (63,65,65,5) (7,23,40,5) (74,40,65,5) (27,53,65,5) (96,26,50,5) (42,39,75,5) (23,28,60,5) (95,38,60,5) (36,51,10,5) (0,58,15,5) 
(52,3,15,5) (52,43,30,5) (43,37,40,5) (36,59,30,5) (33,11,45,5) (57,99,70,5) (99,11,65,5) (4,1,40,5) (13,11,100,5) (38,44,105,5) (36,76,50,5) (72,33,30,5) (99,74,95,5) (8,36,60,5) (97,19,25,5) (92,37,25,5) (59,52,20,5) (38,10,75,5) (81,5,35,5) (79,63,45,5) 
(79,24,65,5) (11,35,50,5) (96,44,25,5) (82,29,40,5) (44,9,30,5) (9,7,30,5) (49,0,80,5) (6,89,45,5) (93,8,20,5) (11,90,55,5) (1,7,40,5) (58,99,75,5) (46,22,85,5) (89,63,30,5) (67,20,30,5) (69,6,55,5) (35,92,65,5) (7,63,30,5) (67,63,70,5) (78,11,55,5) 
(52,39,45,5) (10,90,70,5) (19,12,60,5) (80,37,50,5) (28,60,70,5) (0,87,10,5) (64,80,60,5) (42,94,5,5) (37,52,65,5) (15,39,60,5) (58,3,40,5) (14,7,65,5) (37,50,60,5) (0,52,115,5) (97,44,50,5) (49,42,40,5) (25,9,70,5) (53,9,70,5) (92,68,90,5) (98,26,40,5) 
(43,24,35,5) (4,96,35,5) (31,55,65,5) (89,32,40,5) (75,43,35,5) (72,58,120,5) (90,19,45,5) (93,96,70,5) (8,18,10,5) (9,35,90,5) (29,71,35,5) (47,93,50,5) (90,27,45,5) (85,21,70,5) (11,44,75,5) (69,96,30,5) (12,21,55,5) (80,34,30,5) (53,2,45,5) (51,76,65,5) 
(99,22,15,5) (4,30,40,5) (1,21,30,5) (22,75,55,5) (46,75,85,5) (17,67,45,5) (34,2,35,5) (33,42,80,5) (63,26,65,5) (72,34,75,5) (20,76,45,5) (47,6,45,5) (10,78,80,5) (46,8,35,5) (67,13,40,5) (19,25,100,5) (5,39,30,5) (82,8,85,5) (30,33,50,5) (96,52,30,5) 
(12,80,60,5) (96,76,60,5) (86,57,60,5) (85,67,15,5) (39,60,55,5) (66,95,30,5) (9,83,10,5) (2,43,80,5) (87,50,60,5) (9,69,15,5) (44,48,50,5) (21,70,10,5) (3,63,95,5) (46,74,55,5) (72,31,45,5) (73,62,25,5) (53,73,25,5) (95,33,80,5) (5,48,50,5) (35,47,50,5) 
(94,16,50,5) (38,16,60,5) (99,66,55,5) (10,79,70,5) (86,91,40,5) (31,50,35,5) (79,5,70,5) (64,25,60,5) (30,79,25,5) (34,55,70,5) (8,35,35,5) (85,40,20,5) (34,44,50,5) (57,15,80,5) (8,29,80,5) (99,69,60,5) (62,14,50,5) (86,46,85,5) (24,38,35,5) (78,15,45,5) 
(94,5,20,5) (77,81,25,5) (93,53,10,5) (30,68,75,5) (25,91,25,5) (60,29,70,5) (41,19,85,5) (57,91,75,5) (66,41,100,5) (86,51,10,5) (4,73,55,5) (41,97,80,5) (66,35,40,5) (32,41,25,5) (37,64,35,5) (99,2,35,5) (98,35,75,5) (3,42,30,5) (47,53,65,5) (38,45,65,5) 
(65,95,80,5) (78,47,10,5) (21,77,30,5) (12,46,40,5) (76,15,70,5) (31,40,50,5) (9,61,30,5) (99,47,45,5) (96,84,45,5) (87,9,15,5) (87,73,65,5) (78,65,70,5) (22,48,45,5) (13,47,45,5) (34,11,85,5) (96,17,30,5) (19,6,55,5) (98,19,70,5) (51,47,60,5) (75,29,85,5) 
(42,97,45,5) (88,35,55,5) (20,32,40,5) (28,77,55,5) (69,72,100,5) (54,92,95,5) (55,82,10,5) (37,6,55,5) (50,30,60,5) (11,38,95,5) (12,90,30,5) (87,42,65,5) (55,93,40,5) (78,41,45,5) (22,71,55,5) (28,72,55,5) (17,8,35,5) (62,89,70,5) (9,28,50,5) (71,78,35,5) 
(57,68,10,5) (68,96,30,5) (42,12,45,5) (82,75,65,5) (66,47,60,5) (21,17,55,5) (20,6,80,5) (19,72,65,5) (21,0,40,5) (14,91,80,5) (41,38,60,5) (96,4,65,5) (36,57,100,5) (9,55,65,5) (6,63,60,5) (98,54,5,5) (87,73,70,5) (14,53,70,5) (4,0,55,5) (47,93,50,5) 
(81,68,65,5) (1,98,55,5) (11,2,90,5) (89,44,55,5) (23,8,45,5) (1,2,50,5) (44,37,55,5) (3,15,50,5) (4,82,15,5) (65,83,45,5) (55,1,65,5) (13,19,55,5) (28,5,55,5) (55,75,40,5) (36,51,15,5) (68,32,60,5) (56,38,65,5) (96,73,95,5) (24,18,50,5) (95,60,40,5) 
(64,74,60,5) (67,73,95,5) (26,23,90,5) (58,28,45,5) (64,42,20,5) (60,46,30,5) (40,72,35,5) (86,59,30,5) (34,44,25,5) (41,54,45,5) (39,89,20,5) (81,17,25,5) (6,61,60,5) (48,94,45,5) (48,17,70,5) (63,82,65,5) (50,98,95,5) (21,39,35,5) (62,58,75,5) (10,95,50,5) 
(9,36,65,5) (78,31,55,5) (83,5,100,5) (98,75,55,5) (11,71,50,5) (73,22,65,5) (34,67,85,5) (2,48,20,5) (96,90,50,5) (15,44,35,5) (4,67,30,5) (6,65,55,5) (61,31,130,5) (71,68,65,5) (11,46,50,5) (29,37,75,5) (71,84,40,5) (17,15,35,5) (26,73,45,5) (76,53,55,5) 
(50,36,45,5) (39,50,15,5) (48,16,50,5) (25,51,85,5) (4,12,30,5) (77,11,70,5) (76,16,70,5) (26,7,65,5) (85,5,20,5) (5,33,75,5) (84,0,75,5) (24,61,25,5) (83,91,30,5) (5,6,40,5) (24,84,70,5) (85,47,55,5) (46,83,70,5) (52,77,25,5) (39,41,90,5) (65,26,40,5) 
(72,21,40,5) (39,5,70,5) (72,56,40,5) (14,69,65,5) (53,26,45,5) (56,50,70,5) (53,29,65,5) (74,19,30,5) (46,67,40,5) (30,94,75,5) (5,71,20,5) (45,10,25,5) (31,70,90,5) (70,73,30,5) (63,68,90,5) (50,14,75,5) (64,29,60,5) (64,33,35,5) (48,79,35,5) (57,69,55,5) 
(24,35,35,5) (19,90,75,5) (1,59,15,5) (67,55,60,5) (61,70,10,5) (40,47,75,5) (46,9,40,5) (73,61,45,5) (57,59,35,5) (70,63,45,5) (12,41,45,5) (48,56,50,5) (37,14,70,5) (37,17,70,5) (73,37,5,5) (52,97,20,5) (98,69,70,5) (79,90,35,5) (99,38,55,5) (92,7,25,5) 
(92,90,80,5) (74,10,90,5) (35,80,40,5) (44,8,60,5) (50,8,60,5) (5,80,80,5) (64,5,45,5) (57,44,85,5) (17,54,65,5) (9,16,55,5) (24,12,45,5) (18,31,65,5) (11,8,35,5) (41,82,30,5) (97,98,45,5) (15,21,60,5) (82,4,80,5) (22,4,5,5) (21,3,100,5) (62,65,40,5) 
(76,91,100,5) (83,1,90,5) (31,23,60,5) (94,95,55,5) (81,51,60,5) (56,75,45,5) (5,24,45,5) (20,31,65,5) (36,17,25,5) (9,5,5,5) (37,59,20,5) (0,61,60,5) (42,92,55,5) (0,68,15,5) (39,20,60,5) (89,23,30,5) (44,33,45,5) (87,95,35,5) (87,43,55,5) (68,36,55,5) 
(27,44,60,5) (89,57,75,5) (70,46,70,5) (48,59,20,5) (71,7,55,5) (97,0,25,5) (35,13,5,5) (43,16,30,5) (93,12,80,5) (98,82,50,5) (19,87,50,5) (56,17,55,5) (64,34,90,5) (39,1,60,5) (62,55,45,5) (91,48,25,5) (69,57,45,5) (42,69,30,5) (28,50,85,5) (76,64,35,5) 
(18,59,30,5) (35,82,45,5) (89,84,20,5) (73,70,20,5) (9,31,50,5) (75,24,100,5) (21,75,20,5) (91,69,20,5) (69,37,80,5) (30,49,20,5) (33,84,75,5) (38,19,45,5) (8,54,20,5) (45,20,30,5) (60,19,50,5) (90,6,85,5) (88,2,45,5) (90,65,35,5) (91,10,20,5) (43,61,60,5) 
(70,53,40,5) (54,52,35,5) (56,98,20,5) (44,67,40,5) (79,31,65,5) (15,9,20,5) (92,0,50,5) (54,74,80,5) (42,97,85,5) (70,63,85,5) (23,95,25,5) (17,48,10,5) (87,66,60,5) (95,18,60,5) (51,47,35,5) (97,58,45,5) (20,71,40,5) (73,90,60,5) (4,11,30,5) (15,4,40,5) 
(55,66,30,5) (97,6,45,5) (31,44,90,5) (94,37,55,5) (45,32,45,5) (38,32,80,5) (25,90,50,5) (89,13,20,5) (23,6,40,5) (5,78,55,5) (7,83,65,5) (14,21,75,5) (10,54,25,5) (45,47,35,5) (65,36,70,5) (25,81,25,5) (97,71,20,5) (15,93,95,5) (71,15,45,5) (75,81,60,5) 
(45,42,75,5) (45,52,75,5) (83,88,95,5) (4,33,70,5) (97,24,80,5) (50,13,30,5) (82,49,90,5) (67,95,35,5) (33,24,60,5) (32,30,60,5) (21,93,50,5) (87,79,80,5) (56,47,35,5) (51,57,30,5) (76,78,40,5) (38,94,40,5) (77,41,60,5) (78,55,30,5) (9,92,30,5) (63,46,20,5) 
(34,80,25,5) (11,41,90,5) (81,70,45,5) (96,65,75,5) (18,67,40,5) (58,94,60,5) (7,65,45,5) (18,80,40,5) (54,92,70,5) (84,11,40,5) (77,8,15,5) (76,96,15,5) (64,66,65,5) (63,90,45,5) (82,11,15,5) (14,96,10,5) (75,14,85,5) (11,70,60,5) (41,79,35,5) (88,95,90,5) 
(66,65,5,5) (92,99,30,5) (72,46,85,5) (84,60,95,5) (58,7,75,5) (15,85,60,5) (41,94,80,5) (90,49,70,5) (85,82,55,5) (78,91,40,5) (26,97,65,5) (22,91,45,5) (98,20,70,5) (3,50,45,5) (54,2,50,5) (90,58,40,5) (46,69,30,5) (20,14,60,5) (43,24,55,5) (87,52,110,5) 
(13,80,75,5) (66,81,65,5) (73,88,5,5) (57,65,60,5) (99,28,35,5) (66,97,50,5) (74,22,50,5) (39,2,65,5) (18,49,20,5) (63,61,40,5) (2,25,85,5) (64,40,20,5) (32,7,90,5) (88,52,110,5) (51,3,40,5) (83,5,40,5) (17,72,80,5) (71,52,25,5) (85,16,65,5) (77,75,20,5) 
(83,8,25,5) (94,78,30,5) (23,37,15,5) (25,69,50,5) (63,54,80,5) (40,17,55,5) (85,64,50,5) (64,39,80,5) (43,55,75,5) (47,11,70,5) (49,63,55,5) (47,51,60,5) (10,51,25,5) (91,73,75,5) (11,10,65,5) (89,72,90,5) (63,39,50,5) (48,44,95,5) (55,95,50,5) (76,54,35,5) 
(4,40,55,5) (54,90,50,5) (95,98,5,5) (86,23,50,5) (40,59,30,5) (75,11,35,5) (52,33,80,5) (54,48,65,5) (15,34,55,5) (31,50,20,5) (22,95,40,5) (5,94,60,5) (90,5,20,5) (3,65,70,5) (23,21,20,5) (27,21,70,5) (42,62,100,5) (49,25,20,5) (32,18,25,5) (28,77,20,5) 
(27,74,70,5) (78,63,65,5) (31,7,45,5) (61,84,35,5) (95,72,30,5) (56,70,35,5) (81,80,90,5) (3,24,45,5) (8,63,40,5) (31,8,75,5) (12,18,80,5) (65,3,45,5) (31,45,25,5) (48,21,70,5) (67,69,80,5) (24,0,35,5) (53,6,105,5) (64,80,60,5) (50,49,45,5) (39,95,95,5) 
(23,90,65,5) (38,51,65,5) (99,11,50,5) (69,12,30,5) (2,43,25,5) (10,64,70,5) (47,61,25,5) (40,65,70,5) (96,57,85,5) (10,74,100,5) (27,24,40,5) (31,13,70,5) (88,6,95,5) (84,63,50,5) (29,11,20,5) (67,23,45,5) (37,69,75,5) (95,22,75,5) (90,2,50,5) (52,59,55,5) 
(31,70,60,5) (53,83,85,5) (4,8,65,5) (65,30,50,5) (92,40,20,5) (56,65,75,5) (7,39,20,5) (73,75,40,5) (33,1,45,5) (51,63,50,5) (40,26,55,5) (6,42,35,5) (30,31,10,5) (60,84,55,5) (7,65,50,5) (82,10,50,5) (65,39,65,5) (12,10,75,5) (21,9,55,5) (76,89,40,5) 
(88,64,55,5) (8,29,85,5) (33,20,35,5) (67,66,35,5) (68,0,110,5) (3,14,40,5) (41,8,50,5) (45,37,75,5) (15,79,55,5) (56,74,65,5) (89,33,70,5) (32,27,50,5) (97,32,45,5) (80,58,40,5) (46,48,45,5) (19,5,50,5) (25,22,60,5) (55,48,10,5) (75,67,75,5) (30,79,70,5) 
(1,16,55,5) (99,28,70,5) (73,91,35,5) (1,5,45,5) (12,46,65,5) (16,46,50,5) (42,68,40,5) (74,40,25,5) (59,40,45,5) (55,21,80,5) (97,78,40,5) (65,87,85,5) (79,12,40,5) (80,45,20,5) (57,40,15,5) (73,44,50,5) (61,88,40,5) (88,10,35,5) (86,97,40,5) (98,95,50,5) 
(56,38,45,5) (20,13,30,5) (82,24,25,5) (51,39,15,5) (43,75,35,5) (22,38,55,5) (37,78,50,5) (19,87,65,5) (19,6,60,5) (99,23,20,5) (58,31,80,5) (18,14,45,5) (11,79,70,5) (28,74,40,5) (23,54,45,5) (9,46,60,5) (90,97,80,5) (60,52,100,5) (24,70,25,5) (51,45,45,5) 
(2,96,60,5) (10,38,35,5) (10,53,40,5) (85,71,30,5) (37,45,15,5) (71,10,85,5) (47,29,60,5) (37,88,65,5) (16,17,20,5) (30,15,20,5) (3,56,30,5) (68,77,65,5) (59,45,30,5) (7,87,35,5) (94,40,35,5) (4,6,45,5) (85,31,25,5) (6,20,95,5) (75,14,70,5) (2,70,80,5) 
(16,82,45,5) (67,74,10,5) (2,0,95,5) (14,40,70,5) (92,72,60,5) (64,16,85,5) (11,69,45,5) (6,73,40,5) (41,65,55,5) (74,26,75,5) (78,24,85,5) (66,84,80,5) (33,43,20,5) (25,29,25,5) (83,77,35,5) (21,52,30,5) (58,87,115,5) (37,3,55,5) (53,17,20,5) (36,59,65,5) 
(88,68,55,5) (35,13,55,5) (7,15,10,5) (30,94,95,5) (51,75,5,5) (66,52,15,5) (72,73,60,5) (29,70,45,5) (31,79,55,5) (31,55,15,5) (87,29,70,5) (82,72,20,5) (65,84,55,5) (82,60,75,5) (26,7,25,5) (7,11,35,5) (21,38,55,5) (90,89,50,5) (78,71,35,5) (68,15,80,5) 
(0,1,30,5) (78,12,55,5) (61,85,45,5) (23,70,60,5) (59,78,55,5) (46,92,40,5) (78,20,65,5) (77,2,85,5) (63,46,100,5) (30,24,15,5) (32,85,70,5) (63,18,90,5) (65,66,25,5) (16,22,50,5) (2,13,70,5) (58,19,35,5) (72,19,30,5) (21,32,75,5) (67,15,20,5) (43,68,5,5) 
(43,99,70,5) (79,4,35,5) (16,88,45,5) (20,92,80,5) (21,72,20,5) (0,58,95,5) (55,53,10,5) (85,61,65,5) (68,23,30,5) (54,96,40,5) (63,97,50,5) (72,15,25,5) (78,64,35,5) (13,20,70,5) (9,82,65,5) (13,81,65,5) (14,79,15,5) (53,54,40,5) (11,40,60,5) (97,28,55,5) 
(47,61,95,5) (65,34,45,5) (50,47,80,5) (85,17,55,5) (21,99,55,5) (43,18,45,5) (45,79,25,5) (5,81,60,5) (40,20,75,5) (34,82,35,5) (28,26,60,5) (8,21,60,5) (69,22,10,5) (73,0,40,5) (98,24,75,5) (57,14,70,5) (96,13,25,5) (95,94,45,5) (23,24,70,5) (61,99,20,5) 
(79,33,35,5) (90,49,80,5) (13,74,70,5) (87,4,35,5) (31,72,55,5) (45,66,45,5) (75,69,30,5) (55,27,65,5) (29,32,75,5) (54,74,70,5) (52,81,20,5) (27,42,55,5) (42,78,50,5) (71,39,20,5) (0,85,15,5) (39,43,50,5) (45,77,40,5) (9,88,50,5) (41,98,70,5) (61,2,60,5) 
(56,15,60,5) (21,75,30,5) (54,9,60,5) (56,36,45,5) (43,3,5,5) (21,91,25,5) (78,58,40,5) (98,14,60,5) (78,93,50,5) (49,92,35,5) (57,6,100,5) (60,75,40,5) (49,67,60,5) (79,44,50,5) (57,20,115,5) (31,68,75,5) (56,87,60,5) (3,92,60,5) (15,49,80,5) (10,86,50,5) 
(12,31,40,5) (25,47,40,5) (32,64,70,5) (3,37,50,5) (12,45,35,5) (95,81,70,5) (84,60,50,5) (7,37,25,5) (24,1,95,5) (92,93,60,5) (39,7,40,5) (76,50,85,5) (44,11,60,5) (82,8,55,5) (0,77,60,5) (5,39,20,5) (75,5,60,5) (42,16,20,5) (30,1,80,5) (88,57,25,5) 
(54,80,80,5) (98,45,55,5) (15,93,60,5) (74,2,50,5) (50,89,65,5) (45,48,25,5) (35,14,75,5) (37,84,20,5) (82,45,20,5) (40,54,55,5) (98,4,35,5) (42,83,55,5) (75,2,60,5) (47,81,75,5) (41,9,75,5) (91,14,40,5) (62,37,45,5) (81,27,95,5) (4,75,80,5) (6,26,70,5) 
(85,52,35,5) (71,68,70,5) (64,17,50,5) (16,32,50,5) (85,53,35,5) (8,79,75,5) (16,23,40,5) (90,64,95,5) (76,34,30,5) (67,59,35,5) (70,32,60,5) (34,9,35,5) (29,3,60,5) (36,16,35,5) (72,39,20,5) (5,93,25,5) (45,59,65,5) (79,71,30,5) (6,22,50,5) (75,88,10,5) 
(81,66,40,5) (49,52,5,5) (78,79,40,5) (33,85,55,5) (4,86,20,5) (19,72,100,5) (79,63,25,5) (44,23,75,5) (46,48,75,5) (52,51,40,5) (23,40,20,5) (55,46,20,5) (45,8,65,5) (13,0,85,5) (28,13,15,5) (72,69,70,5) (57,89,40,5) (68,1,50,5) (40,55,50,5) (20,57,45,5) 
(57,28,25,5) (57,97,70,5) (84,77,55,5) (93,11,35,5) (78,62,75,5) (74,46,55,5) (12,65,50,5) (24,38,85,5) (40,14,55,5) (5,70,60,5) (1,11,70,5) (44,86,50,5) (51,65,45,5) (15,68,55,5) (15,61,80,5) (59,1,45,5) (34,41,55,5) (84,22,40,5) (54,77,80,5) (85,30,55,5) 
(73,32,45,5) (50,41,65,5) (48,57,60,5) (32,9,40,5) (42,63,40,5) (19,88,5,5) (77,23,45,5) (77,25,70,5) (52,27,85,5) (47,22,15,5) (99,90,95,5) (14,23,75,5) (10,81,115,5) (41,49,65,5) (51,41,40,5) (12,97,30,5) (16,19,55,5) (69,13,75,5) (66,10,90,5) (68,90,50,5) 
(40,80,65,5) (87,36,20,5) (29,51,65,5) (95,64,70,5) (18,23,70,5) (39,47,70,5) (55,9,5,5) (27,32,70,5) (24,49,40,5) (16,14,75,5) (73,36,30,5) (11,49,50,5) (42,54,75,5) (47,67,35,5) (7,67,15,5) (45,77,40,5) (74,34,55,5) (86,57,70,5) (70,1,135,5) (84,65,30,5) 
(85,81,60,5) (80,85,25,5) (56,1,65,5) (59,32,60,5) (2,14,95,5) (10,32,55,5) (18,59,55,5) (13,75,85,5) (79,47,15,5) (75,95,45,5) (22,81,90,5) (36,68,70,5) (97,40,50,5) (49,94,50,5) (1,71,60,5) (91,80,55,5) (48,76,65,5) (75,77,25,5) (39,70,15,5) (69,20,80,5) 
(25,70,50,5) (62,48,80,5) (39,10,20,5) (33,2,75,5) (78,16,45,5) (16,89,65,5) (31,85,50,5) (86,0,55,5) (70,2,30,5) (68,0,70,5) (7,68,60,5) (52,81,15,5) (44,35,65,5) (51,62,40,5) (84,30,65,5) (93,34,35,5) (64,49,30,5) (3,14,50,5) (76,93,60,5) (24,85,100,5) 
(43,17,30,5) (17,66,50,5) (38,98,10,5) (70,13,60,5) (15,17,75,5) (85,72,70,5) (30,82,70,5) (28,84,65,5) (74,6,50,5) (10,96,60,5) (26,14,100,5) (26,86,50,5) (45,81,25,5) (88,78,45,5) (56,75,45,5) (29,70,90,5) (38,72,10,5) (17,73,45,5) (40,75,90,5) (82,26,55,5) 
(53,80,55,5) (66,89,85,5) (70,76,70,5) (42,26,70,5) (14,86,35,5) (31,87,75,5) (33,12,95,5) (5,44,70,5) (92,28,65,5) (72,50,60,5) (50,94,25,5) (49,80,90,5) (14,57,50,5) (55,59,120,5) (17,49,60,5) (98,65,70,5) (50,63,55,5) (25,50,30,5) (73,24,120,5) (39,29,30,5) 
(21,19,10,5) (78,54,35,5) (91,46,35,5) (22,15,25,5) (63,22,70,5) (36,25,10,5) (3,8,60,5) (38,60,65,5) (75,51,55,5) (74,75,95,5) (88,20,25,5) (13,48,45,5) (29,24,70,5) (76,61,45,5) (42,67,40,5) (41,40,80,5) (91,98,30,5) (20,36,25,5) (12,8,45,5) (36,62,25,5) 
(58,95,55,5) (12,88,65,5) (26,12,45,5) (63,47,65,5) (2,95,45,5) (8,32,75,5) (6,95,75,5) (52,21,40,5) (93,87,80,5) (26,42,50,5) (95,44,35,5) (62,79,50,5) (74,36,60,5) (31,22,60,5) (44,92,30,5) (85,54,65,5) (53,23,30,5) (27,85,25,5) (17,6,55,5) (43,38,55,5) 
(30,96,80,5) (78,25,40,5) (9,98,45,5) (51,68,60,5) (15,32,60,5) (34,64,40,5) (90,74,65,5) (71,58,85,5) (11,1,15,5) (11,37,70,5) (87,65,65,5) (47,72,65,5) (43,3,30,5) (92,77,55,5) (57,96,30,5) (49,9,25,5) (32,72,55,5) (67,85,65,5) (58,51,90,5) (70,52,75,5) 
(59,71,45,5) (75,57,45,5) (8,55,60,5) (43,27,15,5) (88,17,20,5) (51,44,50,5) (15,88,55,5) (46,45,20,5) (24,91,60,5) (98,29,30,5) (0,34,55,5) (88,36,35,5) (76,94,65,5) (41,20,25,5) (2,19,80,5) (22,20,55,5) (36,30,55,5) (83,91,30,5) (0,14,35,5) (96,65,40,5) 
(96,28,45,5) (12,89,65,5) (80,71,55,5) (50,9,60,5) (17,6,30,5) (39,81,35,5) (64,57,60,5) (9,85,55,5) (88,25,50,5) (11,4,50,5) (91,94,25,5) (90,94,55,5) (71,95,25,5) (53,84,65,5) (74,80,20,5) (84,89,50,5) (82,13,90,5) (27,39,5,5) (24,36,55,5) (58,4,35,5) 
(27,78,90,5) (94,16,65,5) (13,71,45,5) (36,77,95,5) (10,13,40,5) (18,80,55,5) (95,3,35,5) (14,63,65,5) (12,81,35,5) (91,57,55,5) (30,27,30,5) (84,37,95,5) (67,94,60,5) (55,74,5,5) (84,45,60,5) (54,41,90,5) (22,59,35,5) (10,41,50,5) (56,48,65,5) (20,72,60,5) 
(0,8,50,5) (26,95,75,5) (25,65,75,5) (34,59,45,5) (93,6,35,5) (52,23,60,5) (18,76,50,5) (57,22,30,5) (25,20,30,5) (23,58,35,5) (95,48,35,5) (96,68,80,5) (5,25,15,5) (86,41,75,5) (25,35,35,5) (5,76,30,5) (82,11,10,5) (17,69,105,5) (42,27,75,5) (27,67,55,5) 
(0,57,50,5) (53,48,35,5) (40,47,25,5) (35,93,100,5) (11,7,50,5) (70,58,60,5) (71,35,55,5) (70,7,25,5) (68,82,10,5) (68,9,45,5) (92,72,30,5) (22,34,30,5) (8,77,65,5) (50,7,25,5) (92,36,70,5) (99,85,45,5) (31,15,75,5) (39,84,65,5) (56,84,10,5) (51,3,35,5) 
(26,65,40,5) (94,57,85,5) (80,19,55,5) (7,25,70,5) (81,39,85,5) (50,7,30,5) (58,55,75,5) (65,62,50,5) (17,94,30,5) (25,89,50,5) (79,61,85,5) (15,38,25,5) (91,77,15,5) (69,91,65,5) (25,74,45,5) (84,65,40,5) (51,32,80,5) (65,39,35,5) (76,75,25,5) (88,89,5,5) 
(55,50,55,5) (1,19,55,5) (58,55,20,5) (32,35,55,5) (39,64,45,5) (0,60,60,5) (68,69,15,5) (39,70,50,5) (7,50,55,5) (20,8,5,5) (76,23,70,5) (78,49,60,5) (59,1,35,5) (12,5,45,5) (91,69,35,5) (91,95,55,5) (71,41,60,5) (8,33,15,5) (14,72,90,5) (15,72,20,5) 
(26,91,90,5) (5,72,90,5) (44,49,20,5) (61,94,60,5) (80,22,55,5) (99,25,10,5) (4,75,10,5) (71,65,90,5) (38,63,95,5) (59,70,40,5) (11,2,50,5) (60,57,50,5) (65,57,20,5) (38,18,40,5) (6,68,60,5) (38,42,45,5) (82,37,60,5) (76,62,40,5) (57,54,35,5) (40,0,65,5) 
(14,1,65,5) (30,54,60,5) (81,86,45,5) (7,50,45,5) (13,51,65,5) (92,58,35,5) (39,89,45,5) (85,18,40,5) (15,69,10,5) (35,97,80,5) (44,29,70,5) (3,74,70,5) (90,53,25,5) (23,70,40,5) (89,56,65,5) (58,90,50,5) (56,29,60,5) (5,36,65,5) (23,95,70,5) (68,84,60,5) 
(55,36,30,5) (46,34,40,5) (11,5,55,5) (7,26,80,5) (13,34,35,5) (50,33,40,5) (23,41,85,5) (65,52,50,5) (89,29,110,5) (36,40,70,5) (98,61,35,5) (79,54,35,5) (96,70,15,5) (56,40,65,5) (89,18,35,5) (66,93,60,5) (34,8,25,5) (34,11,20,5) (8,0,50,5) (71,8,55,5) 
(17,42,40,5) (94,56,45,5) (26,89,65,5) (77,28,30,5) (56,10,45,5) (42,9,40,5) (53,89,10,5) (36,27,5,5) (33,83,105,5) (42,46,60,5) (91,13,60,5) (64,87,95,5) (61,71,25,5) (50,51,40,5) (28,39,40,5) (93,0,135,5) (44,94,80,5) (72,54,30,5) (48,99,15,5) (58,23,60,5) 
(9,80,5,5) (10,55,45,5) (31,10,40,5) (38,50,55,5) (64,60,80,5) (17,65,60,5) (12,85,65,5) (50,75,65,5) (18,25,50,5) (70,73,30,5) (25,39,30,5) (16,74,30,5) (87,79,55,5) (83,1,60,5) (42,55,25,5) (70,13,85,5) (91,88,40,5) (73,3,15,5) (45,96,30,5) (11,83,40,5) 
(46,69,25,5) (0,51,65,5) (53,20,80,5) (43,87,35,5) (37,81,65,5) (45,56,85,5) (37,63,75,5) (34,59,90,5) (49,91,40,5) (37,13,70,5) (95,70,55,5) (27,30,20,5) (59,35,25,5) (80,62,85,5) (90,37,80,5) (30,62,55,5) (4,25,70,5) (91,28,90,5) (73,66,5,5) (55,54,90,5) 
(4,34,25,5) (89,67,25,5) (34,24,80,5) (81,86,80,5) (57,93,40,5) (48,30,70,5) (86,41,65,5) (82,46,45,5) (28,66,55,5) (79,42,50,5) (14,79,60,5) (85,78,50,5) (57,76,40,5) (7,34,85,5) (56,82,60,5) (17,24,30,5) (86,40,70,5) (63,34,50,5) (86,76,55,5) (80,49,55,5) 
(60,74,25,5) (82,79,45,5) (52,10,30,5) (96,56,30,5) (82,2,70,5) (0,51,70,5) (56,1,30,5) (48,64,20,5) (80,56,95,5) (80,51,105,5) (42,5,35,5) (80,61,35,5) (93,49,75,5) (51,36,55,5) (65,29,65,5) (47,16,35,5) (42,58,65,5) (7,49,55,5) (68,24,50,5) (53,4,60,5) 
(25,11,45,5) (86,33,55,5) (16,48,40,5) (60,2,65,5) (46,84,85,5) (31,37,45,5) (35,24,35,5) (1,42,40,5) (14,71,20,5) (7,66,100,5) (2,41,85,5) (8,20,65,5) (83,59,115,5) (69,34,120,5) (65,6,55,5) (49,23,80,5) (78,64,30,5) (87,14,55,5) (71,69,50,5) (28,61,105,5) 
(58,46,10,5) (20,70,70,5) (1,85,60,5) (14,31,70,5) (64,51,35,5) (28,74,40,5) (85,42,20,5) (80,76,55,5) (4,51,50,5) (1,86,55,5) (81,49,75,5) (24,97,55,5) (58,1,40,5) (64,93,60,5) (37,36,80,5) (68,20,20,5) (46,65,70,5) (91,89,40,5) (10,44,75,5) (26,69,25,5) 
(6,99,25,5) (74,62,65,5) (71,52,55,5) (79,43,60,5) (66,73,70,5) (74,36,55,5) (56,93,55,5) (13,77,85,5) (84,94,35,5) (77,71,70,5) (31,46,65,5) (44,76,35,5) (20,83,60,5) (15,80,45,5) (59,23,75,5) (3,51,65,5) (67,18,115,5) (92,7,45,5) (3,50,55,5) (39,78,30,5) 
(2,35,40,5) (29,30,80,5) (35,59,80,5) (3,47,20,5) (37,50,70,5) (1,69,80,5) (35,75,60,5) (59,10,25,5) (70,5,80,5) (93,20,100,5) (9,57,70,5) (16,81,85,5) (48,77,120,5) (87,5,5,5) (25,68,65,5) (16,72,65,5) (80,98,35,5) (25,46,65,5) (54,86,5,5) (82,60,55,5) 
(16,98,90,5) (60,59,25,5) (57,1,75,5) (99,52,65,5) (13,47,65,5) (40,21,65,5) (87,90,80,5) (77,87,40,5) (60,90,85,5) (72,58,40,5) (88,33,35,5) (21,0,115,5) (85,92,40,5) (90,84,65,5) (11,94,55,5) (63,44,50,5) (31,14,65,5) (90,65,50,5) (81,22,60,5) (73,42,60,5) 
(82,27,60,5) (23,27,65,5) (73,43,40,5) (25,83,15,5) (93,25,60,5) (84,67,30,5) (15,18,65,5) (18,2,45,5) (39,77,25,5) (23,68,105,5) (64,42,55,5) (1,44,20,5) (27,36,55,5) (76,95,70,5) (11,17,55,5) (78,42,60,5) (82,11,85,5) (86,13,50,5) (9,3,60,5) (95,25,30,5) 
(61,23,5,5) (54,82,45,5) (86,15,45,5) (44,4,55,5) (28,97,70,5) (74,46,15,5) (59,6,100,5) (50,3,65,5) (60,87,70,5) (5,61,90,5) (6,56,40,5) (14,40,50,5) (39,0,70,5) (42,51,20,5) (96,7,55,5) (94,50,5,5) (60,63,20,5) (41,88,70,5) (88,26,25,5) (54,14,80,5) 
(52,47,10,5) (21,19,60,5) (89,32,100,5) (76,40,40,5) (15,34,50,5) (54,38,35,5) (9,63,45,5) (79,5,55,5) (42,19,45,5) (90,21,35,5) (57,30,20,5) (63,52,50,5) (17,35,65,5) (66,95,55,5) (34,84,15,5) (85,34,10,5) (4,33,10,5) (83,38,25,5) (2,45,15,5) (82,46,50,5) 
(38,41,40,5) (81,79,35,5) (61,41,30,5) (86,99,45,5) (0,29,50,5) (50,79,10,5) (11,69,45,5) (10,55,15,5) (31,0,45,5) (50,94,20,5) (66,92,35,5) (1,43,10,5) (95,3,110,5) (57,46,65,5) (2,15,50,5) (92,61,70,5) (77,43,80,5) (26,21,5,5) (53,26,50,5) (75,56,60,5) 
(84,4,55,5) (42,6,80,5) (72,25,55,5) (70,85,65,5) (92,33,60,5) (50,37,70,5) (85,66,25,5) (5,62,85,5) (21,36,55,5) (28,83,100,5) (47,10,45,5) (83,1,70,5) (18,95,65,5) (93,50,55,5) (33,46,60,5) (1,92,55,5) (29,57,100,5) (68,90,70,5) (5,24,65,5) (58,99,30,5) 
(57,3,35,5) (16,61,40,5) (93,82,60,5) (68,45,60,5) (50,77,55,5) (14,58,25,5) (57,7,80,5) (54,70,45,5) (80,8,25,5) (67,60,20,5) (77,14,40,5) (22,66,55,5) (54,25,45,5) (1,73,45,5) (16,43,35,5) (73,3,60,5) (52,95,15,5) (38,10,20,5) (6,35,55,5) (4,26,40,5) 
(73,0,40,5) (12,74,75,5) (7,51,40,5) (97,70,50,5) (74,38,50,5) (52,64,25,5) (20,59,10,5) (32,70,45,5) (77,99,70,5) (6,4,45,5) (79,34,100,5) (62,16,35,5) (9,23,40,5) (23,69,55,5) (59,70,45,5) (56,90,10,5) (47,66,60,5) (62,74,70,5) (13,70,20,5) (41,58,85,5) 
(71,65,55,5) (70,62,55,5) (6,45,45,5) (50,31,15,5) (7,88,50,5) (32,85,60,5) (58,49,90,5) (11,1,45,5) (30,25,45,5) (7,20,30,5) (32,75,25,5) (39,68,20,5) (18,78,20,5) (92,0,70,5) (7,11,55,5) (99,20,35,5) (29,20,80,5) (51,13,25,5) (84,44,40,5) (3,59,35,5) 
(32,84,35,5) (33,54,55,5) (1,38,55,5) (34,19,65,5) (19,21,80,5) (83,58,60,5) (18,41,25,5) (82,29,80,5) (8,69,20,5) (10,66,50,5) (87,73,80,5) (91,95,80,5) (82,80,45,5) (19,72,55,5) (14,23,50,5) (40,77,70,5) (29,72,55,5) (43,15,60,5) (27,33,65,5) (38,5,100,5) 