(25,60,70,7) (93,5,56,7) (52,25,91,7) (62,6,70,7) (71,59,119,7) (82,17,91,7) (23,12,91,7) (79,43,70,7) (60,35,84,7) (81,60,140,7) (90,71,56,7) (5,14,14,7) (55,84,112,7) (20,4,28,7) (54,39,7,7) (90,26,119,7) (91,40,56,7) (0,35,84,7) (38,20,70,7) (13,90,126,7) 
(32,90,70,7) (46,55,98,7) (78,80,28,7) (27,98,21,7) (78,9,63,7) (89,1,84,7) (30,75,77,7) (59,77,77,7) (49,33,98,7) (31,7,140,7) (22,77,91,7) (39,55,7,7) (73,53,91,7) (13,53,42,7) (55,97,49,7) (10,25,98,7) (33,17,35,7) (27,82,70,7) (62,38,112,7) (70,68,21,7) 
(32,74,42,7) (96,41,154,7) (20,15,63,7) (73,57,28,7) (52,76,21,7) (92,28,91,7) (68,42,35,7) (21,72,35,7) (50,91,56,7) (68,62,77,7) (49,38,49,7) (77,24,77,7) (11,95,84,7) (69,29,91,7) (4,98,70,7) (3,30,91,7) (86,81,49,7) (63,76,133,7) (85,3,42,7) (60,64,56,7) 
(91,53,63,7) (6,76,35,7) (25,17,28,7) (2,24,7,7) (61,39,77,7) (23,58,91,7) (72,53,84,7) (13,45,49,7) (44,7,98,7) (57,58,63,7) (40,57,70,7) (0,1,126,7) (8,36,49,7) (55,38,126,7) (74,79,49,7) (75,4,119,7) (55,46,63,7) (11,92,56,7) (20,50,70,7) (54,68,91,7) 
(46,78,63,7) (95,56,70,7) (63,30,21,7) (59,70,70,7) (75,32,140,7) (69,46,77,7) (8,72,77,7) (18,55,21,7) (38,59,98,7) (67,73,140,7) (6,30,126,7) (15,64,28,7) (69,7,77,7) (7,53,112,7) (17,13,77,7) (82,67,49,7) (44,70,112,7) (32,58,91,7) (86,67,42,7) (41,33,14,7) 
(79,89,91,7) (36,20,56,7) (21,50,98,7) (76,17,63,7) (61,74,70,7) (27,47,91,7) (69,11,63,7) (21,77,49,7) (5,70,91,7) (95,48,42,7) (31,14,77,7) (97,14,77,7) (64,85,49,7) (13,96,7,7) (66,81,49,7) (82,27,35,7) (25,81,56,7) (97,3,49,7) (28,43,105,7) (19,92,63,7) 
(83,80,84,7) (18,84,35,7) (69,94,35,7) (87,21,49,7) (86,38,77,7) (89,35,126,7) (37,81,70,7) (8,38,70,7) (54,43,63,7) (82,93,77,7) (66,57,21,7) (11,28,42,7) (18,33,49,7) (18,77,84,7) (37,80,28,7) (83,16,56,7) (63,98,35,7) (58,97,84,7) (63,22,77,7) (48,77,98,7) 
(32,73,14,7) (61,23,21,7) (35,38,49,7) (83,65,63,7) (35,13,35,7) (81,62,21,7) (19,3,126,7) (80,24,98,7) (63,26,56,7) (57,64,98,7) (74,13,119,7) (40,76,84,7) (92,13,42,7) (38,50,84,7) (45,15,84,7) (54,64,77,7) (56,45,126,7) (8,27,56,7) (75,0,35,7) (99,11,112,7) 
(77,96,98,7) (86,7,105,7) (12,62,42,7) (71,13,63,7) (1,45,112,7) (14,44,77,7) (50,28,63,7) (92,21,98,7) (95,10,105,7) (93,73,91,7) (19,2,21,7) (75,40,112,7) (52,35,28,7) (29,52,28,7) (21,37,28,7) (54,42,49,7) (20,27,112,7) (61,93,98,7) (1,8,84,7) (77,67,84,7) 
(74,59,105,7) (40,81,21,7) (47,82,133,7) (11,74,28,7) (93,41,84,7) (75,17,56,7) (14,99,119,7) (34,91,35,7) (20,0,42,7) (12,49,35,7) (30,82,84,7) (8,65,112,7) (51,19,70,7) (22,76,7,7) (70,94,49,7) (75,2,63,7) (21,58,84,7) (93,88,14,7) (56,63,84,7) (15,36,56,7) 
(52,30,126,7) (51,42,77,7) (83,48,126,7) (21,64,98,7) (2,27,112,7) (54,86,42,7) (42,75,28,7) (32,62,84,7) (29,41,42,7) (90,64,63,7) (69,80,70,7) (62,58,63,7) (41,67,49,7) (26,12,14,7) (79,8,91,7) (34,36,105,7) (65,19,42,7) (33,9,63,7) (54,69,119,7) (24,0,70,7) 
(69,48,56,7) (66,89,56,7) (63,54,91,7) (93,26,105,7) (53,13,63,7) (8,57,63,7) (78,5,126,7) (40,61,105,7) (87,88,98,7) (93,74,91,7) (45,51,35,7) (85,0,7,7) (27,79,126,7) (36,76,42,7) (42,58,70,7) (69,38,42,7) (0,46,63,7) (72,45,119,7) (40,64,126,7) (60,3,28,7) 
(56,52,35,7) (0,70,98,7) (21,88,70,7) (55,95,70,7) (5,80,84,7) (12,50,28,7) (67,49,98,7) (14,39,49,7) (48,55,28,7) (13,5,98,7) (40,87,42,7) (83,40,98,7) (95,97,112,7) (30,21,91,7) (53,71,56,7) (74,40,56,7) (28,53,56,7) (75,92,147,7) (84,99,42,7) (50,51,63,7) 
(90,74,56,7) (82,27,161,7) (22,9,63,7) (15,96,42,7) (83,7,77,7) (74,66,56,7) (65,93,49,7) (93,99,70,7) (28,74,28,7) (0,41,49,7) (68,2,63,7) (17,77,91,7) (68,7,70,7) (14,53,77,7) (16,42,35,7) (95,88,119,7) (72,51,105,7) (9,95,105,7) (32,29,70,7) (73,10,98,7) 
(68,20,105,7) (88,49,21,7) (14,67,91,7) (49,35,133,7) (83,43,56,7) (91,29,49,7) (37,39,84,7) (67,72,28,7) (6,57,49,7) (50,93,70,7) (32,71,98,7) (2,27,56,7) (34,60,56,7) (65,79,112,7) (64,29,21,7) (59,27,70,7) (7,29,77,7) (37,25,98,7) (21,37,133,7) (15,35,49,7) 
(61,93,98,7) (37,79,70,7) (39,54,42,7) (30,63,126,7) (21,2,21,7) (25,22,49,7) (46,45,70,7) (58,84,70,7) (76,79,21,7) (0,88,105,7) (50,5,77,7) (10,18,91,7) (67,83,105,7) (11,85,98,7) (12,41,49,7) (82,38,21,7) (39,59,98,7) (41,40,91,7) (95,73,91,7) (51,41,63,7) 
(36,67,98,7) (66,85,56,7) (23,37,28,7) (95,15,140,7) (45,2,105,7) (16,75,56,7) (30,51,98,7) (60,93,77,7) (42,4,35,7) (83,14,133,7) (63,96,14,7) (7,40,49,7) (40,42,91,7) (98,24,91,7) (18,75,42,7) (78,23,91,7) (39,93,70,7) (6,77,140,7) (3,93,63,7) (55,78,49,7) 
(70,4,91,7) (11,80,105,7) (97,96,70,7) (94,46,63,7) (47,15,84,7) (72,67,42,7) (77,46,49,7) (21,30,49,7) (69,57,84,7) (22,20,21,7) (79,53,84,7) (31,57,28,7) (35,44,56,7) (17,29,77,7) (85,98,84,7) (62,92,98,7) (43,96,105,7) (1,27,98,7) (0,34,126,7) (20,33,133,7) 
(33,28,63,7) (14,25,77,7) (84,38,105,7) (48,18,105,7) (87,16,49,7) (88,67,70,7) (26,77,14,7) (75,43,112,7) (34,54,84,7) (36,20,91,7) (77,38,70,7) (21,20,112,7) (81,96,70,7) (6,77,63,7) (74,97,77,7) (63,26,77,7) (91,90,154,7) (91,87,49,7) (93,63,49,7) (95,94,49,7) 
(5,60,77,7) (56,44,35,7) (61,59,84,7) (59,43,56,7) (37,47,70,7) (82,29,49,7) (23,60,112,7) (92,89,77,7) (36,6,70,7) (21,3,133,7) (40,3,49,7) (25,8,147,7) (30,86,77,7) (66,78,28,7) (78,52,112,7) (92,97,98,7) (89,35,49,7) (28,20,98,7) (20,71,98,7) (64,48,77,7) 
(33,1,63,7) (67,99,91,7) (7,80,56,7) (51,90,84,7) (20,29,84,7) (58,36,63,7) (8,53,126,7) (79,96,49,7) (58,59,91,7) (13,94,91,7) (10,53,42,7) (1,60,49,7) (81,97,112,7) (67,78,133,7) (77,27,105,7) (93,41,7,7) (82,11,35,7) (87,35,21,7) (15,90,126,7) (2,64,35,7) 
(71,36,91,7) (72,12,56,7) (86,57,49,7) (10,86,91,7) (42,25,91,7) (10,51,35,7) (7,89,49,7) (52,99,119,7) (44,16,84,7) (72,46,49,7) (73,24,77,7) (95,61,42,7) (60,28,77,7) (76,41,49,7) (30,5,56,7) (77,74,14,7) (5,99,42,7) (53,98,77,7) (77,49,98,7) (94,55,28,7) 
(10,21,28,7) (40,96,70,7) (89,93,91,7) (74,31,91,7) (56,99,84,7) (0,25,84,7) (12,2,56,7) (79,7,28,7) (94,51,35,7) (81,58,35,7) (53,35,35,7) (5,91,77,7) (69,2,63,7) (4,29,140,7) (59,11,84,7) (7,64,112,7) (97,83,70,7) (91,19,98,7) (72,59,91,7) (77,33,105,7) 
(16,84,91,7) (72,66,28,7) (37,68,49,7) (73,55,35,7) (67,56,77,7) (78,29,49,7) (85,94,91,7) (13,63,28,7) (53,84,84,7) (64,34,49,7) (72,14,63,7) (68,45,63,7) (69,41,91,7) (63,56,28,7) (46,72,70,7) (41,59,70,7) (57,1,21,7) (40,29,77,7) (77,51,56,7) (4,74,42,7) 
(22,88,35,7) (40,23,56,7) (81,27,77,7) (3,0,84,7) (24,8,28,7) (28,47,49,7) (68,33,98,7) (63,49,42,7) (98,42,91,7) (20,30,98,7) (61,19,105,7) (36,21,84,7) (18,36,77,7) (46,22,140,7) (97,9,91,7) (83,95,105,7) (73,58,35,7) (85,90,84,7) (19,87,49,7) (86,49,70,7) 
(82,53,70,7) (91,41,63,7) (38,68,21,7) (3,18,84,7) (13,62,77,7) (59,29,91,7) (37,51,28,7) (86,97,63,7) (12,66,21,7) (71,40,105,7) (4,78,91,7) (65,3,56,7) (43,42,77,7) (20,66,105,7) (16,7,84,7) (31,11,84,7) (41,15,91,7) (75,1,98,7) (89,28,119,7) (45,84,119,7) 
(23,52,70,7) (98,58,49,7) (2,76,70,7) (59,78,70,7) (13,81,56,7) (92,50,49,7) (48,10,91,7) (53,98,35,7) (82,3,70,7) (54,67,91,7) (17,51,28,7) (19,25,84,7) (23,95,35,7) (69,34,28,7) (19,74,63,7) (20,16,98,7) (78,55,112,7) (77,17,105,7) (43,85,56,7) (18,91,126,7) 
(40,17,84,7) (76,81,56,7) (84,45,133,7) (98,16,77,7) (16,32,105,7) (21,69,105,7) (7,77,56,7) (86,81,49,7) (19,64,77,7) (59,38,42,7) (74,53,77,7) (65,0,63,7) (14,68,28,7) (9,28,70,7) (44,61,84,7) (11,85,98,7) (28,56,14,7) (59,81,112,7) (9,37,56,7) (39,46,91,7) 
(12,80,7,7) (11,38,84,7) (10,71,112,7) (54,21,105,7) (93,32,70,7) (43,42,140,7) (55,64,119,7) (80,15,98,7) (24,35,14,7) (49,18,98,7) (60,66,7,7) (59,11,140,7) (96,97,77,7) (16,81,63,7) (54,90,63,7) (2,29,84,7) (15,33,91,7) (27,86,98,7) (4,71,98,7) (89,55,14,7) 
(39,72,84,7) (75,66,84,7) (73,42,63,7) (19,34,28,7) (13,98,119,7) (74,22,35,7) (11,30,77,7) (77,28,49,7) (10,94,77,7) (67,90,63,7) (25,91,35,7) (26,92,84,7) (61,37,98,7) (50,90,7,7) (59,41,105,7) (9,59,49,7) (64,76,70,7) (35,9,84,7) (78,57,35,7) (30,43,63,7) 
(79,1,77,7) (43,32,70,7) (79,30,56,7) (24,52,84,7) (84,44,77,7) (99,87,42,7) (92,81,98,7) (40,6,105,7) (80,19,98,7) (94,91,42,7) (9,89,56,7) (60,70,98,7) (44,9,126,7) (92,89,49,7) (13,7,112,7) (17,53,21,7) (22,66,105,7) (29,5,126,7) (19,66,119,7) (69,64,70,7) 
(12,23,49,7) (88,69,70,7) (16,70,77,7) (0,64,84,7) (18,37,21,7) (77,95,70,7) (82,23,77,7) (42,20,56,7) (59,54,84,7) (84,35,77,7) (10,7,35,7) (39,48,56,7) (4,99,42,7) (25,20,70,7) (96,97,77,7) (13,22,77,7) (53,22,70,7) (91,13,70,7) (19,3,133,7) (26,37,105,7) 
(58,91,56,7) (40,2,42,7) (12,53,84,7) (86,30,133,7) (83,44,98,7) (92,90,70,7) (17,87,35,7) (15,48,98,7) (49,2,70,7) (96,74,91,7) (21,37,105,7) (12,3,63,7) (16,38,49,7) (35,96,119,7) (68,8,77,7) (77,71,77,7) (29,59,14,7) (30,67,56,7) (15,22,35,7) (75,8,70,7) 
(79,24,105,7) (20,74,84,7) (78,12,49,7) (59,98,28,7) (84,36,77,7) (75,36,140,7) (87,74,63,7) (34,20,70,7) (30,5,77,7) (38,54,49,7) (49,75,14,7) (47,26,63,7) (39,56,147,7) (40,18,98,7) (90,19,98,7) (67,53,161,7) (35,32,28,7) (50,52,91,7) (94,3,77,7) (86,97,98,7) 
(4,11,21,7) (25,53,77,7) (13,31,70,7) (88,97,91,7) (16,98,35,7) (92,77,63,7) (86,93,112,7) (14,69,49,7) (38,11,42,7) (81,76,84,7) (48,33,35,7) (56,18,42,7) (86,42,133,7) (0,14,98,7) (30,68,126,7) (38,45,56,7) (71,81,112,7) (87,78,77,7) (39,29,133,7) (85,70,105,7) 
(77,12,63,7) (0,49,49,7) (0,87,84,7) (11,72,98,7) (35,97,35,7) (60,0,77,7) (54,91,91,7) (4,57,84,7) (63,22,56,7) (46,21,70,7) (73,41,42,7) (89,77,98,7) (13,53,126,7) (65,94,21,7) (60,40,56,7) (68,61,35,7) (47,96,56,7) (64,71,28,7) (98,58,98,7) (22,61,7,7) 
(25,89,63,7) (24,39,98,7) (39,6,56,7) (93,85,21,7) (15,20,77,7) (49,57,35,7) (40,3,77,7) (81,18,28,7) (94,54,98,7) (46,69,21,7) (64,50,91,7) (43,21,112,7) (24,15,98,7) (42,83,28,7) (38,67,84,7) (66,52,42,7) (69,85,98,7) (6,43,49,7) (65,45,77,7) (10,35,98,7) 
(58,21,126,7) (50,86,56,7) (30,73,91,7) (76,24,49,7) (19,25,119,7) (99,84,91,7) (35,42,84,7) (58,84,119,7) (97,59,28,7) (42,40,49,7) (58,67,98,7) (2,1,112,7) (80,95,42,7) (29,48,56,7) (75,36,84,7) (51,87,77,7) (12,30,35,7) (53,41,105,7) (47,88,77,7) (17,46,28,7) 
(42,68,147,7) (74,67,14,7) (85,26,98,7) (71,94,98,7) (1,41,91,7) (8,73,84,7) (26,75,126,7) (22,79,35,7) (66,1,35,7) (96,51,112,7) (82,49,56,7) (46,8,21,7) (95,40,63,7) (2,6,63,7) (75,1,49,7) (20,7,49,7) (79,39,49,7) (33,26,119,7) (91,21,56,7) (51,88,42,7) 
(73,80,91,7) (63,58,133,7) (12,16,91,7) (29,56,147,7) (14,55,84,7) (61,9,91,7) (26,40,56,7) (99,50,77,7) (39,15,112,7) (66,44,56,7) (26,45,35,7) (7,43,42,7) (6,88,112,7) (73,52,63,7) (5,2,28,7) (23,89,49,7) (50,27,77,7) (38,93,91,7) (96,98,112,7) (81,37,56,7) 
(44,17,70,7) (35,78,42,7) (73,44,63,7) (31,48,112,7) (2,81,21,7) (54,33,98,7) (85,45,84,7) (76,42,77,7) (0,63,91,7) (84,92,91,7) (91,98,77,7) (75,46,91,7) (60,96,77,7) (46,29,35,7) (55,25,42,7) (86,21,63,7) (38,84,42,7) (60,77,98,7) (24,32,105,7) (94,27,91,7) 
(69,48,133,7) (59,60,49,7) (47,12,98,7) (4,62,63,7) (75,38,42,7) (95,48,70,7) (99,36,63,7) (3,37,91,7) (14,99,56,7) (25,29,91,7) (93,49,28,7) (76,81,42,7) (56,44,98,7) (63,8,49,7) (37,70,77,7) (6,78,84,7) (6,54,63,7) (28,89,63,7) (47,49,84,7) (14,23,98,7) 
(71,46,28,7) (45,29,70,7) (44,75,70,7) (9,48,35,7) (16,96,56,7) (86,4,56,7) (63,32,77,7) (42,78,35,7) (59,82,77,7) (25,34,91,7) (96,56,70,7) (25,47,42,7) (74,0,77,7) (45,0,105,7) (25,20,77,7) (32,5,42,7) (34,33,42,7) (3,61,70,7) (9,35,42,7) (5,37,28,7) 
(77,3,91,7) (49,94,35,7) (47,27,91,7) (51,88,28,7) (77,32,70,7) (9,20,49,7) (21,43,56,7) (88,85,56,7) (86,52,56,7) (91,17,70,7) (65,20,56,7) (37,82,28,7) (96,95,49,7) (1,68,77,7) (21,13,119,7) (10,67,56,7) (4,37,7,7) (73,59,140,7) (39,88,70,7) (44,32,42,7) 
(91,64,84,7) (69,73,112,7) (83,90,49,7) (44,91,35,7) (50,20,133,7) (21,12,91,7) (91,75,63,7) (69,45,63,7) (36,0,98,7) (41,78,63,7) (17,63,14,7) (62,18,84,7) (15,73,42,7) (91,2,14,7) (50,19,91,7) (16,88,28,7) (12,34,77,7) (30,19,91,7) (29,35,63,7) (19,7,105,7) 
(69,75,56,7) (8,54,63,7) (6,94,49,7) (34,60,77,7) (15,45,14,7) (39,98,7,7) (30,85,112,7) (26,57,112,7) (78,24,84,7) (64,10,105,7) (16,93,98,7) (14,83,112,7) (47,46,49,7) (58,36,84,7) (84,48,112,7) (26,92,91,7) (36,50,119,7) (13,31,105,7) (23,27,126,7) (98,30,49,7) 
(60,28,56,7) (84,14,105,7) (82,95,63,7) (42,98,56,7) (12,93,70,7) (60,45,35,7) (39,72,70,7) (22,3,56,7) (79,32,77,7) (11,41,35,7) (88,14,14,7) (10,86,77,7) (78,35,133,7) (95,67,21,7) (13,2,14,7) (80,25,49,7) (6,58,98,7) (33,83,91,7) (39,98,91,7) (1,92,91,7) 
(4,8,70,7) (7,48,77,7) (97,43,84,7) (14,96,35,7) (61,75,63,7) (45,68,63,7) (2,76,91,7) (37,73,91,7) (99,48,105,7) (41,34,35,7) (61,38,91,7) (85,92,42,7) (64,70,119,7) (57,16,91,7) (95,96,126,7) (82,5,126,7) (35,6,7,7) (82,6,63,7) (48,59,49,7) (9,2,84,7) 
(2,69,161,7) (68,63,56,7) (84,26,21,7) (30,6,105,7) (19,32,70,7) (64,79,42,7) (87,59,35,7) (63,83,105,7) (64,77,56,7) (80,65,91,7) (11,30,105,7) (90,38,91,7) (9,79,112,7) (86,95,63,7) (98,9,56,7) (20,12,105,7) (61,97,105,7) (58,92,56,7) (24,28,91,7) (46,25,56,7) 
(11,91,84,7) (34,59,119,7) (14,27,63,7) (59,26,98,7) (57,99,63,7) (40,53,105,7) (87,39,70,7) (11,78,84,7) (66,73,98,7) (42,38,98,7) (12,90,35,7) (3,89,56,7) (94,59,119,7) (72,89,63,7) (0,79,112,7) (80,35,119,7) (55,50,77,7) (82,48,84,7) (69,36,21,7) (6,81,49,7) 
(6,12,133,7) (72,5,42,7) (39,13,84,7) (90,27,98,7) (47,90,77,7) (24,60,56,7) (40,84,63,7) (29,90,21,7) (43,73,168,7) (43,90,70,7) (32,13,126,7) (17,84,105,7) (96,39,126,7) (83,17,28,7) (93,59,98,7) (65,88,84,7) (99,38,14,7) (27,79,91,7) (72,40,63,7) (47,11,42,7) 
(32,59,21,7) (97,79,35,7) (58,26,91,7) (91,51,28,7) (1,87,77,7) (88,3,105,7) (58,77,28,7) (38,48,119,7) (0,79,91,7) (76,75,42,7) (13,53,84,7) (45,31,84,7) (17,25,84,7) (71,64,70,7) (17,34,35,7) (90,22,70,7) (8,1,91,7) (72,16,105,7) (88,38,105,7) (6,47,98,7) 
(46,76,28,7) (18,71,91,7) (54,2,56,7) (17,40,105,7) (50,36,175,7) (87,63,105,7) (20,22,77,7) (29,85,63,7) (68,54,84,7) (14,15,70,7) (96,42,56,7) (71,3,42,7) (32,74,84,7) (19,90,84,7) (74,97,49,7) (44,71,70,7) (87,95,119,7) (71,76,70,7) (67,85,105,7) (59,85,147,7) 
(41,9,49,7) (90,12,63,7) (30,53,140,7) (35,52,105,7) (54,96,21,7) (49,81,119,7) (11,8,91,7) (40,86,56,7) (34,50,35,7) (89,71,98,7) (61,82,105,7) (83,53,21,7) (25,82,21,7) (29,30,56,7) (63,98,56,7) (84,85,154,7) (63,82,56,7) (25,93,35,7) (94,60,63,7) (90,77,126,7) 
(17,73,91,7) (85,73,154,7) (78,33,63,7) (18,97,91,7) (10,44,63,7) (36,94,28,7) (68,17,112,7) (82,56,63,7) (98,85,42,7) (99,30,56,7) (97,43,119,7) (56,29,119,7) (22,37,63,7) (77,69,70,7) (30,74,77,7) (94,46,98,7) (58,70,63,7) (97,26,49,7) (85,6,98,7) (88,69,28,7) 
(69,3,70,7) (62,96,98,7) (87,28,63,7) (10,37,35,7) (5,34,49,7) (37,40,112,7) (98,12,70,7) (62,78,126,7) (23,72,56,7) (96,99,28,7) (19,61,119,7) (82,96,77,7) (74,44,49,7) (27,8,56,7) (86,34,91,7) (71,65,119,7) (33,92,63,7) (18,92,56,7) (71,34,63,7) (89,74,105,7) 
(22,16,91,7) (84,61,91,7) (76,90,42,7) (55,89,70,7) (46,70,105,7) (8,22,35,7) (46,48,105,7) (67,11,42,7) (97,96,56,7) (91,44,126,7) (66,31,77,7) (7,25,77,7) (97,65,70,7) (75,26,91,7) (11,69,77,7) (86,14,84,7) (19,42,63,7) (86,7,98,7) (55,73,98,7) (13,47,49,7) 
(99,71,91,7) (31,32,84,7) (13,24,133,7) (47,22,70,7) (43,48,28,7) (49,18,35,7) (15,3,70,7) (54,99,133,7) (16,69,21,7) (75,42,49,7) (80,98,42,7) (2,31,28,7) (61,89,84,7) (41,92,63,7) (46,70,133,7) (10,64,98,7) (85,5,42,7) (43,13,126,7) (24,65,105,7) (88,50,14,7) 
(69,38,28,7) (49,57,70,7) (21,69,56,7) (23,90,77,7) (96,68,14,7) (65,91,119,7) (4,60,98,7) (94,71,14,7) (83,4,56,7) (20,77,35,7) (76,96,70,7) (51,13,77,7) (90,46,91,7) (51,54,21,7) (89,66,147,7) (5,25,42,7) (58,83,112,7) (77,23,49,7) (68,52,14,7) (67,46,119,7) 
(87,80,42,7) (66,79,63,7) (13,47,21,7) (67,38,91,7) (87,43,105,7) (14,69,98,7) (66,39,126,7) (70,35,70,7) (30,76,63,7) (26,67,91,7) (79,13,91,7) (93,72,84,7) (0,4,21,7) (52,78,105,7) (65,56,70,7) (28,1,98,7) (22,13,21,7) (13,6,7,7) (32,16,63,7) (22,35,168,7) 
(60,46,84,7) (49,80,175,7) (37,41,84,7) (53,72,77,7) (28,89,56,7) (27,90,77,7) (32,21,63,7) (87,0,98,7) (79,44,119,7) (76,67,105,7) (66,73,56,7) (36,53,147,7) (10,71,91,7) (62,44,49,7) (26,74,119,7) (17,92,42,7) (1,82,84,7) (93,18,77,7) (38,50,77,7) (1,77,63,7) 
(17,70,49,7) (5,46,77,7) (20,92,133,7) (25,67,133,7) (27,48,42,7) (42,70,56,7) (15,91,98,7) (84,3,105,7) (73,18,56,7) (93,84,63,7) (48,37,77,7) (20,77,42,7) (10,3,84,7) (2,88,70,7) (46,22,56,7) (37,93,63,7) (72,40,49,7) (47,2,56,7) (55,82,21,7) (97,35,91,7) 
(8,52,42,7) (85,75,77,7) (71,92,84,7) (40,30,119,7) (46,19,42,7) (10,70,70,7) (59,84,70,7) (41,93,84,7) (54,36,49,7) (60,3,28,7) (98,59,161,7) (9,52,21,7) (33,30,77,7) (84,93,28,7) (5,41,105,7) (32,97,63,7) (10,93,49,7) (35,44,133,7) (62,65,133,7) (27,91,70,7) 
(11,44,112,7) (37,82,91,7) (21,57,70,7) (43,55,70,7) (99,82,91,7) (41,4,42,7) (99,33,84,7) (9,2,70,7) (27,14,105,7) (22,56,70,7) (22,11,77,7) (23,17,84,7) (58,50,77,7) (53,57,56,7) (13,5,77,7) (54,25,56,7) (44,0,49,7) (89,73,56,7) (67,9,112,7) (46,28,84,7) 
(15,93,42,7) (45,97,21,7) (11,62,119,7) (94,34,126,7) (52,31,112,7) (97,43,133,7) (41,45,84,7) (20,90,56,7) (61,13,63,7) (75,91,77,7) (62,49,63,7) (82,87,28,7) (66,39,84,7) (77,94,77,7) (31,4,56,7) (56,47,63,7) (98,86,84,7) (0,80,98,7) (15,35,70,7) (55,72,91,7) 
(68,61,56,7) (2,48,63,7) (37,33,63,7) (60,46,49,7) (22,1,98,7) (75,52,63,7) (10,19,105,7) (28,95,84,7) (82,40,91,7) (41,26,133,7) (66,77,84,7) (31,21,42,7) (77,47,42,7) (10,95,70,7) (79,38,105,7) (30,24,7,7) (3,36,28,7) (35,31,98,7) (43,24,133,7) (23,71,126,7) 
(24,79,70,7) (18,46,63,7) (83,52,91,7) (55,97,98,7) (35,36,112,7) (57,93,77,7) (73,14,77,7) (32,71,70,7) (18,88,84,7) (90,74,49,7) (67,96,112,7) (22,8,112,7) (1,4,56,7) (18,97,70,7) (12,91,28,7) (95,37,77,7) (87,29,91,7) (7,79,49,7) (8,59,98,7) (31,94,154,7) 
(51,70,70,7) (12,91,84,7) (39,73,126,7) (60,44,77,7) (37,33,77,7) (42,9,84,7) (62,53,56,7) (99,50,56,7) (34,9,98,7) (80,40,56,7) (11,7,35,7) (50,67,49,7) (91,17,133,7) (95,19,35,7) (51,34,56,7) (65,30,56,7) (96,66,63,7) (27,94,7,7) (24,54,84,7) (20,87,105,7) 
(17,71,77,7) (97,96,56,7) (74,38,56,7) (7,55,119,7) (1,37,91,7) (37,66,21,7) (12,35,98,7) (83,6,119,7) (81,9,105,7) (42,93,70,7) (7,99,28,7) (43,14,77,7) (49,7,91,7) (9,66,77,7) (97,90,91,7) (92,74,98,7) (96,54,91,7) (32,42,112,7) (12,66,84,7) (48,39,35,7) 
(8,87,21,7) (89,13,140,7) (78,4,42,7) (32,50,105,7) (48,83,119,7) (94,71,126,7) (17,64,56,7) (37,29,84,7) (77,46,49,7) (37,98,91,7) (89,17,91,7) (10,57,140,7) (89,74,63,7) (8,6,42,7) (85,61,105,7) (69,3,91,7) (33,42,70,7) (91,27,105,7) (3,99,49,7) (69,46,28,7) 
(83,97,98,7) (18,12,105,7) (33,20,70,7) (4,16,119,7) (70,56,49,7) (10,26,77,7) (21,89,105,7) (70,26,21,7) (30,87,49,7) (4,46,49,7) (59,86,126,7) (30,66,77,7) (59,57,91,7) (44,99,49,7) (33,31,161,7) (17,27,84,7) (87,57,63,7) (13,71,49,7) (72,41,77,7) (88,99,126,7) 
(52,69,77,7) (97,19,77,7) (73,89,112,7) (9,98,42,7) (23,86,84,7) (4,41,84,7) (90,3,84,7) (88,85,42,7) (49,47,140,7) (85,56,105,7) (83,86,28,7) (23,26,119,7) (38,17,77,7) (64,16,77,7) (28,62,77,7) (40,36,49,7) (76,37,91,7) (30,84,70,7) (35,65,21,7) (84,20,84,7) 
(64,16,91,7) (13,84,63,7) (37,49,42,7) (54,78,49,7) (67,69,28,7) (82,74,63,7) (88,76,105,7) (98,39,105,7) (45,7,105,7) (21,59,133,7) (47,68,105,7) (11,6,21,7) (0,26,42,7) (70,86,91,7) (11,87,70,7) (28,76,56,7) (79,24,77,7) (25,15,28,7) (74,47,70,7) (31,53,63,7) 
(28,91,70,7) (1,75,91,7) (70,42,63,7) (15,35,84,7) (63,23,91,7) (2,4,14,7) (32,65,28,7) (36,99,105,7) (66,77,35,7) (3,19,63,7) (14,59,21,7) (10,47,56,7) (16,60,112,7) (64,42,70,7) (23,55,70,7) (37,38,49,7) (89,29,77,7) (79,96,35,7) (1,79,84,7) (0,66,105,7) 
(66,33,70,7) (26,47,112,7) (86,13,7,7) (45,36,21,7) (47,60,21,7) (96,2,112,7) (71,44,105,7) (82,53,70,7) (1,29,77,7) (35,19,77,7) (81,26,14,7) (94,36,21,7) (85,64,63,7) (53,36,49,7) (96,9,56,7) (65,15,28,7) (76,73,119,7) (34,37,91,7) (88,46,84,7) (0,48,49,7) 
(11,74,42,7) (60,81,56,7) (78,10,63,7) (29,55,133,7) (64,99,84,7) (35,24,77,7) (74,41,154,7) (5,43,70,7) (86,20,84,7) (50,55,84,7) (52,11,56,7) (22,88,98,7) (55,60,56,7) (22,7,63,7) (89,17,84,7) (76,16,56,7) (60,19,63,7) (92,3,105,7) (16,79,56,7) (44,67,91,7) 
(12,48,56,7) (51,80,77,7) (24,93,56,7) (14,98,56,7) (56,86,98,7) (63,25,119,7) (68,48,70,7) (37,63,56,7) (69,35,56,7) (93,41,98,7) (84,78,56,7) (31,55,112,7) (47,6,91,7) (62,96,70,7) (51,58,112,7) (74,76,112,7) (12,22,14,7) (66,84,56,7) (99,52,70,7) (66,65,91,7) 
(32,19,63,7) (79,58,63,7) (54,13,126,7) (16,56,77,7) (92,43,98,7) (42,87,42,7) (78,19,91,7) (83,40,56,7) (2,96,21,7) (8,43,42,7) (56,36,91,7) (90,2,49,7) (40,53,56,7) (60,92,84,7) (11,49,56,7) (20,96,98,7) (60,83,49,7) (77,51,70,7) (91,25,35,7) (76,63,28,7) 
(33,3,63,7) (7,34,35,7) (34,54,98,7) (76,31,91,7) (35,80,126,7) (35,69,49,7) (53,66,56,7) (68,38,84,7) (41,6,42,7) (69,48,63,7) (80,56,56,7) (89,28,105,7) (55,5,70,7) (99,29,56,7) (78,98,91,7) (99,30,35,7) (96,85,21,7) (99,96,105,7) (66,15,70,7) (94,28,63,7) 
(59,69,56,7) (34,60,21,7) (19,18,91,7) (67,29,133,7) (50,46,56,7) (76,68,77,7) (92,99,70,7) (52,74,126,7) (82,41,91,7) (9,98,49,7) (58,29,77,7) (39,53,49,7) (46,78,77,7) (88,29,84,7) (12,18,70,7) (4,15,70,7) (18,77,77,7) (98,26,56,7) (22,53,21,7) (18,11,49,7) 
(2,8,63,7) (25,54,91,7) (23,76,98,7) (11,46,42,7) (24,72,70,7) (38,66,49,7) (14,99,49,7) (46,41,105,7) (86,84,70,7) (56,55,119,7) (50,6,105,7) (26,81,28,7) (35,28,140,7) (23,4,70,7) (78,45,112,7) (43,14,56,7) (52,32,42,7) (97,12,70,7) (16,13,77,7) (55,61,35,7) 
(54,64,119,7) (95,54,98,7) (33,93,42,7) (90,41,28,7) (86,41,14,7) (83,93,77,7) (64,16,91,7) (71,84,140,7) (61,53,84,7) (82,88,35,7) (81,47,63,7) (15,43,63,7) (4,60,49,7) (16,71,70,7) (65,54,91,7) (12,99,56,7) (6,43,63,7) (54,43,112,7) (91,33,70,7) (2,70,21,7) 
(1,10,56,7) (32,37,98,7) (62,45,49,7) (3,24,35,7) (29,47,14,7) (56,15,56,7) (71,2,91,7) (44,90,63,7) (65,51,105,7) (75,9,112,7) (60,77,63,7) (79,62,133,7) (71,67,105,7) (68,49,126,7) (2,6,84,7) (64,19,63,7) (7,52,49,7) (48,78,77,7) (27,53,140,7) (77,11,77,7) 
(88,21,21,7) (35,57,63,7) (0,18,105,7) (69,3,70,7) (26,75,70,7) (51,35,77,7) (88,32,77,7) (86,32,14,7) (48,72,63,7) (29,93,77,7) (23,48,63,7) (87,9,28,7) (14,49,84,7) (42,82,14,7) (80,51,98,7) (93,70,77,7) (60,26,35,7) (91,64,42,7) (80,94,77,7) (92,93,28,7) 
(6,51,49,7) (65,75,98,7) (35,99,77,7) (44,66,98,7) (23,13,49,7) (58,25,49,7) (15,11,49,7) (18,55,63,7) (3,77,112,7) (24,87,49,7) (74,82,42,7) (34,40,21,7) (66,86,70,7) (15,69,84,7) (28,90,35,7) (4,68,105,7) (8,71,42,7) (35,55,91,7) (72,15,98,7) (87,28,91,7) 
(2,69,70,7) (83,63,98,7) (86,66,105,7) (17,88,84,7) (65,27,84,7) (12,53,42,7) (73,38,126,7) (12,31,28,7) (37,63,98,7) (78,4,133,7) (4,7,77,7) (27,16,168,7) (86,69,49,7) (2,48,91,7) (48,51,49,7) (33,79,56,7) (86,28,77,7) (13,55,91,7) (79,30,77,7) (18,91,70,7) 
(7,34,77,7) (94,68,49,7) (61,67,70,7) (5,84,112,7) (15,84,84,7) (66,8,84,7) (3,75,98,7) (37,91,49,7) (37,7,28,7) (18,30,98,7) (12,31,35,7) (51,20,112,7) (86,53,105,7) (32,64,70,7) (48,84,77,7) (44,97,84,7) (27,2,77,7) (12,61,42,7) (0,67,98,7) (22,55,28,7) 
(96,2,49,7) (18,22,63,7) (48,59,98,7) (83,22,91,7) (55,15,133,7) (47,87,70,7) (52,9,7,7) (60,40,14,7) (43,33,56,7) (51,19,28,7) (84,59,70,7) (82,89,98,7) (28,87,42,7) (59,63,77,7) (35,11,28,7) (9,3,70,7) (54,62,119,7) (28,25,119,7) (31,17,28,7) (54,65,7,7) 
(29,74,105,7) (22,14,70,7) (1,11,105,7) (97,56,70,7) (73,0,84,7) (53,54,91,7) (99,70,63,7) (79,49,91,7) (5,51,63,7) (21,36,105,7) (99,54,119,7) (52,76,77,7) (48,89,56,7) (0,75,21,7) (86,68,70,7) (55,19,35,7) (40,91,42,7) (12,96,84,7) (1,65,84,7) (32,14,112,7) 
(82,39,112,7) (95,24,105,7) (87,69,42,7) (1,79,28,7) (64,79,56,7) (92,26,49,7) (43,63,42,7) (24,8,91,7) (31,94,14,7) (60,61,63,7) (31,4,91,7) (30,87,14,7) (43,68,49,7) (98,74,91,7) (42,64,56,7) (68,24,28,7) (45,60,91,7) (80,18,105,7) (58,69,105,7) (84,53,21,7) 
(3,27,77,7) (61,78,147,7) (52,72,119,7) (90,15,21,7) (0,66,63,7) (75,17,98,7) (74,51,70,7) (60,25,98,7) (54,49,105,7) (52,22,91,7) (77,30,14,7) (23,82,119,7) (15,72,35,7) (11,31,42,7) (72,71,91,7) (39,88,42,7) (70,92,84,7) (49,1,56,7) (76,39,98,7) (26,74,77,7) 
(35,87,70,7) (59,63,98,7) (43,93,35,7) (38,19,56,7) (98,66,84,7) (17,58,98,7) (68,40,49,7) (71,53,14,7) (39,14,21,7) (16,5,42,7) (43,53,21,7) (70,40,35,7) (36,59,91,7) (93,38,49,7) (98,77,84,7) (67,21,49,7) (73,68,70,7) (13,39,98,7) (85,11,14,7) (37,46,49,7) 
(38,99,42,7) (88,44,70,7) (9,88,63,7) (36,82,63,7) (24,53,91,7) (33,19,126,7) (34,60,49,7) (77,37,77,7) (36,20,7,7) (73,16,147,7) (58,92,98,7) (99,21,133,7) (6,11,28,7) (58,19,70,7) (7,13,63,7) (94,44,14,7) (77,81,112,7) (10,98,98,7) (84,97,63,7) (26,51,119,7) 
(69,28,70,7) (8,89,84,7) (21,52,28,7) (23,31,7,7) (20,19,56,7) (8,77,21,7) (68,34,84,7) (73,69,84,7) (58,24,42,7) (11,7,91,7) (68,89,56,7) (95,73,28,7) (64,88,98,7) (53,8,133,7) (17,62,49,7) (55,96,14,7) (0,29,42,7) (37,98,35,7) (67,85,98,7) (0,32,56,7) 
(88,57,49,7) (13,79,56,7) (97,31,49,7) (71,38,77,7) (4,75,105,7) (47,80,63,7) (96,26,49,7) (92,28,42,7) (63,78,91,7) (93,24,28,7) (5,63,56,7) (81,23,98,7) (64,27,49,7) (63,38,56,7) (14,34,28,7) (1,95,140,7) (82,62,105,7) (47,38,119,7) (87,18,28,7) (86,3,63,7) 
(96,48,77,7) (64,33,63,7) (52,88,119,7) (27,77,56,7) (61,93,84,7) (53,8,28,7) (19,65,112,7) (68,88,98,7) (91,58,140,7) (84,18,133,7) (10,66,63,7) (82,44,126,7) (62,27,112,7) (38,37,49,7) (58,19,126,7) (71,48,91,7) (12,59,49,7) (74,36,49,7) (62,93,63,7) (84,90,91,7) 
(33,52,14,7) (10,84,63,7) (54,29,7,7) (47,16,14,7) (10,96,7,7) (22,82,126,7) (63,25,70,7) (15,35,49,7) (43,50,35,7) (91,24,63,7) (76,54,63,7) (77,66,91,7) (24,15,91,7) (39,26,56,7) (34,82,35,7) (85,44,126,7) (48,40,105,7) (83,59,147,7) (91,41,105,7) (15,72,77,7) 
(12,14,28,7) (87,29,70,7) (51,0,63,7) (74,97,56,7) (86,41,28,7) (84,72,63,7) (44,59,91,7) (90,14,7,7) (55,67,98,7) (56,39,49,7) (40,1,21,7) (51,10,84,7) (44,26,7,7) (97,64,42,7) (71,96,7,7) (79,24,70,7) (0,70,63,7) (51,16,7,7) (90,38,105,7) (12,99,63,7) 
(79,90,42,7) (15,66,119,7) (31,80,49,7) (31,70,28,7) (71,90,147,7) (60,3,126,7) (97,73,63,7) (50,70,77,7) (11,37,63,7) (87,81,91,7) (51,88,56,7) (16,15,70,7) (75,26,42,7) (49,95,56,7) (84,81,49,7) (88,49,63,7) (74,64,112,7) (20,96,42,7) (58,94,105,7) (78,88,56,7) 
(61,86,91,7) (66,19,49,7) (33,32,42,7) (55,86,49,7) (12,84,70,7) (62,32,77,7) (74,53,77,7) (1,56,70,7) (37,89,77,7) (73,31,112,7) (54,93,77,7) (59,11,98,7) (79,46,21,7) (61,51,35,7) (78,92,56,7) (3,43,63,7) (89,65,84,7) (49,69,49,7) (17,21,84,7) (18,49,28,7) 