(40,99,54,6) (42,40,72,6) (24,58,42,6) (33,70,42,6) (15,10,90,6) (81,1,66,6) (69,61,18,6) (6,25,48,6) (40,9,90,6) (80,87,60,6) (92,81,42,6) (42,36,48,6) (48,99,12,6) (98,68,30,6) (26,49,66,6) (4,35,48,6) (51,81,96,6) (16,14,60,6) (57,47,126,6) (18,56,78,6) 
(49,59,66,6) (99,61,78,6) (5,37,108,6) (25,39,96,6) (55,78,120,6) (37,66,60,6) (88,26,36,6) (59,93,24,6) (64,73,72,6) (34,53,54,6) (75,16,60,6) (78,66,126,6) (82,40,36,6) (86,40,36,6) (58,70,54,6) (70,45,90,6) (71,8,60,6) (81,34,66,6) (35,48,18,6) (41,30,54,6) 
(21,55,24,6) (70,7,48,6) (19,94,102,6) (39,90,66,6) (63,36,30,6) (88,32,96,6) (16,53,66,6) (35,86,72,6) (20,8,66,6) (16,38,54,6) (89,95,96,6) (26,88,66,6) (40,65,84,6) (9,85,108,6) (45,16,66,6) (21,84,42,6) (11,64,30,6) (45,14,48,6) (6,62,6,6) (73,36,60,6) 
(96,12,24,6) (51,59,84,6) (84,77,18,6) (40,8,18,6) (65,13,90,6) (21,73,30,6) (84,64,42,6) (45,20,90,6) (25,56,12,6) (31,26,24,6) (46,16,102,6) (21,10,12,6) (8,39,84,6) (57,18,30,6) (8,88,18,6) (34,83,48,6) (16,8,60,6) (95,36,72,6) (8,80,90,6) (64,25,108,6) 
(26,2,60,6) (63,71,54,6) (97,48,6,6) (63,3,54,6) (38,76,90,6) (93,86,66,6) (69,89,66,6) (79,61,54,6) (65,1,48,6) (51,91,18,6) (65,49,96,6) (80,42,24,6) (43,46,30,6) (68,67,48,6) (95,48,66,6) (4,11,60,6) (46,71,36,6) (66,44,84,6) (31,80,48,6) (68,28,78,6) 
(85,23,72,6) (70,34,36,6) (22,84,42,6) (83,22,48,6) (88,1,96,6) (16,63,42,6) (82,56,30,6) (25,94,60,6) (1,62,102,6) (58,17,54,6) (88,41,48,6) (43,49,66,6) (3,79,48,6) (26,95,78,6) (22,93,78,6) (89,4,84,6) (69,71,114,6) (57,43,24,6) (70,17,66,6) (70,82,30,6) 
(24,54,66,6) (34,79,66,6) (27,99,72,6) (56,61,78,6) (31,32,48,6) (67,86,18,6) (74,31,66,6) (85,39,36,6) (78,38,72,6) (85,68,54,6) (0,24,78,6) (44,62,48,6) (43,61,120,6) (48,88,72,6) (66,55,36,6) (68,98,42,6) (64,15,30,6) (13,30,48,6) (96,92,96,6) (88,56,72,6) 
(49,16,54,6) (22,30,96,6) (77,12,120,6) (44,36,42,6) (87,62,66,6) (29,95,30,6) (46,90,24,6) (37,10,42,6) (14,42,66,6) (90,20,42,6) (73,56,66,6) (77,56,60,6) (64,90,42,6) (19,63,66,6) (90,66,54,6) (95,93,72,6) (60,86,66,6) (9,91,60,6) (41,17,12,6) (64,97,84,6) 
(94,73,42,6) (30,89,102,6) (76,38,72,6) (62,80,36,6) (36,21,54,6) (14,48,102,6) (59,79,48,6) (65,33,54,6) (32,9,18,6) (52,46,42,6) (60,36,54,6) (90,9,18,6) (6,7,48,6) (21,51,72,6) (93,9,96,6) (24,98,78,6) (46,74,54,6) (18,58,90,6) (19,46,120,6) (39,13,72,6) 
(53,46,66,6) (72,88,114,6) (1,86,72,6) (37,42,42,6) (90,26,48,6) (13,29,60,6) (9,65,90,6) (33,60,48,6) (1,17,36,6) (7,38,66,6) (29,47,84,6) (31,35,54,6) (76,73,42,6) (60,9,114,6) (40,94,78,6) (91,94,90,6) (46,77,78,6) (17,9,42,6) (72,91,48,6) (0,70,54,6) 
(1,28,48,6) (66,26,36,6) (70,58,60,6) (87,81,66,6) (27,51,96,6) (3,16,90,6) (1,90,120,6) (14,8,84,6) (33,81,24,6) (99,8,60,6) (25,30,66,6) (63,55,6,6) (88,61,24,6) (10,96,66,6) (15,19,30,6) (42,13,114,6) (88,1,48,6) (41,67,30,6) (22,96,36,6) (31,20,18,6) 
(56,47,30,6) (82,0,48,6) (79,16,36,6) (53,59,60,6) (86,40,60,6) (92,15,72,6) (76,4,84,6) (21,37,108,6) (11,78,108,6) (18,97,42,6) (6,1,54,6) (7,20,60,6) (75,79,48,6) (84,98,108,6) (4,9,54,6) (32,20,54,6) (14,48,30,6) (21,99,78,6) (99,62,90,6) (79,44,66,6) 
(32,13,30,6) (46,91,24,6) (44,9,72,6) (81,75,84,6) (87,47,30,6) (34,95,60,6) (18,63,60,6) (89,74,60,6) (77,39,96,6) (59,12,12,6) (18,95,84,6) (96,6,96,6) (4,68,6,6) (35,61,30,6) (31,74,6,6) (83,20,72,6) (49,57,60,6) (22,82,24,6) (64,10,18,6) (31,18,36,6) 
(49,14,66,6) (96,67,36,6) (18,58,48,6) (51,16,72,6) (26,66,66,6) (24,89,60,6) (7,96,36,6) (6,38,78,6) (19,98,84,6) (1,52,84,6) (32,40,78,6) (68,37,66,6) (83,96,78,6) (36,47,36,6) (10,12,18,6) (83,24,78,6) (74,13,90,6) (71,9,108,6) (75,28,108,6) (97,83,42,6) 
(18,96,78,6) (52,65,48,6) (7,1,138,6) (58,29,96,6) (84,94,24,6) (60,44,54,6) (43,77,6,6) (63,25,102,6) (53,0,42,6) (70,84,36,6) (90,52,30,6) (2,18,54,6) (35,71,66,6) (22,27,132,6) (99,46,36,6) (66,26,42,6) (25,14,90,6) (7,56,12,6) (59,38,108,6) (54,55,36,6) 
(23,9,48,6) (10,99,78,6) (30,78,12,6) (96,86,84,6) (53,58,84,6) (3,89,30,6) (65,47,102,6) (37,62,72,6) (62,98,78,6) (47,73,78,6) (95,77,24,6) (47,92,84,6) (21,16,48,6) (65,51,36,6) (3,37,60,6) (39,57,54,6) (60,23,42,6) (88,46,84,6) (7,76,60,6) (14,13,48,6) 
(77,70,78,6) (74,49,126,6) (65,43,102,6) (24,99,72,6) (23,68,36,6) (97,91,36,6) (57,61,36,6) (67,4,84,6) (85,29,96,6) (21,20,48,6) (12,35,66,6) (32,16,102,6) (31,52,24,6) (24,50,126,6) (42,57,60,6) (40,69,54,6) (11,15,48,6) (47,1,60,6) (39,49,6,6) (71,46,18,6) 
(6,47,108,6) (4,84,66,6) (34,15,60,6) (58,82,90,6) (63,45,60,6) (20,93,84,6) (95,68,18,6) (68,99,66,6) (21,14,72,6) (28,66,90,6) (54,63,54,6) (13,33,78,6) (76,53,6,6) (52,72,84,6) (69,43,36,6) (24,87,66,6) (95,61,78,6) (26,92,36,6) (9,67,60,6) (22,79,48,6) 
(60,59,60,6) (12,1,90,6) (67,32,72,6) (84,68,30,6) (30,98,90,6) (57,24,60,6) (22,49,24,6) (64,89,54,6) (97,23,42,6) (48,58,66,6) (19,78,36,6) (24,86,60,6) (42,26,42,6) (54,67,60,6) (77,82,42,6) (42,12,42,6) (44,55,60,6) (17,8,96,6) (20,10,30,6) (31,11,42,6) 
(73,90,36,6) (84,38,48,6) (43,19,24,6) (46,86,60,6) (96,27,6,6) (48,47,54,6) (82,80,78,6) (91,60,54,6) (86,7,102,6) (13,71,78,6) (67,41,42,6) (29,82,30,6) (52,76,42,6) (19,81,114,6) (52,16,96,6) (36,82,60,6) (89,93,90,6) (18,63,60,6) (94,11,108,6) (77,18,54,6) 
(23,77,66,6) (32,55,60,6) (96,13,42,6) (19,21,102,6) (47,84,132,6) (3,13,78,6) (28,6,84,6) (39,96,66,6) (70,14,36,6) (64,12,96,6) (58,25,6,6) (45,43,72,6) (96,24,54,6) (91,49,72,6) (96,54,66,6) (92,45,42,6) (34,48,84,6) (67,79,108,6) (0,73,54,6) (52,9,84,6) 
(52,25,42,6) (78,81,114,6) (38,5,72,6) (13,80,42,6) (68,1,12,6) (80,59,60,6) (82,74,78,6) (63,16,54,6) (79,22,42,6) (37,73,48,6) (96,75,90,6) (27,16,102,6) (84,81,60,6) (81,71,90,6) (94,33,48,6) (24,99,60,6) (62,94,36,6) (94,57,48,6) (40,64,60,6) (72,29,48,6) 
(79,60,84,6) (37,86,54,6) (51,62,66,6) (9,14,18,6) (63,26,54,6) (48,10,72,6) (1,61,48,6) (7,6,96,6) (53,22,90,6) (69,1,66,6) (1,44,42,6) (92,35,84,6) (1,20,90,6) (90,89,36,6) (49,64,108,6) (83,41,30,6) (2,56,24,6) (55,50,78,6) (30,70,24,6) (21,54,12,6) 
(0,43,6,6) (53,38,84,6) (44,31,6,6) (49,7,42,6) (76,85,72,6) (3,63,36,6) (94,90,48,6) (71,37,60,6) (34,85,12,6) (88,94,78,6) (79,2,84,6) (97,19,48,6) (8,84,30,6) (18,36,72,6) (74,21,84,6) (14,6,66,6) (27,91,66,6) (76,67,54,6) (40,46,30,6) (83,67,84,6) 
(34,6,30,6) (69,10,114,6) (97,72,54,6) (38,5,36,6) (54,46,72,6) (84,3,36,6) (87,20,102,6) (35,34,6,6) (61,47,66,6) (67,66,90,6) (53,95,84,6) (32,21,114,6) (59,12,54,6) (98,95,42,6) (61,0,96,6) (78,93,96,6) (97,87,48,6) (22,1,48,6) (7,38,72,6) (19,77,96,6) 
(47,20,24,6) (48,76,42,6) (71,23,120,6) (50,19,54,6) (46,57,60,6) (87,88,48,6) (62,32,54,6) (93,41,66,6) (0,28,48,6) (57,20,18,6) (3,14,60,6) (90,3,78,6) (33,63,114,6) (29,73,30,6) (83,59,66,6) (48,38,12,6) (16,13,36,6) (24,91,84,6) (93,22,78,6) (66,49,102,6) 
(71,84,6,6) (55,45,48,6) (37,42,36,6) (5,2,132,6) (49,7,84,6) (88,69,60,6) (93,87,84,6) (36,74,60,6) (96,2,30,6) (73,32,48,6) (11,22,72,6) (0,23,72,6) (92,21,42,6) (72,73,60,6) (64,19,60,6) (89,90,78,6) (47,71,114,6) (0,22,114,6) (63,65,72,6) (43,20,36,6) 
(10,90,90,6) (40,50,72,6) (99,31,66,6) (1,69,78,6) (1,53,66,6) (98,89,72,6) (72,90,18,6) (94,57,84,6) (7,0,54,6) (89,73,66,6) (57,0,66,6) (63,89,84,6) (21,54,18,6) (57,54,90,6) (95,85,36,6) (52,65,24,6) (30,56,54,6) (97,79,84,6) (69,31,78,6) (71,18,66,6) 
(70,43,6,6) (26,52,54,6) (17,53,18,6) (79,94,48,6) (93,59,72,6) (13,37,54,6) (53,32,66,6) (40,58,102,6) (11,16,54,6) (68,42,66,6) (87,91,48,6) (71,24,36,6) (87,93,54,6) (53,61,90,6) (51,83,48,6) (30,33,48,6) (37,14,60,6) (20,45,72,6) (98,47,24,6) (31,6,102,6) 
(41,88,72,6) (99,57,90,6) (30,34,66,6) (23,63,72,6) (96,43,114,6) (65,24,72,6) (10,82,36,6) (13,64,36,6) (73,85,54,6) (80,73,30,6) (43,21,54,6) (35,62,36,6) (46,49,42,6) (61,38,54,6) (81,69,60,6) (0,25,102,6) (20,94,66,6) (79,12,30,6) (60,68,42,6) (93,97,60,6) 
(46,6,36,6) (21,19,48,6) (50,75,114,6) (56,43,72,6) (11,40,90,6) (17,55,72,6) (31,36,60,6) (47,73,72,6) (17,32,102,6) (21,26,36,6) (66,82,96,6) (12,87,24,6) (16,42,6,6) (81,86,66,6) (69,82,54,6) (83,60,114,6) (69,51,18,6) (20,62,72,6) (94,30,84,6) (64,8,54,6) 
(12,92,72,6) (44,54,96,6) (83,80,54,6) (21,47,90,6) (62,34,48,6) (6,55,156,6) (97,78,96,6) (54,86,36,6) (38,61,18,6) (93,26,120,6) (28,25,90,6) (15,67,42,6) (18,57,102,6) (61,11,66,6) (84,34,36,6) (59,92,60,6) (24,22,78,6) (57,39,84,6) (14,44,72,6) (55,13,90,6) 
(3,36,24,6) (71,88,42,6) (63,90,60,6) (52,17,24,6) (37,86,42,6) (26,61,42,6) (43,23,84,6) (21,53,24,6) (72,50,48,6) (89,91,60,6) (81,27,36,6) (94,28,78,6) (57,22,90,6) (2,34,30,6) (47,99,54,6) (40,76,60,6) (61,14,66,6) (20,12,36,6) (66,11,60,6) (59,99,66,6) 
(38,83,96,6) (99,97,54,6) (14,2,66,6) (43,25,72,6) (84,75,42,6) (32,56,24,6) (85,8,36,6) (8,64,66,6) (95,40,66,6) (82,66,60,6) (68,21,72,6) (61,58,36,6) (30,96,90,6) (6,65,24,6) (1,87,156,6) (51,21,48,6) (66,45,54,6) (39,0,48,6) (1,88,60,6) (88,7,30,6) 
(32,30,42,6) (83,81,24,6) (39,91,36,6) (42,96,60,6) (74,69,54,6) (51,53,66,6) (9,58,84,6) (55,94,36,6) (54,35,42,6) (50,39,90,6) (67,21,54,6) (6,30,54,6) (84,87,42,6) (89,80,102,6) (0,33,78,6) (93,35,72,6) (53,13,96,6) (89,55,72,6) (51,32,150,6) (3,50,60,6) 
(24,27,30,6) (54,80,84,6) (91,35,42,6) (39,42,78,6) (17,30,36,6) (10,36,54,6) (70,16,48,6) (28,48,54,6) (32,41,60,6) (40,61,78,6) (2,57,42,6) (21,60,36,6) (78,19,60,6) (85,5,66,6) (93,83,36,6) (42,65,78,6) (17,66,24,6) (24,60,60,6) (21,8,90,6) (77,38,78,6) 
(58,98,36,6) (18,45,54,6) (14,42,30,6) (38,92,54,6) (86,13,54,6) (41,63,72,6) (79,14,48,6) (91,34,48,6) (85,39,66,6) (99,26,78,6) (71,74,78,6) (22,7,48,6) (4,2,102,6) (98,49,54,6) (49,84,126,6) (44,48,72,6) (41,96,54,6) (33,9,60,6) (68,43,84,6) (36,84,30,6) 
(77,55,78,6) (43,56,60,6) (5,80,18,6) (60,45,30,6) (68,14,48,6) (56,70,84,6) (42,91,48,6) (8,46,66,6) (42,53,12,6) (39,62,84,6) (15,69,54,6) (77,22,24,6) (76,2,84,6) (1,38,60,6) (79,81,72,6) (26,98,42,6) (98,70,24,6) (6,75,42,6) (33,26,72,6) (45,10,66,6) 
(70,99,78,6) (71,16,72,6) (54,87,60,6) (0,47,6,6) (81,18,102,6) (72,58,48,6) (97,73,18,6) (76,74,72,6) (42,2,36,6) (36,41,30,6) (72,68,108,6) (11,67,78,6) (84,11,36,6) (8,59,54,6) (43,30,42,6) (97,8,84,6) (53,78,48,6) (72,74,36,6) (13,63,96,6) (38,37,126,6) 
(59,4,42,6) (33,52,66,6) (4,37,54,6) (57,61,96,6) (2,35,30,6) (85,29,48,6) (70,32,18,6) (96,55,24,6) (24,72,48,6) (96,80,60,6) (63,88,6,6) (51,73,78,6) (87,93,114,6) (99,43,54,6) (60,70,84,6) (77,36,42,6) (70,13,6,6) (25,34,54,6) (34,86,90,6) (73,54,72,6) 
(9,2,18,6) (0,68,72,6) (25,80,60,6) (68,92,84,6) (43,86,30,6) (56,47,72,6) (72,96,54,6) (18,61,60,6) (19,41,24,6) (31,22,90,6) (85,92,54,6) (86,26,60,6) (89,38,66,6) (2,65,90,6) (74,62,72,6) (27,67,54,6) (11,88,60,6) (92,98,78,6) (70,16,72,6) (4,79,42,6) 
(31,92,66,6) (54,59,54,6) (66,47,72,6) (22,78,42,6) (60,85,66,6) (27,82,84,6) (45,85,78,6) (19,8,78,6) (51,52,72,6) (61,76,66,6) (75,88,66,6) (62,58,24,6) (63,32,36,6) (86,78,48,6) (31,68,30,6) (88,64,108,6) (87,34,60,6) (14,70,66,6) (34,0,72,6) (52,31,60,6) 
(22,50,72,6) (76,88,90,6) (85,84,36,6) (68,87,96,6) (89,25,36,6) (24,21,54,6) (19,90,48,6) (68,25,114,6) (55,97,48,6) (10,9,60,6) (13,36,60,6) (44,38,108,6) (32,71,72,6) (40,96,96,6) (59,61,66,6) (25,46,96,6) (4,85,84,6) (24,39,102,6) (93,78,66,6) (55,68,54,6) 
(53,5,54,6) (46,99,60,6) (19,97,30,6) (96,70,96,6) (68,72,102,6) (16,77,48,6) (71,67,66,6) (23,17,18,6) (35,81,84,6) (88,81,42,6) (34,46,42,6) (33,22,96,6) (69,25,102,6) (44,52,84,6) (2,26,42,6) (26,28,42,6) (5,36,60,6) (38,72,36,6) (98,39,66,6) (84,7,114,6) 
(6,20,78,6) (60,16,78,6) (80,87,30,6) (67,42,48,6) (80,34,72,6) (81,39,60,6) (29,91,66,6) (72,14,42,6) (63,55,66,6) (35,84,42,6) (43,14,60,6) (84,73,24,6) (49,95,78,6) (65,41,72,6) (83,58,72,6) (17,6,30,6) (0,11,96,6) (92,36,66,6) (17,68,90,6) (35,50,6,6) 
(21,31,90,6) (57,45,48,6) (63,24,60,6) (2,16,54,6) (62,79,60,6) (59,60,42,6) (58,61,72,6) (25,20,120,6) (70,60,132,6) (44,49,18,6) (41,96,12,6) (96,45,78,6) (97,53,30,6) (83,57,90,6) (9,23,60,6) (10,16,84,6) (5,46,48,6) (81,42,30,6) (1,37,30,6) (53,29,66,6) 
(27,76,66,6) (25,61,108,6) (94,4,84,6) (31,35,66,6) (50,62,66,6) (17,79,54,6) (93,7,108,6) (12,58,126,6) (37,34,60,6) (19,83,96,6) (35,98,90,6) (60,88,90,6) (85,77,90,6) (32,64,66,6) (18,92,66,6) (36,7,12,6) (67,54,54,6) (98,60,96,6) (19,82,66,6) (95,17,96,6) 
(7,82,48,6) (40,15,90,6) (96,10,120,6) (18,47,54,6) (51,25,42,6) (89,32,60,6) (16,54,90,6) (19,41,54,6) (73,91,42,6) (36,40,6,6) (54,60,66,6) (83,75,54,6) (50,85,120,6) (94,11,54,6) (67,35,60,6) (2,17,108,6) (15,85,18,6) (94,90,48,6) (60,80,90,6) (83,25,60,6) 
(70,78,72,6) (17,67,78,6) (94,79,48,6) (61,54,54,6) (97,45,24,6) (9,47,66,6) (46,63,66,6) (1,7,114,6) (65,29,72,6) (62,81,36,6) (65,31,42,6) (70,80,30,6) (81,79,72,6) (97,76,18,6) (86,52,24,6) (97,15,36,6) (8,2,36,6) (89,99,48,6) (46,94,42,6) (57,3,54,6) 
(82,10,90,6) (50,37,60,6) (66,82,48,6) (94,55,48,6) (19,6,60,6) (97,43,54,6) (93,0,12,6) (29,68,12,6) (76,79,72,6) (0,95,54,6) (31,9,66,6) (43,0,60,6) (91,5,72,6) (93,75,12,6) (83,86,78,6) (80,21,42,6) (76,97,72,6) (45,19,90,6) (37,82,24,6) (53,43,30,6) 
(68,50,54,6) (75,47,84,6) (65,21,96,6) (63,69,72,6) (92,40,54,6) (61,92,24,6) (57,5,60,6) (69,47,66,6) (72,41,84,6) (0,2,12,6) (88,39,102,6) (66,64,36,6) (82,60,78,6) (80,30,66,6) (91,82,90,6) (21,48,42,6) (44,78,6,6) (47,86,48,6) (44,51,54,6) (94,66,72,6) 
(3,45,54,6) (73,4,66,6) (97,91,12,6) (9,0,42,6) (65,5,30,6) (44,35,72,6) (2,31,60,6) (26,71,90,6) (54,98,78,6) (81,29,60,6) (99,14,42,6) (68,30,78,6) (56,89,72,6) (24,19,24,6) (89,86,72,6) (6,73,30,6) (65,56,24,6) (9,72,36,6) (30,20,54,6) (41,89,66,6) 
(61,23,78,6) (94,81,126,6) (44,40,36,6) (31,21,42,6) (25,85,60,6) (46,87,96,6) (4,8,36,6) (68,14,48,6) (78,27,54,6) (1,13,96,6) (31,39,84,6) (78,3,102,6) (80,12,24,6) (16,86,18,6) (72,89,102,6) (61,36,72,6) (37,75,144,6) (6,45,78,6) (98,72,84,6) (40,85,90,6) 
(50,97,90,6) (41,84,72,6) (31,64,54,6) (66,34,66,6) (91,4,84,6) (51,37,36,6) (15,10,54,6) (51,78,6,6) (12,79,108,6) (10,44,30,6) (16,76,66,6) (87,92,120,6) (25,86,42,6) (66,63,102,6) (54,24,66,6) (39,58,30,6) (6,17,54,6) (12,91,60,6) (82,76,60,6) (12,87,24,6) 
(18,74,90,6) (45,70,42,6) (30,14,48,6) (19,0,60,6) (31,3,42,6) (66,19,24,6) (85,81,42,6) (54,74,48,6) (62,30,36,6) (68,78,12,6) (67,58,66,6) (9,59,54,6) (56,23,96,6) (65,40,18,6) (25,28,48,6) (60,19,66,6) (24,18,90,6) (43,63,60,6) (88,14,126,6) (30,37,42,6) 
(83,98,60,6) (68,65,72,6) (94,7,78,6) (33,66,12,6) (57,34,18,6) (67,23,36,6) (12,35,54,6) (96,49,96,6) (66,26,66,6) (65,84,78,6) (3,56,84,6) (32,59,36,6) (67,31,78,6) (10,87,54,6) (33,63,66,6) (3,80,132,6) (70,18,84,6) (94,12,96,6) (70,73,6,6) (54,67,54,6) 
(75,78,42,6) (87,33,84,6) (95,71,60,6) (35,93,114,6) (33,19,60,6) (71,72,72,6) (69,74,42,6) (83,45,90,6) (97,98,66,6) (94,48,66,6) (95,88,42,6) (95,78,84,6) (31,73,72,6) (40,47,36,6) (4,31,54,6) (66,20,72,6) (1,74,12,6) (98,63,66,6) (23,18,54,6) (75,92,90,6) 
(97,56,48,6) (3,28,42,6) (8,34,48,6) (31,89,30,6) (72,59,108,6) (15,49,108,6) (71,83,66,6) (46,42,30,6) (12,31,90,6) (66,68,120,6) (39,70,66,6) (79,51,72,6) (40,30,66,6) (84,91,54,6) (30,21,72,6) (77,18,84,6) (15,19,102,6) (58,96,120,6) (59,10,12,6) (85,40,114,6) 
(17,78,60,6) (36,1,84,6) (86,82,36,6) (71,76,24,6) (9,45,30,6) (75,99,90,6) (82,25,42,6) (30,79,6,6) (38,1,36,6) (74,39,54,6) (78,31,18,6) (96,40,54,6) (16,75,54,6) (61,28,96,6) (78,98,30,6) (62,22,54,6) (57,91,72,6) (40,93,60,6) (95,64,78,6) (73,30,90,6) 
(39,16,60,6) (87,91,102,6) (6,67,66,6) (71,24,24,6) (98,75,60,6) (80,95,66,6) (93,22,48,6) (80,34,96,6) (84,37,36,6) (53,16,84,6) (97,24,60,6) (26,0,78,6) (72,37,54,6) (67,93,48,6) (19,22,78,6) (61,27,96,6) (99,29,66,6) (71,4,54,6) (66,16,114,6) (35,61,48,6) 
(78,90,42,6) (99,68,60,6) (21,77,102,6) (56,91,60,6) (15,78,84,6) (66,67,54,6) (81,26,72,6) (32,43,36,6) (67,59,60,6) (4,51,72,6) (53,30,54,6) (19,26,30,6) (43,84,12,6) (87,52,60,6) (89,96,42,6) (59,0,84,6) (60,57,96,6) (6,81,48,6) (93,61,90,6) (25,65,36,6) 
(44,31,66,6) (81,90,42,6) (31,61,60,6) (37,75,72,6) (85,59,150,6) (0,28,96,6) (45,28,66,6) (57,47,42,6) (94,1,96,6) (53,7,36,6) (13,76,42,6) (59,14,84,6) (49,90,60,6) (77,23,42,6) (65,76,60,6) (49,66,60,6) (31,6,30,6) (3,15,60,6) (9,8,96,6) (16,51,6,6) 
(78,82,48,6) (12,1,36,6) (6,13,84,6) (79,71,12,6) (67,9,78,6) (78,21,60,6) (31,71,78,6) (51,38,42,6) (85,86,6,6) (81,76,48,6) (57,34,78,6) (60,63,54,6) (1,18,78,6) (85,30,96,6) (82,58,60,6) (73,49,66,6) (99,88,54,6) (72,20,72,6) (63,19,42,6) (77,73,48,6) 
(49,39,66,6) (33,89,48,6) (52,32,36,6) (80,45,36,6) (35,97,36,6) (58,62,60,6) (87,66,24,6) (82,1,48,6) (91,23,78,6) (75,47,126,6) (35,12,12,6) (35,20,72,6) (54,48,54,6) (28,7,90,6) (4,47,72,6) (75,61,48,6) (10,3,126,6) (41,85,54,6) (54,42,54,6) (29,69,114,6) 
(36,82,30,6) (16,20,66,6) (35,80,84,6) (74,41,36,6) (93,42,48,6) (96,54,6,6) (70,41,48,6) (94,37,54,6) (56,51,30,6) (94,83,78,6) (86,37,18,6) (8,0,90,6) (90,17,78,6) (99,55,54,6) (1,78,12,6) (7,65,78,6) (88,23,12,6) (67,37,66,6) (4,19,72,6) (36,1,42,6) 
(69,77,6,6) (7,73,54,6) (47,46,54,6) (91,76,78,6) (52,59,36,6) (94,40,72,6) (96,19,30,6) (70,8,42,6) (61,6,30,6) (93,54,18,6) (28,47,54,6) (94,68,60,6) (25,83,48,6) (77,75,84,6) (19,84,60,6) (10,85,66,6) (2,71,84,6) (10,78,90,6) (98,71,36,6) (17,1,78,6) 
(28,7,30,6) (54,3,114,6) (30,13,18,6) (61,0,48,6) (46,81,60,6) (91,83,60,6) (4,89,84,6) (14,7,36,6) (64,68,48,6) (21,80,60,6) (99,47,42,6) (68,42,48,6) (41,8,42,6) (41,35,108,6) (95,61,66,6) (6,61,96,6) (55,33,84,6) (74,92,42,6) (46,66,90,6) (26,57,42,6) 
(49,60,30,6) (18,29,24,6) (9,88,108,6) (27,6,42,6) (97,86,66,6) (99,50,36,6) (69,59,12,6) (39,11,90,6) (65,45,66,6) (12,20,6,6) (41,65,66,6) (33,68,78,6) (44,48,36,6) (81,97,12,6) (1,23,42,6) (92,43,90,6) (95,47,72,6) (74,28,42,6) (69,32,96,6) (93,63,36,6) 
(71,6,60,6) (66,20,42,6) (31,41,78,6) (93,84,78,6) (51,53,42,6) (38,20,60,6) (35,55,48,6) (26,32,66,6) (25,52,66,6) (97,68,72,6) (91,4,30,6) (59,32,66,6) (30,85,48,6) (72,85,54,6) (92,80,78,6) (7,78,120,6) (51,26,60,6) (95,71,54,6) (67,16,36,6) (2,50,36,6) 
(10,44,48,6) (37,2,12,6) (47,51,30,6) (26,52,54,6) (49,54,60,6) (72,66,60,6) (78,13,72,6) (52,99,66,6) (23,7,36,6) (69,43,36,6) (75,16,90,6) (84,27,96,6) (19,27,66,6) (52,37,84,6) (79,9,54,6) (32,36,60,6) (51,10,72,6) (77,53,60,6) (16,51,60,6) (56,99,72,6) 
(84,79,72,6) (76,89,90,6) (68,18,24,6) (85,33,108,6) (36,46,54,6) (83,43,84,6) (16,56,78,6) (69,92,108,6) (10,18,48,6) (77,46,66,6) (70,86,84,6) (9,28,66,6) (50,23,18,6) (53,16,156,6) (52,89,84,6) (19,15,60,6) (9,92,66,6) (53,89,48,6) (3,8,36,6) (14,47,36,6) 
(29,88,36,6) (21,33,42,6) (2,54,66,6) (20,50,48,6) (38,78,18,6) (47,19,60,6) (51,88,54,6) (65,54,66,6) (65,87,78,6) (47,55,96,6) (79,7,36,6) (46,93,42,6) (83,92,48,6) (54,76,60,6) (17,12,36,6) (10,99,48,6) (21,9,96,6) (9,66,48,6) (96,39,42,6) (74,7,84,6) 
(53,4,48,6) (26,57,24,6) (94,13,66,6) (26,83,126,6) (71,39,96,6) (87,70,60,6) (98,86,54,6) (41,73,96,6) (50,0,60,6) (47,97,114,6) (10,26,72,6) (7,32,24,6) (48,54,66,6) (22,73,54,6) (87,9,48,6) (88,20,60,6) (79,11,30,6) (56,10,78,6) (30,35,72,6) (4,9,72,6) 
(23,24,72,6) (95,27,6,6) (77,34,66,6) (96,9,42,6) (33,0,84,6) (12,84,78,6) (73,21,66,6) (65,47,90,6) (79,46,30,6) (55,69,48,6) (12,94,126,6) (88,68,30,6) (54,84,60,6) (74,20,36,6) (67,18,48,6) (8,6,60,6) (14,12,18,6) (34,38,108,6) (88,40,30,6) (88,77,108,6) 
(84,4,120,6) (43,22,108,6) (61,98,72,6) (65,44,78,6) (20,54,12,6) (99,83,90,6) (2,61,42,6) (98,24,42,6) (2,58,90,6) (29,77,42,6) (69,52,60,6) (47,72,72,6) (40,8,6,6) (4,81,54,6) (11,37,108,6) (71,73,66,6) (51,88,36,6) (21,31,66,6) (27,97,78,6) (63,91,48,6) 
(77,6,18,6) (1,84,18,6) (20,8,84,6) (37,62,48,6) (63,91,48,6) (33,71,42,6) (92,48,84,6) (48,53,90,6) (17,93,60,6) (25,29,78,6) (72,82,96,6) (26,57,114,6) (89,41,36,6) (46,10,30,6) (90,4,66,6) (21,99,60,6) (17,31,54,6) (7,88,30,6) (54,10,60,6) (14,78,36,6) 
(4,78,36,6) (47,63,36,6) (20,55,48,6) (31,8,36,6) (71,96,78,6) (30,69,66,6) (59,57,48,6) (68,8,12,6) (82,24,78,6) (34,53,102,6) (57,32,78,6) (61,52,48,6) (29,54,18,6) (88,56,36,6) (74,62,114,6) (52,14,84,6) (36,55,6,6) (4,90,54,6) (4,93,60,6) (40,43,72,6) 
(75,55,60,6) (42,89,66,6) (22,24,138,6) (95,9,36,6) (59,42,90,6) (64,82,54,6) (9,12,42,6) (44,21,18,6) (21,45,72,6) (76,61,96,6) (14,52,24,6) (41,15,84,6) (87,68,84,6) (35,4,72,6) (38,42,72,6) (75,1,84,6) (38,92,66,6) (53,96,66,6) (28,26,126,6) (72,36,48,6) 
(42,18,102,6) (43,11,24,6) (78,39,144,6) (93,18,90,6) (79,93,24,6) (94,80,66,6) (47,72,60,6) (63,25,36,6) (85,66,72,6) (21,97,96,6) (71,27,54,6) (65,23,96,6) (8,29,84,6) (97,89,18,6) (83,32,102,6) (83,42,72,6) (42,73,48,6) (20,3,90,6) (26,52,84,6) (55,79,84,6) 
(52,51,48,6) (65,19,96,6) (58,33,78,6) (59,56,54,6) (87,32,42,6) (58,21,18,6) (6,83,108,6) (56,66,78,6) (79,75,60,6) (96,44,90,6) (58,47,78,6) (61,56,72,6) (11,26,90,6) (16,68,90,6) (37,0,36,6) (47,81,42,6) (45,23,36,6) (92,62,66,6) (50,94,54,6) (27,74,114,6) 
(75,36,66,6) (76,2,78,6) (45,2,72,6) (19,24,54,6) (98,50,24,6) (13,67,78,6) (53,82,108,6) (10,29,66,6) (65,71,120,6) (4,39,120,6) (63,8,24,6) (2,11,102,6) (14,47,54,6) (75,7,18,6) (50,62,60,6) (21,13,24,6) (2,52,54,6) (37,56,60,6) (39,27,42,6) (30,26,66,6) 
(9,72,18,6) (61,1,120,6) (67,39,114,6) (77,11,48,6) (71,85,72,6) (99,78,78,6) (27,86,66,6) (33,1,42,6) (46,73,12,6) (45,18,36,6) (34,69,48,6) (73,8,42,6) (5,80,54,6) (88,84,60,6) (59,44,30,6) (78,97,36,6) (93,62,96,6) (12,93,60,6) (20,38,102,6) (67,99,36,6) 
(22,73,66,6) (14,33,60,6) (53,69,42,6) (78,3,12,6) (25,44,66,6) (71,74,6,6) (42,65,84,6) (36,51,24,6) (23,30,54,6) (96,26,54,6) (12,83,54,6) (97,89,114,6) (2,49,78,6) (65,92,60,6) (43,84,78,6) (58,97,66,6) (94,43,66,6) (48,75,30,6) (2,55,126,6) (36,50,42,6) 
(66,25,108,6) (68,87,84,6) (55,75,48,6) (20,16,66,6) (23,1,72,6) (35,32,24,6) (68,72,60,6) (79,61,84,6) (23,98,30,6) (64,38,66,6) (32,85,72,6) (63,18,150,6) (12,93,66,6) (14,77,72,6) (81,56,6,6) (25,77,42,6) (17,88,30,6) (33,19,90,6) (61,58,54,6) (14,71,66,6) 
(88,48,54,6) (94,45,132,6) (11,4,102,6) (43,2,60,6) (31,41,36,6) (56,22,54,6) (30,50,108,6) (63,8,42,6) (41,64,102,6) (62,75,66,6) (21,41,84,6) (65,58,30,6) (57,22,30,6) (12,88,102,6) (19,92,66,6) (78,91,96,6) (43,62,72,6) (16,75,84,6) (8,29,48,6) (45,28,36,6) 
(57,30,102,6) (93,46,30,6) (59,1,30,6) (56,64,54,6) (73,58,90,6) (60,57,24,6) (83,35,84,6) (50,56,30,6) (54,37,96,6) (59,86,48,6) (20,44,36,6) (5,72,66,6) (1,46,42,6) (65,70,66,6) (20,73,30,6) (16,38,66,6) (79,77,54,6) (90,48,78,6) (1,29,60,6) (83,46,60,6) 
(27,60,24,6) (75,42,48,6) (10,9,12,6) (13,54,48,6) (51,59,12,6) (49,90,48,6) (56,89,96,6) (83,32,84,6) (75,11,42,6) (33,10,48,6) (12,60,78,6) (87,39,66,6) (34,44,78,6) (21,40,6,6) (30,19,30,6) (82,92,42,6) (64,23,30,6) (31,68,48,6) (34,81,18,6) (32,50,60,6) 
(58,99,42,6) (84,46,48,6) (13,34,108,6) (40,50,24,6) (6,85,24,6) (43,82,108,6) (77,57,114,6) (78,3,72,6) (87,35,48,6) (56,73,6,6) (2,8,54,6) (54,20,54,6) (56,69,96,6) (23,84,78,6) (75,18,60,6) (88,38,48,6) (60,0,78,6) (39,69,96,6) (12,59,60,6) (48,12,78,6) 
(71,64,72,6) (52,58,78,6) (50,35,48,6) (24,31,96,6) (65,3,108,6) (51,65,90,6) (52,54,36,6) (63,92,66,6) (50,26,96,6) (57,27,78,6) (41,6,54,6) (83,47,30,6) (48,29,84,6) (79,0,84,6) (42,97,66,6) (85,40,54,6) (69,25,108,6) (31,19,120,6) (27,20,36,6) (24,20,60,6) 
(23,37,60,6) (6,9,42,6) (73,79,54,6) (36,43,96,6) (66,32,66,6) (3,52,36,6) (82,59,102,6) (59,25,66,6) (19,66,66,6) (37,89,36,6) (28,14,60,6) (68,16,42,6) (38,90,66,6) (30,58,24,6) (38,1,90,6) (97,67,24,6) (72,22,42,6) (33,42,102,6) (71,1,42,6) (38,15,42,6) 
(98,10,72,6) (74,57,42,6) (15,5,84,6) (25,95,48,6) (22,2,66,6) (68,78,102,6) (0,14,54,6) (22,61,48,6) (32,19,96,6) (38,27,90,6) (96,54,114,6) (16,45,24,6) (91,42,66,6) (9,24,96,6) (73,69,78,6) (29,38,66,6) (6,77,78,6) (25,56,84,6) (24,52,78,6) (77,86,36,6) 
(61,14,54,6) (51,60,90,6) (13,86,96,6) (96,68,84,6) (78,39,60,6) (57,79,60,6) (97,55,42,6) (40,60,78,6) (28,81,108,6) (64,36,42,6) (74,15,48,6) (83,78,90,6) (17,75,30,6) (78,3,72,6) (85,17,102,6) (10,47,96,6) (79,37,60,6) (25,68,36,6) (39,45,48,6) (21,78,66,6) 
(47,31,114,6) (26,72,54,6) (70,74,90,6) (1,49,42,6) (4,17,138,6) (88,73,78,6) (52,13,36,6) (37,28,96,6) (37,12,72,6) (12,43,36,6) (80,28,72,6) (39,97,66,6) (89,29,72,6) (8,55,84,6) (89,1,60,6) (7,56,96,6) (5,52,78,6) (49,79,78,6) (75,74,54,6) (9,64,12,6) 
(21,68,12,6) (81,74,60,6) (8,65,78,6) (15,62,6,6) (11,57,54,6) (5,15,72,6) (54,55,42,6) (7,30,66,6) (9,22,84,6) (62,86,78,6) (57,23,24,6) (83,13,24,6) (92,38,42,6) (52,7,24,6) (37,38,6,6) (74,64,30,6) (92,57,42,6) (14,98,72,6) (87,17,54,6) (19,67,108,6) 
(40,21,30,6) (80,58,24,6) (52,82,30,6) (30,49,90,6) (87,90,66,6) (18,91,48,6) (34,5,66,6) (88,11,108,6) (92,87,54,6) (87,40,24,6) (91,38,12,6) (50,83,54,6) (81,56,114,6) (21,77,54,6) (37,57,54,6) (51,71,48,6) (51,45,6,6) (37,22,90,6) (90,66,42,6) (27,20,90,6) 
(34,84,60,6) (36,71,42,6) (16,71,102,6) (16,6,60,6) (66,48,30,6) (87,81,24,6) (15,84,36,6) (79,14,78,6) (75,19,6,6) (45,43,48,6) (22,68,54,6) (53,66,48,6) (70,16,30,6) (47,53,54,6) (42,24,18,6) (54,79,66,6) (1,25,42,6) (57,96,48,6) (59,0,90,6) (83,34,54,6) 
(31,22,60,6) (54,18,30,6) (54,87,78,6) (9,46,48,6) (42,64,84,6) (86,5,60,6) (58,89,30,6) (69,66,66,6) (85,42,54,6) (59,27,36,6) (23,6,84,6) (85,37,66,6) (70,82,18,6) (42,69,54,6) (85,28,72,6) (35,28,6,6) (21,0,66,6) (65,57,60,6) (43,49,72,6) (93,12,60,6) 
(60,74,96,6) (77,89,90,6) (96,59,54,6) (96,75,90,6) (32,19,24,6) (93,63,90,6) (2,8,30,6) (26,16,72,6) (41,69,36,6) (34,4,72,6) (44,15,96,6) (25,26,66,6) (81,26,66,6) (13,39,30,6) (59,0,108,6) (53,93,72,6) (65,12,48,6) (25,34,48,6) (52,17,18,6) (91,2,12,6) 
(28,91,24,6) (54,79,96,6) (95,29,78,6) (26,90,90,6) (94,96,30,6) (53,70,66,6) (72,47,78,6) (28,23,12,6) (69,35,84,6) (70,80,54,6) (32,80,84,6) (44,42,54,6) (79,27,126,6) (4,80,84,6) (29,67,30,6) (33,90,60,6) (64,52,72,6) (33,16,48,6) (86,65,120,6) (25,95,6,6) 
(90,76,60,6) (68,19,78,6) (53,87,48,6) (39,77,24,6) (14,57,48,6) (91,33,60,6) (76,96,30,6) (49,52,60,6) (24,94,78,6) (23,17,24,6) (53,0,36,6) (25,71,78,6) (62,3,66,6) (28,43,132,6) (15,18,42,6) (61,53,54,6) (70,20,90,6) (1,68,78,6) (18,49,42,6) (33,75,24,6) 