(63,2,64,8) (70,7,112,8) (22,56,80,8) (25,62,24,8) (55,32,32,8) (90,14,32,8) (25,94,40,8) (82,46,104,8) (43,90,128,8) (54,35,104,8) (74,31,40,8) (25,58,112,8) (73,59,112,8) (83,70,88,8) (13,51,80,8) (87,35,8,8) (93,42,152,8) (54,81,56,8) (42,38,24,8) (19,5,104,8) 
(88,19,48,8) (23,52,24,8) (37,46,88,8) (58,59,120,8) (22,5,48,8) (90,99,80,8) (23,20,96,8) (28,91,80,8) (71,47,40,8) (13,67,160,8) (99,23,112,8) (42,40,16,8) (4,73,16,8) (56,79,80,8) (63,82,72,8) (15,94,56,8) (57,77,96,8) (85,44,72,8) (58,33,56,8) (31,82,144,8) 
(40,31,56,8) (45,88,48,8) (77,14,96,8) (22,17,64,8) (86,29,64,8) (51,13,112,8) (87,4,32,8) (77,53,80,8) (62,3,32,8) (12,39,56,8) (6,11,88,8) (57,30,104,8) (64,18,56,8) (42,69,112,8) (21,16,64,8) (88,79,40,8) (71,74,72,8) (35,51,64,8) (36,49,128,8) (65,6,96,8) 
(39,13,48,8) (25,83,112,8) (89,74,32,8) (83,38,88,8) (79,64,48,8) (86,76,104,8) (75,98,72,8) (91,66,112,8) (8,91,88,8) (21,89,80,8) (2,40,128,8) (81,31,24,8) (24,49,104,8) (50,20,192,8) (33,9,56,8) (16,30,56,8) (94,25,56,8) (98,17,48,8) (0,13,40,8) (72,41,136,8) 
(22,82,64,8) (82,28,112,8) (13,59,88,8) (27,66,136,8) (92,43,72,8) (8,93,104,8) (45,54,72,8) (99,47,64,8) (46,95,24,8) (14,60,16,8) (20,76,88,8) (97,19,144,8) (4,64,128,8) (53,37,72,8) (7,64,24,8) (93,45,40,8) (99,62,144,8) (69,21,8,8) (87,71,144,8) (9,14,88,8) 
(55,60,128,8) (69,35,120,8) (51,29,128,8) (28,0,56,8) (46,13,104,8) (57,34,72,8) (38,80,96,8) (77,75,72,8) (26,13,112,8) (11,92,152,8) (74,22,56,8) (69,58,80,8) (7,20,40,8) (23,84,96,8) (88,99,128,8) (28,41,16,8) (33,25,88,8) (28,53,32,8) (89,23,120,8) (18,15,112,8) 
(82,88,80,8) (62,34,104,8) (85,61,64,8) (11,79,32,8) (45,36,56,8) (92,72,40,8) (82,38,48,8) (80,99,48,8) (35,7,96,8) (20,38,120,8) (11,77,96,8) (10,21,112,8) (43,79,8,8) (95,98,56,8) (35,46,8,8) (78,2,104,8) (32,12,56,8) (97,20,48,8) (65,75,112,8) (56,1,48,8) 
(9,5,72,8) (74,2,144,8) (38,17,88,8) (58,49,120,8) (94,59,152,8) (35,70,40,8) (35,41,96,8) (45,72,80,8) (3,96,40,8) (13,16,40,8) (51,27,152,8) (50,64,32,8) (36,16,72,8) (44,47,56,8) (12,26,80,8) (32,57,112,8) (2,53,120,8) (99,10,32,8) (19,73,96,8) (1,38,8,8) 
(96,62,112,8) (66,13,112,8) (12,81,144,8) (80,78,88,8) (37,68,88,8) (38,37,8,8) (8,6,120,8) (44,53,72,8) (60,73,8,8) (83,67,56,8) (1,55,56,8) (56,12,152,8) (70,6,120,8) (50,27,32,8) (24,93,16,8) (52,47,104,8) (97,82,8,8) (67,49,104,8) (85,73,64,8) (1,44,136,8) 
(49,8,88,8) (12,24,56,8) (85,24,120,8) (91,94,104,8) (78,31,120,8) (18,27,120,8) (64,87,48,8) (86,40,56,8) (13,86,24,8) (42,43,56,8) (63,2,64,8) (27,6,64,8) (44,33,104,8) (15,9,152,8) (41,31,120,8) (63,35,88,8) (46,37,40,8) (66,6,120,8) (44,10,24,8) (5,29,88,8) 
(44,75,128,8) (36,10,72,8) (78,84,88,8) (95,53,32,8) (6,55,96,8) (91,45,152,8) (98,27,104,8) (79,40,136,8) (22,29,80,8) (99,82,16,8) (37,48,144,8) (31,91,56,8) (14,22,104,8) (10,60,120,8) (3,31,8,8) (74,82,64,8) (59,77,96,8) (58,99,8,8) (45,3,112,8) (87,18,88,8) 
(52,93,80,8) (94,85,24,8) (47,38,48,8) (86,90,80,8) (83,58,72,8) (25,80,80,8) (58,13,160,8) (2,83,80,8) (54,5,120,8) (42,37,144,8) (36,25,64,8) (15,3,88,8) (77,58,96,8) (96,63,64,8) (40,17,120,8) (6,87,88,8) (10,39,192,8) (74,58,64,8) (38,63,136,8) (68,97,88,8) 
(72,24,80,8) (40,80,88,8) (41,52,88,8) (45,55,72,8) (87,75,64,8) (42,95,160,8) (50,63,48,8) (8,11,96,8) (5,22,8,8) (28,35,80,8) (76,20,72,8) (60,0,128,8) (81,10,64,8) (26,67,48,8) (19,40,8,8) (12,22,80,8) (76,40,128,8) (54,8,104,8) (87,63,40,8) (69,87,16,8) 
(76,97,40,8) (18,14,72,8) (38,6,104,8) (82,12,136,8) (94,35,32,8) (73,27,144,8) (11,80,136,8) (42,38,64,8) (52,72,80,8) (85,75,80,8) (28,56,96,8) (89,16,104,8) (27,80,56,8) (16,68,136,8) (80,41,144,8) (36,0,184,8) (91,1,128,8) (60,13,24,8) (23,25,72,8) (17,74,160,8) 
(7,31,104,8) (36,95,96,8) (19,37,152,8) (46,81,40,8) (13,21,112,8) (83,27,96,8) (61,35,80,8) (48,56,32,8) (74,60,88,8) (9,6,128,8) (45,89,80,8) (67,71,80,8) (26,62,16,8) (14,69,120,8) (61,22,152,8) (42,61,104,8) (28,59,120,8) (36,56,80,8) (78,71,120,8) (19,10,72,8) 
(45,16,56,8) (31,70,104,8) (46,16,96,8) (83,57,136,8) (41,34,24,8) (14,97,104,8) (19,89,136,8) (75,96,104,8) (12,4,40,8) (48,90,112,8) (7,12,80,8) (1,39,128,8) (78,62,112,8) (16,66,152,8) (11,23,48,8) (75,17,64,8) (49,65,56,8) (22,21,104,8) (17,73,72,8) (77,83,176,8) 
(80,92,128,8) (45,39,104,8) (97,69,88,8) (94,69,48,8) (30,37,128,8) (88,28,112,8) (3,67,80,8) (65,96,40,8) (25,96,40,8) (95,55,64,8) (58,48,48,8) (96,2,64,8) (24,48,40,8) (60,43,16,8) (15,6,80,8) (15,8,72,8) (3,65,128,8) (1,69,24,8) (10,99,32,8) (43,35,104,8) 
(97,80,56,8) (28,7,80,8) (18,22,104,8) (93,4,64,8) (88,4,96,8) (75,43,104,8) (15,4,72,8) (67,60,112,8) (98,10,56,8) (14,74,8,8) (76,18,88,8) (79,5,72,8) (40,51,96,8) (83,78,128,8) (48,23,24,8) (79,22,112,8) (91,4,64,8) (87,49,88,8) (75,12,16,8) (32,27,72,8) 
(6,95,104,8) (17,95,72,8) (66,69,168,8) (12,95,120,8) (71,62,56,8) (50,75,136,8) (7,23,64,8) (52,38,16,8) (95,62,88,8) (98,92,32,8) (14,19,72,8) (20,2,32,8) (94,11,112,8) (74,49,24,8) (68,17,80,8) (20,33,96,8) (26,36,48,8) (69,0,88,8) (86,57,32,8) (80,32,72,8) 
(61,85,136,8) (77,28,80,8) (39,9,64,8) (32,91,112,8) (30,99,88,8) (1,79,96,8) (49,21,104,8) (6,26,40,8) (26,28,104,8) (24,43,136,8) (63,77,96,8) (58,18,40,8) (88,39,72,8) (13,82,72,8) (20,43,72,8) (87,50,32,8) (66,47,120,8) (7,35,24,8) (98,14,64,8) (2,81,16,8) 
(98,93,96,8) (84,68,128,8) (13,41,88,8) (97,82,80,8) (96,55,80,8) (28,4,56,8) (23,29,96,8) (25,73,40,8) (59,97,112,8) (95,32,104,8) (93,62,96,8) (53,41,56,8) (12,55,104,8) (94,51,80,8) (15,90,24,8) (75,38,136,8) (12,22,48,8) (73,50,72,8) (4,77,56,8) (60,26,64,8) 
(54,50,48,8) (81,11,72,8) (2,77,120,8) (98,10,120,8) (43,63,112,8) (19,39,56,8) (30,40,128,8) (8,32,88,8) (81,60,88,8) (0,31,88,8) (99,23,80,8) (75,12,128,8) (8,70,88,8) (2,60,48,8) (16,36,96,8) (95,32,96,8) (3,13,104,8) (40,89,112,8) (34,10,48,8) (30,78,72,8) 
(42,39,144,8) (26,80,80,8) (29,0,96,8) (83,64,48,8) (32,85,64,8) (59,70,112,8) (30,6,80,8) (14,44,48,8) (42,97,40,8) (4,94,96,8) (5,9,48,8) (95,99,64,8) (43,5,104,8) (86,65,152,8) (49,94,104,8) (98,33,96,8) (37,7,104,8) (55,78,64,8) (13,53,64,8) (85,74,104,8) 
(1,0,104,8) (52,85,40,8) (36,28,56,8) (11,77,16,8) (28,91,136,8) (52,6,8,8) (97,41,160,8) (68,17,8,8) (6,26,56,8) (55,16,128,8) (36,7,80,8) (82,11,80,8) (10,12,136,8) (16,62,96,8) (27,82,24,8) (42,69,136,8) (61,10,16,8) (74,89,104,8) (43,69,96,8) (44,97,56,8) 
(83,49,32,8) (5,86,8,8) (97,5,88,8) (57,72,40,8) (28,10,112,8) (40,0,120,8) (48,82,112,8) (86,38,24,8) (5,58,80,8) (69,92,112,8) (56,14,80,8) (32,19,136,8) (2,97,72,8) (79,46,56,8) (17,65,32,8) (44,0,40,8) (44,94,24,8) (33,47,80,8) (97,49,16,8) (87,78,144,8) 
(79,26,80,8) (81,46,128,8) (57,76,72,8) (18,67,48,8) (12,31,72,8) (85,50,160,8) (99,37,16,8) (35,69,40,8) (24,67,48,8) (40,38,56,8) (69,24,48,8) (56,94,136,8) (1,75,48,8) (67,80,176,8) (89,29,104,8) (33,37,96,8) (68,71,56,8) (85,16,88,8) (12,28,144,8) (40,89,96,8) 
(95,78,120,8) (82,97,128,8) (50,72,80,8) (19,20,120,8) (50,12,64,8) (74,66,104,8) (83,98,40,8) (71,63,104,8) (69,94,72,8) (74,57,136,8) (84,93,104,8) (42,34,96,8) (82,60,104,8) (85,23,40,8) (67,29,120,8) (80,1,80,8) (45,62,56,8) (27,38,48,8) (64,66,96,8) (16,55,32,8) 
(63,34,168,8) (6,47,80,8) (20,96,152,8) (59,33,80,8) (61,44,120,8) (29,62,48,8) (54,59,104,8) (49,65,80,8) (85,18,40,8) (22,74,32,8) (94,77,80,8) (47,88,40,8) (46,51,64,8) (39,7,120,8) (86,99,88,8) (72,74,96,8) (54,81,112,8) (41,22,64,8) (5,90,96,8) (64,97,24,8) 
(89,78,96,8) (68,99,64,8) (69,39,120,8) (78,82,104,8) (73,53,56,8) (73,5,64,8) (33,37,40,8) (82,88,136,8) (93,92,72,8) (12,67,192,8) (45,85,104,8) (64,99,32,8) (17,66,56,8) (66,68,120,8) (86,89,40,8) (50,25,152,8) (35,38,56,8) (74,96,152,8) (61,74,128,8) (41,60,128,8) 
(88,59,72,8) (38,72,64,8) (92,18,144,8) (41,49,80,8) (48,25,120,8) (15,95,136,8) (9,40,104,8) (68,71,136,8) (88,69,112,8) (93,17,104,8) (63,74,72,8) (40,35,184,8) (64,67,152,8) (66,93,144,8) (74,91,72,8) (1,95,56,8) (60,1,96,8) (45,74,120,8) (96,30,112,8) (49,46,112,8) 
(43,18,48,8) (33,90,40,8) (27,64,88,8) (66,39,56,8) (42,10,136,8) (96,49,16,8) (78,73,64,8) (86,79,72,8) (47,91,24,8) (45,56,120,8) (66,51,104,8) (21,85,48,8) (64,80,40,8) (86,63,152,8) (47,17,64,8) (21,13,152,8) (82,62,32,8) (14,39,64,8) (51,96,104,8) (0,95,8,8) 
(77,11,48,8) (16,90,64,8) (7,95,64,8) (86,57,72,8) (29,13,56,8) (68,81,96,8) (51,93,104,8) (27,6,88,8) (30,96,56,8) (26,4,152,8) (70,93,104,8) (96,21,80,8) (15,48,48,8) (31,9,96,8) (91,98,24,8) (97,83,104,8) (98,15,120,8) (61,69,104,8) (97,4,72,8) (77,17,72,8) 
(29,89,40,8) (87,41,144,8) (74,12,96,8) (52,28,152,8) (28,93,64,8) (82,18,104,8) (77,59,72,8) (30,17,96,8) (53,54,72,8) (65,28,128,8) (2,74,112,8) (19,71,56,8) (13,96,16,8) (39,47,104,8) (3,62,48,8) (56,26,88,8) (96,30,48,8) (49,45,24,8) (51,72,32,8) (47,99,80,8) 
(83,14,104,8) (0,79,80,8) (43,78,88,8) (84,35,32,8) (42,3,72,8) (76,34,88,8) (78,62,72,8) (89,95,80,8) (11,13,152,8) (23,48,64,8) (25,82,96,8) (3,10,96,8) (90,69,56,8) (42,8,40,8) (53,74,48,8) (52,92,144,8) (67,12,40,8) (50,46,72,8) (2,40,104,8) (73,72,88,8) 
(78,55,104,8) (96,57,96,8) (50,42,96,8) (76,56,32,8) (85,31,72,8) (66,71,48,8) (72,38,64,8) (42,69,80,8) (73,12,88,8) (97,50,56,8) (79,58,88,8) (46,14,32,8) (96,18,104,8) (26,29,80,8) (99,90,72,8) (74,44,64,8) (75,7,120,8) (44,92,72,8) (69,70,120,8) (40,30,104,8) 
(25,85,168,8) (6,68,128,8) (2,12,32,8) (31,12,64,8) (99,39,104,8) (1,67,88,8) (87,35,112,8) (34,22,80,8) (44,2,72,8) (72,45,128,8) (19,24,56,8) (12,57,16,8) (17,51,120,8) (48,30,72,8) (38,63,80,8) (96,6,152,8) (37,74,64,8) (68,17,96,8) (99,66,88,8) (66,30,16,8) 
(27,2,80,8) (21,4,72,8) (45,10,72,8) (81,39,120,8) (84,58,88,8) (0,50,112,8) (45,12,144,8) (63,61,144,8) (21,70,128,8) (8,49,104,8) (14,76,80,8) (39,7,88,8) (12,70,112,8) (60,49,48,8) (99,10,48,8) (37,65,56,8) (1,97,88,8) (2,47,40,8) (86,33,128,8) (85,6,72,8) 
(87,71,144,8) (68,83,64,8) (35,76,88,8) (95,46,88,8) (2,67,16,8) (34,35,64,8) (82,96,120,8) (4,93,144,8) (5,53,64,8) (24,85,128,8) (25,15,80,8) (6,17,88,8) (32,93,128,8) (67,88,88,8) (63,4,80,8) (85,84,56,8) (43,8,112,8) (67,76,112,8) (62,93,96,8) (76,78,24,8) 
(95,78,64,8) (81,23,88,8) (44,43,152,8) (23,44,32,8) (17,50,80,8) (69,40,8,8) (64,17,72,8) (39,50,32,8) (72,35,16,8) (83,69,48,8) (66,98,56,8) (85,73,56,8) (21,36,88,8) (69,73,104,8) (31,21,64,8) (68,69,112,8) (52,41,96,8) (67,34,88,8) (22,1,8,8) (32,2,88,8) 
(98,77,104,8) (30,33,144,8) (86,91,32,8) (54,96,136,8) (87,73,72,8) (23,6,16,8) (77,78,168,8) (61,46,136,8) (44,79,168,8) (42,37,16,8) (88,68,24,8) (55,46,80,8) (48,76,136,8) (91,59,104,8) (76,11,80,8) (10,27,8,8) (51,5,64,8) (45,69,48,8) (20,81,40,8) (21,84,40,8) 
(42,24,40,8) (7,63,32,8) (81,59,112,8) (21,91,40,8) (82,91,96,8) (49,48,120,8) (81,0,112,8) (47,6,96,8) (8,54,80,8) (65,29,64,8) (0,10,40,8) (62,83,72,8) (45,35,128,8) (53,71,88,8) (13,75,56,8) (25,48,40,8) (57,52,64,8) (91,75,24,8) (67,51,80,8) (48,2,56,8) 
(15,61,32,8) (90,24,112,8) (29,97,72,8) (87,72,40,8) (18,67,144,8) (88,86,56,8) (11,62,96,8) (69,37,120,8) (1,31,48,8) (53,89,120,8) (27,10,144,8) (97,8,104,8) (32,82,88,8) (29,7,96,8) (55,97,152,8) (28,85,112,8) (22,23,32,8) (70,10,112,8) (21,61,64,8) (43,6,56,8) 
(85,47,96,8) (77,86,128,8) (49,86,136,8) (28,37,88,8) (64,16,48,8) (34,57,80,8) (44,49,24,8) (34,37,72,8) (13,99,152,8) (63,94,64,8) (44,46,88,8) (98,79,72,8) (48,55,48,8) (82,24,16,8) (17,21,88,8) (43,76,96,8) (0,9,24,8) (85,79,128,8) (78,0,80,8) (93,40,24,8) 
(70,60,56,8) (86,71,112,8) (35,27,64,8) (86,0,120,8) (58,55,64,8) (21,86,32,8) (24,70,88,8) (34,61,72,8) (41,72,144,8) (58,85,144,8) (15,76,80,8) (69,28,176,8) (42,12,32,8) (16,90,104,8) (35,6,88,8) (41,56,16,8) (80,34,64,8) (77,81,40,8) (76,41,24,8) (2,54,88,8) 
(20,1,120,8) (91,11,48,8) (94,63,64,8) (17,58,136,8) (85,83,104,8) (5,84,112,8) (38,1,112,8) (90,6,56,8) (58,32,16,8) (89,4,80,8) (97,42,80,8) (24,94,72,8) (65,64,72,8) (26,77,120,8) (69,10,72,8) (54,98,88,8) (21,38,8,8) (93,43,80,8) (3,12,112,8) (24,40,72,8) 
(71,43,72,8) (76,62,72,8) (57,12,56,8) (10,14,56,8) (34,56,88,8) (46,77,136,8) (15,41,32,8) (90,81,96,8) (82,74,112,8) (49,38,8,8) (21,63,48,8) (2,65,40,8) (35,65,152,8) (76,21,72,8) (36,50,56,8) (64,90,120,8) (55,56,80,8) (36,37,56,8) (55,66,88,8) (81,86,120,8) 
(59,42,32,8) (49,79,88,8) (82,59,96,8) (49,94,72,8) (25,83,72,8) (5,67,56,8) (44,70,80,8) (66,81,48,8) (84,31,96,8) (13,22,88,8) (87,28,72,8) (93,74,112,8) (7,21,48,8) (96,28,72,8) (7,42,104,8) (93,65,40,8) (64,5,88,8) (85,48,104,8) (51,10,40,8) (18,3,112,8) 
(97,81,80,8) (95,13,88,8) (81,23,64,8) (56,17,120,8) (12,49,96,8) (13,70,176,8) (47,29,104,8) (76,66,136,8) (57,30,64,8) (68,14,152,8) (52,94,64,8) (72,31,104,8) (86,65,56,8) (10,64,64,8) (61,26,128,8) (5,88,128,8) (22,60,112,8) (20,44,72,8) (94,67,120,8) (93,35,48,8) 
(32,13,136,8) (60,43,112,8) (39,60,104,8) (76,13,112,8) (59,12,8,8) (61,68,64,8) (42,95,96,8) (87,53,144,8) (65,27,80,8) (90,55,48,8) (22,3,72,8) (16,29,40,8) (62,31,88,8) (34,25,72,8) (42,75,16,8) (72,14,40,8) (66,48,56,8) (67,53,88,8) (8,38,104,8) (52,7,32,8) 
(22,53,64,8) (44,50,64,8) (79,15,72,8) (76,12,144,8) (61,25,64,8) (72,42,160,8) (54,77,112,8) (91,0,96,8) (17,62,136,8) (17,51,96,8) (45,32,80,8) (55,76,48,8) (82,62,24,8) (57,25,128,8) (2,96,72,8) (26,68,64,8) (13,81,72,8) (1,72,72,8) (31,72,128,8) (83,67,48,8) 
(67,97,56,8) (13,42,104,8) (80,85,144,8) (1,82,120,8) (88,26,72,8) (5,81,80,8) (38,64,160,8) (0,44,104,8) (41,5,8,8) (98,68,56,8) (61,16,72,8) (9,89,120,8) (84,83,128,8) (19,87,88,8) (9,13,136,8) (70,9,88,8) (32,75,48,8) (15,39,56,8) (93,47,64,8) (71,72,96,8) 
(62,64,192,8) (15,38,16,8) (73,50,40,8) (99,56,120,8) (47,69,184,8) (3,52,88,8) (3,26,120,8) (59,48,56,8) (47,94,40,8) (83,37,80,8) (2,75,56,8) (50,22,48,8) (59,4,80,8) (6,10,128,8) (15,32,56,8) (52,54,48,8) (43,82,88,8) (99,80,120,8) (60,74,104,8) (48,36,136,8) 
(95,97,128,8) (91,15,80,8) (76,41,80,8) (85,70,40,8) (20,16,56,8) (12,35,112,8) (48,41,80,8) (28,24,104,8) (15,27,72,8) (72,65,96,8) (67,40,80,8) (45,22,8,8) (57,60,64,8) (68,38,48,8) (98,16,88,8) (95,22,96,8) (23,26,88,8) (43,58,72,8) (1,79,144,8) (29,36,56,8) 
(55,5,40,8) (75,11,192,8) (96,93,104,8) (82,40,120,8) (37,9,176,8) (41,96,80,8) (43,12,40,8) (33,64,136,8) (62,16,24,8) (54,32,32,8) (27,4,56,8) (35,2,64,8) (13,34,24,8) (16,78,112,8) (96,10,16,8) (78,28,64,8) (31,77,40,8) (22,61,64,8) (43,76,48,8) (13,75,176,8) 
(72,82,56,8) (81,51,80,8) (34,53,64,8) (73,84,112,8) (48,21,24,8) (30,77,72,8) (14,11,8,8) (88,40,32,8) (34,71,104,8) (68,32,64,8) (16,87,56,8) (1,72,112,8) (36,92,64,8) (7,50,96,8) (92,81,40,8) (47,40,192,8) (78,11,56,8) (58,81,16,8) (51,24,64,8) (12,48,40,8) 
(45,17,104,8) (15,28,96,8) (48,87,56,8) (87,68,72,8) (46,76,120,8) (95,17,104,8) (64,53,96,8) (56,20,88,8) (79,62,160,8) (22,91,128,8) (16,39,64,8) (93,50,128,8) (10,13,88,8) (36,14,112,8) (33,56,120,8) (84,45,96,8) (30,36,120,8) (14,65,120,8) (80,54,16,8) (48,94,16,8) 
(83,29,96,8) (39,30,40,8) (63,72,8,8) (75,44,32,8) (58,10,48,8) (63,38,96,8) (28,3,72,8) (69,48,104,8) (75,62,64,8) (89,28,56,8) (28,6,120,8) (47,20,88,8) (1,13,104,8) (51,98,152,8) (38,96,144,8) (0,94,24,8) (62,69,112,8) (41,18,144,8) (38,45,96,8) (22,0,80,8) 
(41,29,40,8) (96,47,72,8) (24,79,56,8) (52,91,136,8) (3,1,112,8) (9,43,88,8) (12,88,72,8) (3,84,96,8) (50,14,48,8) (80,41,96,8) (17,14,120,8) (37,87,32,8) (66,13,24,8) (43,40,72,8) (11,6,112,8) (25,19,96,8) (56,39,96,8) (0,2,24,8) (14,87,64,8) (12,97,112,8) 
(23,67,152,8) (81,23,56,8) (4,96,72,8) (49,38,80,8) (51,0,128,8) (90,67,96,8) (75,38,120,8) (10,28,120,8) (26,55,48,8) (38,14,112,8) (64,21,120,8) (58,75,128,8) (28,35,128,8) (99,30,136,8) (36,43,136,8) (32,49,56,8) (86,92,80,8) (38,94,56,8) (23,56,80,8) (78,98,80,8) 
(19,88,104,8) (73,32,64,8) (20,50,104,8) (16,28,104,8) (54,96,72,8) (24,8,112,8) (32,42,48,8) (74,17,56,8) (89,38,152,8) (70,39,72,8) (69,29,112,8) (16,38,96,8) (84,1,152,8) (56,9,64,8) (26,53,24,8) (90,55,144,8) (13,68,80,8) (66,90,72,8) (58,47,80,8) (66,80,80,8) 
(45,88,104,8) (92,75,24,8) (40,21,56,8) (68,78,40,8) (15,34,80,8) (82,1,88,8) (27,43,72,8) (34,84,80,8) (53,78,24,8) (31,77,128,8) (10,34,64,8) (3,22,32,8) (33,7,88,8) (78,20,72,8) (5,78,96,8) (54,62,128,8) (40,38,96,8) (6,23,64,8) (74,53,80,8) (67,54,88,8) 
(44,85,24,8) (53,90,64,8) (44,89,40,8) (10,35,128,8) (16,76,104,8) (36,79,88,8) (47,46,136,8) (13,64,144,8) (81,95,104,8) (91,80,88,8) (20,14,96,8) (55,93,96,8) (13,37,104,8) (77,88,104,8) (76,5,80,8) (57,76,64,8) (52,71,16,8) (27,95,32,8) (52,73,80,8) (11,28,96,8) 
(54,99,64,8) (26,67,72,8) (97,57,88,8) (94,20,128,8) (46,6,96,8) (85,90,128,8) (21,89,40,8) (5,31,128,8) (28,45,64,8) (61,32,48,8) (39,57,64,8) (2,32,208,8) (80,23,120,8) (84,16,72,8) (46,2,88,8) (54,64,32,8) (57,22,72,8) (15,52,72,8) (49,7,64,8) (57,55,24,8) 
(14,20,32,8) (77,45,32,8) (90,48,80,8) (61,44,64,8) (20,0,136,8) (52,61,32,8) (74,9,104,8) (56,85,80,8) (87,98,64,8) (49,9,80,8) (1,98,56,8) (24,86,88,8) (66,20,72,8) (72,86,48,8) (11,58,48,8) (87,96,88,8) (7,63,144,8) (96,70,120,8) (47,41,112,8) (1,96,88,8) 
(59,19,144,8) (95,94,32,8) (97,50,72,8) (10,97,112,8) (69,53,56,8) (73,23,56,8) (83,25,72,8) (82,96,80,8) (58,24,48,8) (8,78,72,8) (76,15,128,8) (52,62,96,8) (27,74,120,8) (48,70,48,8) (39,63,16,8) (37,7,72,8) (21,87,48,8) (36,96,16,8) (74,90,104,8) (12,4,168,8) 
(61,36,80,8) (26,60,88,8) (32,95,160,8) (13,67,96,8) (16,14,48,8) (52,62,104,8) (7,36,64,8) (88,57,96,8) (89,22,56,8) (22,54,80,8) (0,46,24,8) (61,70,96,8) (66,89,40,8) (75,61,64,8) (58,99,136,8) (49,41,64,8) (90,40,144,8) (56,23,40,8) (5,4,80,8) (56,75,104,8) 
(87,57,48,8) (64,89,80,8) (68,88,40,8) (20,89,104,8) (87,65,144,8) (83,69,56,8) (7,54,80,8) (85,89,152,8) (52,42,104,8) (60,52,96,8) (2,8,80,8) (89,77,128,8) (15,18,128,8) (46,56,96,8) (85,51,88,8) (29,61,56,8) (84,68,168,8) (58,51,72,8) (64,59,136,8) (0,3,104,8) 
(93,71,72,8) (71,65,80,8) (19,57,104,8) (61,1,64,8) (94,37,8,8) (50,81,64,8) (82,93,56,8) (59,36,72,8) (84,24,144,8) (71,75,72,8) (34,86,96,8) (69,46,136,8) (12,87,72,8) (51,16,128,8) (89,94,48,8) (29,93,104,8) (36,90,64,8) (4,8,120,8) (3,94,112,8) (87,42,160,8) 
(83,74,136,8) (15,59,88,8) (51,72,24,8) (19,30,88,8) (59,89,176,8) (87,14,72,8) (88,91,112,8) (9,67,72,8) (47,0,120,8) (29,80,136,8) (26,38,104,8) (29,56,104,8) (6,46,88,8) (1,76,96,8) (82,44,64,8) (91,54,24,8) (50,88,64,8) (87,86,88,8) (82,95,8,8) (40,91,120,8) 
(68,59,160,8) (43,55,56,8) (48,42,112,8) (97,17,88,8) (49,38,104,8) (65,55,56,8) (25,72,120,8) (31,39,40,8) (5,32,64,8) (14,45,72,8) (62,78,104,8) (96,27,168,8) (33,10,144,8) (48,45,72,8) (62,42,88,8) (17,93,112,8) (62,90,112,8) (11,52,72,8) (28,63,72,8) (70,62,120,8) 
(41,33,72,8) (79,55,184,8) (8,9,56,8) (2,70,24,8) (69,34,32,8) (70,85,144,8) (31,62,48,8) (72,68,40,8) (12,3,136,8) (21,23,96,8) (29,86,64,8) (95,28,112,8) (72,9,72,8) (82,80,40,8) (94,44,200,8) (30,70,96,8) (13,5,112,8) (44,91,16,8) (76,69,136,8) (61,23,48,8) 
(61,49,16,8) (3,26,128,8) (95,61,144,8) (78,37,88,8) (9,86,152,8) (80,41,48,8) (26,75,96,8) (92,83,48,8) (87,61,72,8) (49,62,56,8) (35,88,96,8) (36,65,56,8) (39,55,88,8) (24,66,128,8) (10,70,112,8) (51,76,80,8) (75,80,64,8) (29,47,72,8) (60,7,32,8) (31,58,88,8) 
(34,86,48,8) (38,79,112,8) (20,7,64,8) (2,37,104,8) (9,8,56,8) (47,46,40,8) (97,1,104,8) (83,28,40,8) (6,35,112,8) (25,42,88,8) (45,53,40,8) (38,48,48,8) (54,7,56,8) (92,3,96,8) (22,2,96,8) (4,88,56,8) (83,94,56,8) (25,24,96,8) (17,48,56,8) (27,11,24,8) 
(61,9,16,8) (54,38,72,8) (93,98,112,8) (70,20,80,8) (71,49,112,8) (87,14,128,8) (6,28,64,8) (43,35,88,8) (8,81,80,8) (48,36,104,8) (21,41,56,8) (17,21,8,8) (32,14,56,8) (3,35,88,8) (34,98,40,8) (34,25,120,8) (51,66,128,8) (85,71,16,8) (25,55,88,8) (68,46,72,8) 
(76,80,104,8) (27,24,40,8) (82,55,56,8) (8,6,80,8) (57,66,96,8) (54,80,48,8) (73,14,40,8) (41,46,56,8) (51,54,104,8) (9,85,96,8) (61,91,104,8) (30,1,136,8) (78,28,48,8) (69,19,112,8) (65,3,48,8) (23,49,24,8) (91,0,72,8) (30,82,160,8) (34,30,80,8) (12,28,32,8) 
(54,19,112,8) (18,60,80,8) (35,31,96,8) (61,64,24,8) (33,5,72,8) (60,1,112,8) (54,89,120,8) (37,44,160,8) (77,73,48,8) (87,41,64,8) (4,2,72,8) (52,25,144,8) (2,48,56,8) (2,64,48,8) (15,70,136,8) (36,66,96,8) (93,5,56,8) (51,56,80,8) (49,50,88,8) (9,82,64,8) 
(20,47,24,8) (83,69,88,8) (50,26,8,8) (9,3,56,8) (86,57,88,8) (23,55,152,8) (43,69,144,8) (17,24,56,8) (11,83,128,8) (91,81,48,8) (40,61,32,8) (73,77,144,8) (88,99,40,8) (23,74,56,8) (71,23,88,8) (31,69,136,8) (62,27,80,8) (35,69,96,8) (39,5,56,8) (47,65,56,8) 
(92,40,40,8) (27,94,128,8) (4,53,80,8) (64,46,104,8) (48,63,136,8) (75,37,144,8) (0,76,120,8) (91,37,128,8) (1,79,24,8) (22,62,88,8) (78,57,72,8) (14,66,72,8) (54,2,8,8) (44,0,56,8) (73,12,104,8) (42,85,80,8) (85,8,56,8) (38,37,112,8) (50,57,168,8) (42,66,72,8) 
(30,18,120,8) (22,63,80,8) (23,12,32,8) (51,96,64,8) (3,73,40,8) (78,29,120,8) (87,85,40,8) (27,52,136,8) (60,6,136,8) (5,69,8,8) (72,97,72,8) (69,95,56,8) (61,2,120,8) (29,22,96,8) (65,51,72,8) (91,61,96,8) (57,37,136,8) (77,71,88,8) (24,56,184,8) (40,64,144,8) 
(58,44,112,8) (41,45,40,8) (8,63,8,8) (8,45,168,8) (73,64,104,8) (61,80,128,8) (1,44,72,8) (55,41,104,8) (27,87,48,8) (40,33,112,8) (34,52,48,8) (17,28,64,8) (97,13,64,8) (26,42,24,8) (94,24,104,8) (83,10,80,8) (30,41,8,8) (59,98,16,8) (72,8,96,8) (90,85,144,8) 
(5,78,72,8) (39,86,24,8) (65,34,72,8) (3,73,48,8) (25,35,48,8) (73,11,96,8) (36,61,16,8) (95,11,112,8) (99,56,88,8) (42,24,104,8) (42,4,80,8) (45,71,136,8) (15,88,48,8) (92,96,136,8) (93,16,72,8) (63,21,120,8) (11,65,88,8) (47,10,16,8) (49,51,144,8) (52,0,112,8) 
(54,33,40,8) (32,90,144,8) (3,39,144,8) (0,18,24,8) (77,97,48,8) (96,62,96,8) (24,7,136,8) (96,91,32,8) (30,13,64,8) (44,79,88,8) (40,98,24,8) (22,44,128,8) (51,99,56,8) (42,77,88,8) (64,18,56,8) (69,20,64,8) (60,4,80,8) (57,87,64,8) (48,32,80,8) (64,10,16,8) 
(17,95,56,8) (15,19,40,8) (38,39,104,8) (20,70,80,8) (97,31,96,8) (39,63,128,8) (73,75,8,8) (63,12,112,8) (0,48,96,8) (67,32,32,8) (89,97,80,8) (62,87,72,8) (58,42,144,8) (4,91,136,8) (31,55,64,8) (94,16,8,8) (3,67,40,8) (21,60,120,8) (54,6,104,8) (80,10,40,8) 
(59,12,40,8) (60,18,56,8) (73,89,72,8) (66,27,80,8) (50,14,40,8) (68,97,96,8) (17,37,72,8) (93,86,40,8) (80,52,144,8) (22,8,128,8) (12,94,40,8) (27,17,64,8) (95,96,120,8) (30,97,72,8) (61,43,120,8) (70,97,88,8) (22,84,56,8) (72,58,88,8) (36,35,64,8) (41,22,88,8) 
(85,82,80,8) (70,34,24,8) (90,84,64,8) (84,95,136,8) (19,91,72,8) (17,19,80,8) (38,29,144,8) (61,37,184,8) (64,12,48,8) (46,30,64,8) (40,18,16,8) (61,80,96,8) (97,95,80,8) (8,55,120,8) (83,60,104,8) (98,77,112,8) (90,95,40,8) (10,50,96,8) (88,23,64,8) (81,90,88,8) 
(12,92,56,8) (53,62,32,8) (66,61,128,8) (44,68,88,8) (90,23,48,8) (3,64,64,8) (67,30,24,8) (25,39,168,8) (17,93,80,8) (46,88,80,8) (81,4,104,8) (70,50,80,8) (73,35,152,8) (8,52,80,8) (86,43,72,8) (69,37,104,8) (69,41,24,8) (95,59,64,8) (27,74,88,8) (81,36,64,8) 
(3,0,32,8) (75,49,64,8) (87,30,72,8) (33,80,72,8) (11,83,144,8) (39,2,104,8) (60,45,112,8) (51,98,32,8) (51,93,32,8) (25,13,88,8) (93,54,56,8) (57,19,48,8) (39,60,16,8) (1,38,184,8) (75,89,128,8) (93,85,80,8) (20,37,48,8) (39,97,88,8) (1,98,112,8) (26,99,48,8) 
(29,59,72,8) (89,25,32,8) (86,21,48,8) (93,53,64,8) (2,61,72,8) (61,87,64,8) (28,76,104,8) (26,49,72,8) (58,36,72,8) (84,94,64,8) (52,86,40,8) (78,98,96,8) (91,99,104,8) (82,31,56,8) (62,19,96,8) (24,54,56,8) (4,26,40,8) (88,79,128,8) (93,17,80,8) (12,4,136,8) 
(9,58,80,8) (78,51,80,8) (84,47,128,8) (86,11,56,8) (56,88,136,8) (84,65,112,8) (7,41,96,8) (73,77,96,8) (27,90,48,8) (21,68,104,8) (36,91,48,8) (32,36,104,8) (25,7,112,8) (17,2,144,8) (63,59,112,8) (79,63,152,8) (42,85,24,8) (5,86,128,8) (40,4,72,8) (95,85,56,8) 
(60,97,40,8) (52,69,88,8) (68,97,64,8) (42,14,144,8) (47,99,40,8) (85,43,96,8) (8,91,184,8) (54,59,112,8) (5,41,64,8) (96,3,128,8) (10,62,104,8) (83,36,96,8) (44,8,64,8) (85,4,80,8) (46,76,176,8) (42,63,32,8) (95,67,80,8) (90,5,24,8) (70,78,88,8) (24,70,96,8) 
(64,20,144,8) (62,2,168,8) (90,14,80,8) (1,21,96,8) (25,91,56,8) (55,59,112,8) (43,95,128,8) (16,13,120,8) (11,97,72,8) (90,69,88,8) (9,66,64,8) (78,69,128,8) (64,15,64,8) (88,73,88,8) (37,70,72,8) (39,44,168,8) (81,93,72,8) (98,20,112,8) (44,49,72,8) (71,97,56,8) 
(34,86,64,8) (56,81,72,8) (49,99,64,8) (3,77,112,8) (22,63,8,8) (19,32,144,8) (20,17,48,8) (56,23,136,8) (37,68,80,8) (56,78,80,8) (11,75,80,8) (78,69,80,8) (15,60,64,8) (59,15,72,8) (28,86,72,8) (62,58,72,8) (85,73,56,8) (26,5,88,8) (7,36,96,8) (66,53,40,8) 
(41,67,112,8) (86,54,32,8) (7,84,80,8) (80,14,56,8) (17,15,16,8) (14,49,64,8) (49,74,168,8) (25,59,160,8) (25,32,80,8) (2,46,104,8) (38,78,184,8) (42,20,96,8) (10,45,96,8) (62,22,120,8) (92,11,24,8) (2,77,176,8) (74,33,64,8) (8,62,104,8) (76,57,112,8) (40,48,120,8) 
(81,38,56,8) (67,20,40,8) (14,65,72,8) (59,25,24,8) (78,11,112,8) (3,84,56,8) (97,44,112,8) (3,51,96,8) (38,5,136,8) (47,14,64,8) (24,31,112,8) (95,17,8,8) (16,87,72,8) (31,53,112,8) (27,79,48,8) (12,87,40,8) (61,29,128,8) (43,32,128,8) (14,16,112,8) (74,23,72,8) 
(66,17,72,8) (25,94,24,8) (95,41,112,8) (1,30,136,8) (18,71,104,8) (46,88,56,8) (60,98,96,8) (49,94,128,8) (71,35,56,8) (49,19,72,8) (1,49,56,8) (59,2,56,8) (43,57,88,8) (46,54,56,8) (99,30,32,8) (34,39,80,8) (79,45,56,8) (86,15,72,8) (72,92,104,8) (35,42,24,8) 
(15,65,144,8) (19,41,104,8) (38,90,104,8) (93,23,72,8) (62,81,48,8) (70,48,144,8) (46,23,40,8) (5,54,88,8) (18,12,88,8) (63,68,40,8) (97,2,64,8) (48,86,72,8) (41,43,80,8) (51,42,64,8) (72,61,16,8) (82,40,128,8) (39,45,48,8) (29,3,80,8) (58,94,88,8) (8,83,128,8) 
(46,98,24,8) (67,3,24,8) (47,17,56,8) (66,46,72,8) (37,1,80,8) (74,50,64,8) (40,96,160,8) (49,58,120,8) (43,60,88,8) (46,69,112,8) (45,25,56,8) (22,55,80,8) (87,67,160,8) (78,29,72,8) (90,49,112,8) (25,54,152,8) (33,77,16,8) (89,65,64,8) (6,11,80,8) (78,65,24,8) 
(0,33,128,8) (92,3,136,8) (34,30,96,8) (1,20,88,8) (61,91,136,8) (36,66,40,8) (24,62,48,8) (4,83,168,8) (32,9,80,8) (16,36,40,8) (52,3,72,8) (13,59,120,8) (71,3,80,8) (24,32,64,8) (87,15,72,8) (22,37,56,8) (69,43,96,8) (84,36,24,8) (78,96,64,8) (53,13,144,8) 
(98,9,80,8) (82,37,32,8) (78,68,88,8) (2,29,40,8) (53,5,64,8) (55,12,80,8) (71,94,80,8) (19,85,104,8) (10,2,80,8) (29,10,128,8) (50,29,112,8) (66,12,16,8) (86,45,88,8) (56,47,48,8) (60,76,96,8) (6,65,40,8) (62,31,32,8) (57,80,64,8) (75,3,104,8) (78,80,16,8) 
(32,57,32,8) (43,28,40,8) (34,94,96,8) (57,3,104,8) (9,64,80,8) (30,68,192,8) (34,30,112,8) (52,16,48,8) (71,30,80,8) (44,99,104,8) (72,27,104,8) (18,33,40,8) (53,16,32,8) (3,75,72,8) (27,65,136,8) (53,13,104,8) (35,41,56,8) (49,95,32,8) (28,89,104,8) (94,33,24,8) 