(11,48,120,10) (47,55,80,10) (93,89,70,10) (13,35,90,10) (35,92,70,10) (23,91,90,10) (67,95,140,10) (89,64,110,10) (12,9,130,10) (84,43,120,10) (15,50,10,10) (83,94,60,10) (96,83,170,10) (37,75,140,10) (64,13,200,10) (48,41,120,10) (17,72,110,10) (15,23,130,10) (66,99,110,10) (43,87,140,10) 
(90,14,90,10) (72,49,40,10) (13,45,90,10) (33,25,170,10) (24,45,70,10) (11,95,50,10) (44,25,60,10) (49,16,160,10) (65,38,60,10) (54,68,60,10) (56,38,90,10) (98,3,90,10) (30,12,110,10) (67,64,80,10) (52,3,20,10) (57,37,140,10) (34,74,70,10) (79,25,70,10) (35,24,150,10) (6,24,10,10) 
(21,12,70,10) (30,87,60,10) (3,38,150,10) (90,89,110,10) (18,54,60,10) (56,53,90,10) (74,22,100,10) (38,66,120,10) (37,84,130,10) (29,56,20,10) (6,29,100,10) (12,80,80,10) (20,28,130,10) (31,29,60,10) (19,58,70,10) (77,45,120,10) (4,67,90,10) (28,67,90,10) (69,80,80,10) (58,82,60,10) 
(57,12,130,10) (91,85,40,10) (15,1,90,10) (41,80,90,10) (68,86,10,10) (13,65,80,10) (55,71,30,10) (44,83,60,10) (89,28,180,10) (59,25,20,10) (4,5,80,10) (83,9,10,10) (84,3,50,10) (99,19,110,10) (8,26,190,10) (52,3,170,10) (49,6,70,10) (29,57,130,10) (38,96,130,10) (47,86,130,10) 
(53,69,30,10) (42,38,130,10) (87,79,130,10) (99,27,30,10) (70,59,120,10) (1,36,130,10) (55,50,20,10) (81,27,130,10) (38,57,130,10) (54,90,50,10) (83,64,120,10) (10,96,110,10) (59,3,120,10) (51,9,150,10) (82,85,70,10) (62,51,40,10) (90,81,130,10) (93,16,150,10) (39,59,100,10) (9,64,160,10) 
(16,23,90,10) (17,89,90,10) (55,5,80,10) (23,13,90,10) (96,85,100,10) (97,20,80,10) (2,98,140,10) (8,36,120,10) (66,9,90,10) (60,67,60,10) (84,3,110,10) (32,61,110,10) (5,36,140,10) (93,15,160,10) (49,5,10,10) (0,93,130,10) (50,94,130,10) (26,35,160,10) (2,84,50,10) (18,99,90,10) 
(85,14,110,10) (66,25,80,10) (56,62,70,10) (98,91,160,10) (83,73,120,10) (10,37,110,10) (39,32,70,10) (12,42,180,10) (63,79,190,10) (21,96,110,10) (88,58,160,10) (17,63,80,10) (29,49,130,10) (66,41,150,10) (9,77,100,10) (84,95,10,10) (88,84,170,10) (42,39,100,10) (73,22,90,10) (69,45,120,10) 
(9,2,20,10) (83,38,90,10) (70,3,200,10) (89,44,110,10) (30,97,80,10) (65,72,170,10) (67,81,100,10) (0,34,140,10) (7,17,70,10) (25,8,50,10) (6,40,90,10) (48,97,140,10) (68,61,50,10) (36,17,180,10) (79,54,130,10) (97,12,70,10) (60,25,70,10) (7,78,70,10) (46,44,140,10) (44,95,120,10) 
(60,51,110,10) (79,13,10,10) (40,30,100,10) (53,42,150,10) (33,63,80,10) (20,21,90,10) (94,5,120,10) (16,15,80,10) (31,59,50,10) (18,78,140,10) (81,45,10,10) (5,79,90,10) (83,37,90,10) (4,84,100,10) (75,30,50,10) (72,48,60,10) (37,87,180,10) (56,27,60,10) (71,60,200,10) (92,55,90,10) 
(0,70,160,10) (50,70,60,10) (77,59,110,10) (14,92,110,10) (75,67,110,10) (3,34,100,10) (60,17,80,10) (55,72,160,10) (7,64,90,10) (84,41,100,10) (63,70,180,10) (44,14,210,10) (34,93,90,10) (50,95,100,10) (19,14,10,10) (44,18,100,10) (38,50,130,10) (22,83,120,10) (30,23,130,10) (28,44,30,10) 
(94,98,120,10) (40,63,70,10) (42,88,140,10) (54,64,170,10) (4,93,100,10) (8,94,140,10) (96,15,80,10) (67,31,120,10) (45,43,10,10) (22,37,130,10) (12,81,170,10) (55,46,160,10) (86,34,40,10) (20,70,40,10) (29,48,150,10) (89,21,100,10) (47,89,30,10) (37,14,110,10) (41,48,40,10) (29,23,40,10) 
(51,64,100,10) (87,42,50,10) (38,0,90,10) (10,59,110,10) (72,61,110,10) (10,60,120,10) (51,68,130,10) (0,97,120,10) (45,66,80,10) (93,19,100,10) (86,37,110,10) (83,52,80,10) (32,72,80,10) (65,95,140,10) (98,86,60,10) (29,32,120,10) (37,67,140,10) (7,58,90,10) (52,82,10,10) (9,54,100,10) 
(99,35,50,10) (14,36,60,10) (86,85,80,10) (99,47,120,10) (18,8,140,10) (9,88,60,10) (68,83,60,10) (23,14,100,10) (61,46,50,10) (71,25,150,10) (85,99,90,10) (19,4,190,10) (78,48,140,10) (12,62,20,10) (33,86,100,10) (78,0,100,10) (51,62,190,10) (14,55,80,10) (62,92,180,10) (22,80,90,10) 
(28,19,230,10) (78,22,160,10) (56,87,90,10) (64,84,80,10) (96,60,110,10) (89,63,110,10) (33,15,120,10) (43,1,60,10) (32,44,130,10) (44,85,90,10) (58,32,30,10) (96,49,100,10) (78,16,150,10) (86,3,140,10) (72,26,60,10) (11,35,20,10) (4,52,130,10) (14,44,150,10) (20,8,120,10) (73,56,120,10) 
(79,88,150,10) (81,14,100,10) (1,51,140,10) (21,40,150,10) (40,26,90,10) (36,15,100,10) (98,85,140,10) (71,0,100,10) (59,35,110,10) (58,68,110,10) (62,67,100,10) (2,90,130,10) (64,8,100,10) (34,40,150,10) (90,84,90,10) (3,34,70,10) (54,60,130,10) (73,3,100,10) (2,37,30,10) (65,24,130,10) 
(7,57,130,10) (49,85,150,10) (74,56,120,10) (0,93,40,10) (72,88,120,10) (72,11,60,10) (90,60,90,10) (14,83,160,10) (67,52,210,10) (78,25,110,10) (92,40,40,10) (41,56,100,10) (78,1,100,10) (61,58,70,10) (0,42,150,10) (3,39,100,10) (78,72,110,10) (22,60,70,10) (68,59,120,10) (70,91,80,10) 
(94,26,160,10) (94,0,100,10) (9,87,100,10) (68,53,50,10) (0,72,70,10) (85,60,130,10) (93,51,120,10) (99,93,60,10) (14,52,100,10) (66,70,90,10) (67,43,90,10) (73,98,230,10) (67,83,60,10) (90,84,130,10) (88,23,130,10) (41,37,70,10) (72,20,180,10) (4,77,10,10) (34,32,150,10) (82,24,90,10) 
(2,92,50,10) (97,93,90,10) (89,68,100,10) (86,45,90,10) (63,68,140,10) (15,5,110,10) (91,87,80,10) (72,13,100,10) (64,50,40,10) (82,71,60,10) (42,8,90,10) (15,84,150,10) (93,71,170,10) (88,72,150,10) (9,37,80,10) (16,37,30,10) (36,77,80,10) (99,15,80,10) (69,56,150,10) (67,73,80,10) 
(45,53,80,10) (51,30,110,10) (43,35,40,10) (63,15,70,10) (11,66,30,10) (70,27,60,10) (30,50,100,10) (93,74,30,10) (47,32,130,10) (31,56,50,10) (15,26,90,10) (26,6,70,10) (43,92,100,10) (89,12,100,10) (15,0,90,10) (45,39,40,10) (79,27,80,10) (57,61,20,10) (1,53,120,10) (91,74,80,10) 
(47,12,100,10) (61,21,200,10) (22,10,160,10) (12,30,100,10) (21,14,110,10) (86,13,40,10) (52,94,60,10) (52,31,100,10) (15,23,30,10) (39,24,50,10) (48,26,120,10) (15,38,70,10) (80,76,50,10) (26,81,180,10) (0,28,140,10) (56,88,140,10) (1,0,120,10) (23,77,40,10) (31,95,150,10) (21,41,20,10) 
(66,35,20,10) (99,65,10,10) (98,39,20,10) (58,24,70,10) (69,26,120,10) (71,86,150,10) (72,12,50,10) (87,59,20,10) (62,0,120,10) (58,52,140,10) (67,59,80,10) (21,40,100,10) (33,31,160,10) (84,6,100,10) (79,36,90,10) (44,88,60,10) (55,64,80,10) (19,74,170,10) (67,6,70,10) (7,88,120,10) 
(30,7,120,10) (94,14,50,10) (7,40,50,10) (60,43,60,10) (22,92,150,10) (74,75,120,10) (14,18,170,10) (57,20,170,10) (60,99,90,10) (81,36,80,10) (32,80,120,10) (62,25,100,10) (41,81,50,10) (89,3,50,10) (29,81,30,10) (21,39,110,10) (31,67,110,10) (39,81,150,10) (7,50,110,10) (92,11,140,10) 
(8,86,50,10) (40,50,150,10) (87,1,50,10) (24,91,30,10) (97,90,100,10) (36,19,130,10) (31,26,90,10) (51,39,110,10) (77,84,110,10) (54,16,90,10) (14,97,120,10) (71,83,80,10) (37,47,140,10) (95,60,140,10) (8,76,130,10) (2,40,130,10) (87,3,130,10) (57,32,120,10) (75,95,160,10) (49,53,120,10) 
(63,21,110,10) (68,26,120,10) (2,95,160,10) (60,11,140,10) (9,45,150,10) (90,48,180,10) (0,62,150,10) (53,91,130,10) (65,28,170,10) (74,8,40,10) (13,42,100,10) (41,95,80,10) (25,95,160,10) (19,93,120,10) (89,75,230,10) (46,42,70,10) (91,82,130,10) (83,36,70,10) (37,7,10,10) (86,5,60,10) 
(41,39,160,10) (69,14,100,10) (38,0,120,10) (85,65,50,10) (46,38,40,10) (71,16,20,10) (18,40,100,10) (23,26,120,10) (50,92,70,10) (32,37,140,10) (43,12,70,10) (23,44,170,10) (22,96,70,10) (15,24,60,10) (41,13,130,10) (10,99,120,10) (55,66,160,10) (50,0,120,10) (9,78,60,10) (78,39,120,10) 
(15,3,40,10) (38,50,130,10) (37,13,80,10) (14,81,100,10) (4,95,150,10) (79,50,100,10) (67,77,100,10) (62,7,30,10) (4,20,110,10) (35,27,90,10) (3,77,70,10) (59,91,110,10) (88,95,60,10) (71,46,70,10) (14,45,30,10) (73,42,60,10) (56,83,90,10) (6,50,40,10) (97,14,150,10) (82,57,20,10) 
(91,29,30,10) (89,31,30,10) (51,9,90,10) (69,72,170,10) (6,15,90,10) (36,73,200,10) (81,95,80,10) (88,19,110,10) (84,39,150,10) (67,20,140,10) (2,1,130,10) (54,33,30,10) (26,36,150,10) (88,11,120,10) (20,43,90,10) (11,3,100,10) (64,56,70,10) (27,83,120,10) (90,10,140,10) (68,45,90,10) 
(84,33,110,10) (77,16,130,10) (49,85,60,10) (10,67,70,10) (17,16,170,10) (24,28,170,10) (87,51,70,10) (46,31,70,10) (72,91,150,10) (8,9,10,10) (73,35,150,10) (58,86,120,10) (58,30,120,10) (20,13,110,10) (24,69,110,10) (56,49,40,10) (39,33,70,10) (15,59,130,10) (80,64,120,10) (5,45,130,10) 
(85,72,80,10) (91,12,60,10) (21,91,60,10) (58,4,90,10) (7,85,140,10) (74,54,50,10) (19,92,40,10) (68,5,70,10) (8,69,80,10) (94,53,70,10) (48,6,110,10) (38,13,90,10) (16,98,140,10) (79,49,150,10) (69,94,130,10) (6,85,60,10) (92,13,90,10) (42,19,170,10) (0,98,20,10) (85,40,80,10) 
(23,96,20,10) (59,83,70,10) (32,40,100,10) (13,45,80,10) (1,15,90,10) (63,2,20,10) (66,94,50,10) (40,31,120,10) (57,30,20,10) (20,83,120,10) (41,86,110,10) (48,36,150,10) (69,43,100,10) (36,85,130,10) (28,75,130,10) (63,99,150,10) (78,7,80,10) (86,12,50,10) (59,95,120,10) (96,66,200,10) 
(88,38,120,10) (89,33,140,10) (84,63,140,10) (39,63,90,10) (12,35,70,10) (91,19,120,10) (11,59,70,10) (5,18,60,10) (98,70,100,10) (14,89,60,10) (26,9,80,10) (8,78,110,10) (97,33,80,10) (96,13,130,10) (59,32,30,10) (74,77,70,10) (12,84,50,10) (52,22,130,10) (56,85,140,10) (94,68,150,10) 
(27,37,160,10) (82,3,60,10) (86,80,50,10) (52,4,130,10) (21,87,100,10) (35,60,50,10) (97,80,100,10) (5,10,120,10) (37,20,130,10) (90,8,70,10) (69,50,140,10) (48,4,50,10) (21,34,60,10) (98,27,90,10) (84,49,120,10) (37,38,90,10) (62,60,30,10) (46,10,60,10) (18,70,80,10) (62,98,110,10) 
(76,64,180,10) (39,91,20,10) (21,57,180,10) (10,19,80,10) (18,74,100,10) (29,0,50,10) (22,41,170,10) (22,68,100,10) (97,82,130,10) (3,19,50,10) (3,89,210,10) (3,7,150,10) (2,96,110,10) (76,34,100,10) (99,39,70,10) (34,16,20,10) (90,60,70,10) (20,32,160,10) (72,16,140,10) (38,1,80,10) 
(98,60,230,10) (20,10,80,10) (87,46,90,10) (38,28,140,10) (46,56,10,10) (53,42,70,10) (0,14,110,10) (68,96,80,10) (73,98,130,10) (5,39,110,10) (6,97,120,10) (71,57,110,10) (58,9,60,10) (51,83,100,10) (92,5,70,10) (21,60,150,10) (8,41,70,10) (82,39,120,10) (94,19,50,10) (27,0,50,10) 
(20,0,70,10) (31,57,80,10) (94,7,100,10) (74,91,80,10) (82,60,20,10) (58,24,70,10) (88,82,100,10) (38,39,140,10) (58,13,110,10) (23,35,120,10) (96,83,70,10) (66,68,180,10) (95,31,150,10) (14,1,180,10) (18,43,60,10) (27,1,90,10) (99,93,20,10) (30,82,30,10) (80,41,160,10) (89,62,30,10) 
(36,63,200,10) (94,82,120,10) (2,68,130,10) (76,59,30,10) (30,22,110,10) (40,42,100,10) (7,93,200,10) (19,49,250,10) (81,85,80,10) (17,39,100,10) (33,48,160,10) (54,37,150,10) (36,64,150,10) (52,76,180,10) (86,32,150,10) (40,31,110,10) (11,71,90,10) (5,35,10,10) (16,56,190,10) (54,93,40,10) 
(42,29,30,10) (45,15,150,10) (23,70,140,10) (22,41,140,10) (6,33,80,10) (58,95,50,10) (44,0,190,10) (11,0,190,10) (77,64,50,10) (93,43,90,10) (14,31,20,10) (15,29,80,10) (46,40,60,10) (42,25,50,10) (41,67,110,10) (22,10,130,10) (83,24,210,10) (65,51,90,10) (54,23,150,10) (45,52,110,10) 
(40,14,120,10) (43,21,60,10) (69,54,170,10) (51,32,40,10) (81,76,140,10) (8,99,100,10) (85,99,100,10) (63,13,100,10) (14,91,120,10) (58,51,140,10) (28,27,60,10) (5,83,80,10) (67,61,60,10) (6,93,50,10) (1,74,50,10) (58,95,20,10) (84,12,170,10) (7,38,80,10) (80,14,140,10) (55,33,10,10) 
(13,49,50,10) (45,48,180,10) (9,59,150,10) (34,63,230,10) (23,82,120,10) (30,83,110,10) (57,90,50,10) (34,14,110,10) (53,98,150,10) (46,6,100,10) (59,0,70,10) (28,41,220,10) (12,64,80,10) (34,86,70,10) (6,81,100,10) (57,56,90,10) (52,16,40,10) (3,36,90,10) (14,80,160,10) (45,30,20,10) 
(9,67,30,10) (10,72,100,10) (2,75,90,10) (5,28,70,10) (11,19,70,10) (34,95,120,10) (57,55,150,10) (45,17,110,10) (25,2,140,10) (54,60,160,10) (28,97,70,10) (40,7,180,10) (97,37,70,10) (2,46,120,10) (12,90,90,10) (16,90,160,10) (71,6,50,10) (5,86,240,10) (44,63,140,10) (69,87,130,10) 
(68,59,130,10) (69,70,110,10) (85,92,140,10) (41,15,20,10) (2,90,120,10) (66,34,60,10) (13,74,50,10) (4,78,50,10) (14,5,230,10) (10,85,30,10) (95,55,60,10) (8,90,100,10) (91,6,60,10) (70,28,70,10) (62,16,130,10) (45,64,110,10) (86,87,90,10) (39,22,110,10) (30,84,150,10) (44,76,50,10) 
(28,97,180,10) (85,99,120,10) (64,78,80,10) (40,8,90,10) (64,87,240,10) (71,86,20,10) (28,34,90,10) (73,9,60,10) (41,24,70,10) (79,63,70,10) (75,48,170,10) (8,29,100,10) (37,52,40,10) (21,84,40,10) (23,33,50,10) (37,62,160,10) (58,1,30,10) (76,18,70,10) (1,33,160,10) (97,32,90,10) 
(55,6,90,10) (93,98,110,10) (67,1,50,10) (77,82,80,10) (55,10,60,10) (19,56,120,10) (58,32,40,10) (92,52,50,10) (41,4,40,10) (34,98,100,10) (69,10,150,10) (10,73,90,10) (1,29,50,10) (59,54,150,10) (29,81,160,10) (9,82,200,10) (39,11,110,10) (99,85,110,10) (43,16,130,10) (1,84,10,10) 
(74,26,90,10) (59,32,140,10) (50,5,70,10) (8,29,50,10) (79,62,180,10) (82,93,160,10) (24,46,150,10) (77,4,130,10) (43,0,140,10) (53,77,130,10) (6,27,100,10) (11,86,90,10) (95,54,210,10) (24,2,70,10) (76,47,160,10) (17,9,180,10) (83,84,160,10) (97,55,120,10) (86,77,90,10) (30,61,120,10) 
(49,15,20,10) (16,10,110,10) (76,70,40,10) (39,0,70,10) (29,55,90,10) (11,22,90,10) (20,91,190,10) (33,49,130,10) (69,56,140,10) (44,46,60,10) (35,5,30,10) (66,35,140,10) (42,81,100,10) (38,13,140,10) (61,99,110,10) (68,23,80,10) (4,39,120,10) (92,6,90,10) (62,15,100,10) (79,73,120,10) 
(31,36,70,10) (53,27,120,10) (82,95,60,10) (67,15,110,10) (52,10,110,10) (44,70,50,10) (62,68,150,10) (23,22,120,10) (62,66,110,10) (13,51,70,10) (86,66,120,10) (80,44,140,10) (39,12,200,10) (2,80,180,10) (84,83,110,10) (96,89,160,10) (76,40,100,10) (74,32,100,10) (41,11,20,10) (95,63,160,10) 
(66,99,60,10) (74,80,40,10) (92,98,130,10) (2,22,100,10) (5,99,140,10) (50,75,50,10) (22,7,90,10) (27,18,110,10) (26,86,50,10) (5,53,60,10) (47,69,70,10) (8,29,120,10) (92,67,80,10) (78,26,70,10) (57,87,70,10) (82,63,100,10) (84,69,80,10) (83,57,190,10) (27,68,80,10) (84,34,90,10) 
(9,20,10,10) (82,88,180,10) (53,0,110,10) (97,18,100,10) (11,4,90,10) (86,65,60,10) (77,44,170,10) (58,71,80,10) (0,29,130,10) (91,41,170,10) (72,84,150,10) (51,63,150,10) (56,24,90,10) (63,97,150,10) (60,18,50,10) (20,91,150,10) (65,51,40,10) (97,67,150,10) (5,37,80,10) (83,38,80,10) 
(74,47,10,10) (33,61,90,10) (11,43,70,10) (11,17,160,10) (57,38,90,10) (2,86,50,10) (86,43,80,10) (56,32,150,10) (14,58,180,10) (90,0,150,10) (1,48,160,10) (23,13,50,10) (43,14,120,10) (25,42,20,10) (99,50,150,10) (46,0,60,10) (78,88,80,10) (54,33,60,10) (10,98,40,10) (10,8,90,10) 
(22,54,200,10) (23,76,180,10) (45,82,70,10) (36,25,110,10) (15,87,60,10) (12,51,40,10) (11,29,190,10) (87,53,160,10) (57,7,80,10) (39,23,130,10) (37,86,60,10) (90,49,70,10) (99,15,150,10) (1,94,110,10) (85,91,190,10) (32,9,160,10) (32,19,40,10) (68,28,160,10) (31,70,80,10) (99,50,60,10) 
(33,13,90,10) (14,48,70,10) (17,72,110,10) (29,49,60,10) (68,54,20,10) (9,70,130,10) (72,19,100,10) (52,42,100,10) (43,82,80,10) (14,45,130,10) (36,50,60,10) (75,90,70,10) (98,33,90,10) (95,32,100,10) (92,59,140,10) (24,53,90,10) (52,32,40,10) (6,63,140,10) (3,92,20,10) (92,84,50,10) 
(60,26,70,10) (2,95,100,10) (10,24,170,10) (57,94,20,10) (42,84,30,10) (85,96,140,10) (46,13,110,10) (96,87,60,10) (32,22,60,10) (75,65,160,10) (58,38,100,10) (83,90,60,10) (11,32,150,10) (7,92,50,10) (48,41,40,10) (12,58,220,10) (16,62,100,10) (71,47,170,10) (23,95,30,10) (62,29,40,10) 
(12,73,150,10) (18,22,110,10) (98,40,50,10) (13,27,110,10) (87,85,100,10) (68,35,60,10) (46,24,90,10) (68,8,60,10) (33,18,120,10) (1,80,90,10) (50,87,150,10) (15,17,60,10) (20,19,10,10) (67,39,40,10) (95,82,120,10) (15,93,90,10) (85,50,90,10) (44,73,160,10) (58,94,140,10) (43,12,190,10) 
(9,59,240,10) (42,45,50,10) (65,42,80,10) (72,3,130,10) (48,45,60,10) (88,20,110,10) (90,35,150,10) (21,90,180,10) (77,64,100,10) (32,66,120,10) (46,59,60,10) (1,17,50,10) (56,72,120,10) (92,55,110,10) (50,78,80,10) (80,29,120,10) (15,87,230,10) (99,56,60,10) (0,23,150,10) (24,12,180,10) 
(60,10,70,10) (83,69,70,10) (21,88,80,10) (8,85,110,10) (56,26,100,10) (95,49,50,10) (88,84,10,10) (47,93,150,10) (83,99,120,10) (36,83,150,10) (40,0,190,10) (6,21,110,10) (89,31,90,10) (9,0,50,10) (64,39,90,10) (99,55,150,10) (79,88,70,10) (23,11,80,10) (0,4,50,10) (67,47,70,10) 
(25,5,130,10) (44,18,40,10) (32,67,130,10) (75,92,120,10) (52,26,30,10) (59,82,60,10) (9,86,20,10) (2,41,100,10) (75,7,130,10) (72,58,80,10) (14,72,160,10) (33,25,100,10) (17,55,140,10) (28,30,40,10) (51,9,70,10) (78,34,90,10) (87,83,40,10) (67,95,80,10) (15,81,160,10) (74,71,110,10) 
(58,84,130,10) (14,43,110,10) (51,29,90,10) (14,51,180,10) (72,16,130,10) (5,46,10,10) (94,66,70,10) (73,3,80,10) (34,64,190,10) (38,88,180,10) (2,45,150,10) (6,39,140,10) (14,46,140,10) (84,85,50,10) (12,20,140,10) (33,15,90,10) (63,93,90,10) (15,35,80,10) (72,53,160,10) (96,88,30,10) 
(38,42,50,10) (96,13,50,10) (29,99,130,10) (1,12,150,10) (32,12,110,10) (23,68,140,10) (16,76,50,10) (2,47,100,10) (49,93,130,10) (31,98,10,10) (44,13,120,10) (10,15,150,10) (36,55,180,10) (65,59,100,10) (12,69,60,10) (94,16,60,10) (6,88,20,10) (55,15,80,10) (35,29,220,10) (82,40,130,10) 
(12,81,200,10) (34,5,60,10) (33,46,20,10) (23,58,180,10) (15,17,120,10) (9,54,140,10) (57,42,100,10) (5,37,90,10) (72,51,220,10) (60,14,140,10) (15,85,120,10) (72,6,130,10) (21,46,110,10) (95,60,80,10) (88,72,80,10) (51,24,40,10) (9,55,130,10) (50,67,100,10) (11,6,60,10) (58,75,70,10) 
(4,17,100,10) (51,42,80,10) (29,97,140,10) (76,48,180,10) (91,84,110,10) (34,75,120,10) (88,52,160,10) (0,32,130,10) (22,83,130,10) (52,43,130,10) (80,63,140,10) (39,58,130,10) (25,20,140,10) (12,82,100,10) (74,20,130,10) (58,42,40,10) (8,47,160,10) (68,77,120,10) (19,93,110,10) (74,11,90,10) 
(42,75,90,10) (28,1,120,10) (50,48,140,10) (12,64,130,10) (82,44,70,10) (61,68,170,10) (47,17,160,10) (30,68,60,10) (39,5,90,10) (21,55,180,10) (29,85,90,10) (68,71,10,10) (53,8,170,10) (4,76,130,10) (3,75,100,10) (22,29,120,10) (75,63,150,10) (71,48,100,10) (87,65,170,10) (9,73,90,10) 
(14,27,50,10) (82,98,40,10) (80,60,160,10) (49,98,120,10) (48,47,140,10) (74,78,90,10) (15,7,50,10) (90,88,90,10) (23,8,50,10) (8,14,170,10) (39,19,50,10) (39,60,70,10) (86,58,90,10) (0,60,90,10) (87,66,140,10) (97,9,70,10) (77,81,120,10) (49,7,130,10) (43,29,120,10) (71,14,70,10) 
(8,42,160,10) (44,6,50,10) (78,40,130,10) (98,45,40,10) (0,64,130,10) (30,6,100,10) (87,80,20,10) (72,2,150,10) (44,73,150,10) (45,94,80,10) (26,48,80,10) (44,37,50,10) (20,50,130,10) (76,14,80,10) (13,16,80,10) (19,80,170,10) (49,0,140,10) (80,30,110,10) (10,85,60,10) (23,83,50,10) 
(72,56,100,10) (51,52,60,10) (39,15,120,10) (89,53,150,10) (75,79,110,10) (9,5,140,10) (17,67,80,10) (63,62,100,10) (85,88,180,10) (13,71,50,10) (33,12,120,10) (97,83,120,10) (53,90,110,10) (0,26,20,10) (10,35,140,10) (12,97,140,10) (34,44,40,10) (49,33,10,10) (69,96,100,10) (73,34,190,10) 
(86,44,150,10) (80,20,100,10) (78,21,120,10) (68,55,120,10) (88,13,90,10) (56,68,80,10) (3,14,20,10) (43,19,140,10) (77,78,90,10) (50,81,130,10) (14,88,70,10) (58,70,90,10) (39,34,90,10) (8,32,100,10) (35,85,110,10) (65,42,130,10) (36,11,120,10) (15,43,160,10) (21,38,130,10) (13,53,70,10) 
(50,56,120,10) (34,45,60,10) (26,22,100,10) (22,14,40,10) (9,25,10,10) (70,2,80,10) (97,90,140,10) (27,57,160,10) (18,21,60,10) (13,91,80,10) (1,47,90,10) (17,64,60,10) (54,73,130,10) (48,45,120,10) (67,5,220,10) (92,90,150,10) (91,1,130,10) (95,28,160,10) (82,8,190,10) (72,0,100,10) 
(21,41,130,10) (74,23,180,10) (20,93,150,10) (4,51,80,10) (56,33,130,10) (32,67,100,10) (69,12,40,10) (10,14,50,10) (79,46,140,10) (35,6,100,10) (85,51,140,10) (4,53,120,10) (72,18,140,10) (93,16,50,10) (73,30,110,10) (61,45,110,10) (72,56,10,10) (83,60,50,10) (41,64,130,10) (2,85,80,10) 
(55,97,70,10) (30,72,140,10) (44,30,50,10) (34,9,110,10) (55,99,120,10) (70,96,120,10) (5,34,60,10) (6,66,110,10) (60,66,170,10) (1,83,10,10) (27,58,40,10) (94,87,100,10) (58,94,50,10) (70,2,20,10) (58,85,90,10) (98,78,140,10) (25,59,160,10) (8,11,90,10) (56,63,130,10) (66,93,150,10) 
(29,35,180,10) (93,52,60,10) (52,76,60,10) (65,64,40,10) (74,67,110,10) (60,47,130,10) (23,87,100,10) (68,2,120,10) (15,61,10,10) (70,45,110,10) (30,47,30,10) (90,89,130,10) (71,34,130,10) (75,14,70,10) (11,14,40,10) (64,72,70,10) (82,23,90,10) (47,95,130,10) (63,42,100,10) (59,55,100,10) 
(49,35,110,10) (40,78,90,10) (29,87,70,10) (29,85,70,10) (2,86,10,10) (64,36,120,10) (99,42,90,10) (90,63,100,10) (61,25,90,10) (75,5,80,10) (78,75,180,10) (58,86,110,10) (47,43,190,10) (57,68,10,10) (54,92,120,10) (57,84,30,10) (11,9,140,10) (62,36,90,10) (76,85,70,10) (77,92,110,10) 
(43,58,70,10) (22,44,130,10) (46,41,90,10) (44,64,120,10) (11,82,80,10) (53,95,110,10) (35,47,110,10) (40,65,210,10) (71,57,60,10) (68,98,50,10) (87,57,140,10) (87,60,20,10) (11,81,230,10) (12,77,80,10) (65,46,130,10) (13,5,60,10) (91,32,180,10) (79,14,150,10) (17,63,100,10) (67,98,20,10) 
(58,64,80,10) (50,91,70,10) (65,6,40,10) (11,67,120,10) (98,35,50,10) (51,25,90,10) (74,75,130,10) (60,95,110,10) (46,26,70,10) (6,68,120,10) (48,38,150,10) (34,70,50,10) (10,69,120,10) (96,47,130,10) (68,99,50,10) (72,89,90,10) (36,72,120,10) (14,60,150,10) (97,37,80,10) (70,55,30,10) 
(48,40,60,10) (67,96,150,10) (29,35,130,10) (90,65,80,10) (82,28,10,10) (53,0,150,10) (36,15,80,10) (62,9,50,10) (88,24,90,10) (60,20,140,10) (90,76,80,10) (56,71,140,10) (84,25,40,10) (61,83,110,10) (12,62,140,10) (83,15,100,10) (8,86,50,10) (65,18,110,10) (89,16,80,10) (91,17,120,10) 
(31,64,130,10) (64,9,140,10) (73,2,50,10) (29,35,90,10) (76,1,170,10) (7,9,170,10) (43,37,80,10) (41,15,180,10) (38,70,70,10) (92,27,90,10) (27,10,110,10) (95,63,10,10) (9,53,130,10) (86,40,100,10) (58,87,200,10) (62,83,130,10) (14,41,100,10) (94,76,180,10) (24,70,140,10) (98,0,90,10) 
(15,11,160,10) (46,70,80,10) (88,33,80,10) (37,84,140,10) (82,4,200,10) (99,15,80,10) (86,32,120,10) (45,4,240,10) (52,61,150,10) (85,8,130,10) (25,82,160,10) (39,70,110,10) (29,9,110,10) (81,7,180,10) (46,77,60,10) (74,20,20,10) (49,23,110,10) (84,63,160,10) (54,59,30,10) (19,81,70,10) 
(91,72,80,10) (37,75,50,10) (96,98,210,10) (0,75,40,10) (42,47,120,10) (34,73,90,10) (11,15,190,10) (6,3,110,10) (48,43,130,10) (84,55,130,10) (53,4,150,10) (91,0,30,10) (22,66,60,10) (90,54,120,10) (95,37,60,10) (36,66,140,10) (23,31,60,10) (81,15,120,10) (20,31,120,10) (54,43,40,10) 
(7,38,140,10) (34,37,20,10) (27,61,190,10) (68,9,100,10) (14,86,100,10) (34,77,140,10) (63,12,180,10) (57,5,70,10) (65,98,110,10) (73,13,110,10) (27,50,70,10) (83,5,80,10) (42,12,250,10) (0,58,70,10) (47,95,80,10) (76,19,130,10) (5,11,120,10) (3,53,220,10) (58,9,130,10) (37,4,90,10) 
(41,80,50,10) (22,84,90,10) (40,94,150,10) (37,98,180,10) (14,74,80,10) (38,4,90,10) (72,31,70,10) (62,70,40,10) (71,16,50,10) (44,19,90,10) (30,55,170,10) (61,46,110,10) (61,21,110,10) (82,14,160,10) (80,37,100,10) (39,79,100,10) (90,92,110,10) (68,18,100,10) (60,46,80,10) (88,11,80,10) 
(20,75,70,10) (73,39,200,10) (26,37,80,10) (18,55,150,10) (63,49,80,10) (9,10,140,10) (87,50,150,10) (71,78,50,10) (62,13,120,10) (55,17,70,10) (99,44,100,10) (72,23,120,10) (92,22,10,10) (46,3,100,10) (29,83,130,10) (48,60,90,10) (73,66,170,10) (66,11,140,10) (23,38,140,10) (61,34,160,10) 
(65,54,120,10) (48,78,40,10) (42,91,60,10) (62,3,80,10) (7,74,100,10) (74,52,130,10) (55,9,90,10) (63,72,20,10) (71,67,110,10) (34,77,40,10) (18,57,70,10) (11,27,70,10) (82,54,190,10) (83,65,120,10) (76,29,160,10) (1,7,80,10) (52,66,50,10) (2,92,30,10) (66,88,70,10) (94,15,70,10) 
(53,64,50,10) (18,40,70,10) (9,92,110,10) (41,45,130,10) (18,6,70,10) (62,69,80,10) (74,3,130,10) (55,37,80,10) (47,41,50,10) (23,99,70,10) (70,14,90,10) (40,97,110,10) (47,59,30,10) (91,2,60,10) (35,30,140,10) (61,28,100,10) (77,74,90,10) (89,63,60,10) (34,20,60,10) (92,86,110,10) 
(8,81,110,10) (18,87,110,10) (69,51,90,10) (89,18,80,10) (41,96,160,10) (95,1,160,10) (70,46,80,10) (25,43,160,10) (95,84,60,10) (96,64,80,10) (79,5,200,10) (91,56,20,10) (44,66,40,10) (73,79,130,10) (55,78,100,10) (18,59,70,10) (44,71,160,10) (27,24,90,10) (25,18,110,10) (14,36,80,10) 
(59,69,150,10) (74,70,90,10) (30,90,80,10) (17,36,60,10) (52,25,120,10) (60,41,140,10) (2,75,90,10) (74,66,110,10) (58,51,90,10) (30,35,150,10) (26,69,20,10) (46,11,150,10) (98,37,130,10) (33,96,80,10) (69,79,60,10) (76,13,100,10) (42,62,50,10) (86,69,170,10) (2,37,100,10) (73,2,140,10) 
(45,70,120,10) (49,5,60,10) (34,46,110,10) (98,52,140,10) (42,68,110,10) (87,86,100,10) (35,71,80,10) (12,39,80,10) (89,68,60,10) (6,66,90,10) (39,40,120,10) (71,13,70,10) (11,84,90,10) (86,45,60,10) (53,38,100,10) (66,62,150,10) (93,84,150,10) (83,16,230,10) (45,43,140,10) (91,11,90,10) 
(38,63,170,10) (36,12,50,10) (56,76,100,10) (26,19,80,10) (50,70,170,10) (30,25,100,10) (5,85,140,10) (53,25,60,10) (26,76,100,10) (40,43,210,10) (50,66,180,10) (23,95,10,10) (99,70,130,10) (72,9,120,10) (7,43,140,10) (35,71,150,10) (85,94,110,10) (31,34,170,10) (28,21,170,10) (29,79,150,10) 
(74,23,170,10) (10,98,110,10) (88,80,50,10) (92,27,80,10) (10,80,140,10) (0,93,140,10) (6,11,100,10) (92,11,120,10) (60,81,60,10) (62,65,80,10) (83,72,200,10) (12,40,140,10) (17,85,90,10) (90,97,60,10) (4,68,130,10) (99,24,190,10) (93,77,30,10) (96,31,40,10) (66,96,30,10) (34,60,70,10) 
(14,6,80,10) (11,91,120,10) (54,24,30,10) (58,5,70,10) (67,60,180,10) (3,5,150,10) (71,52,170,10) (67,79,150,10) (73,20,200,10) (75,69,120,10) (85,36,100,10) (91,89,80,10) (49,55,90,10) (93,78,120,10) (24,95,110,10) (74,54,140,10) (30,9,130,10) (87,53,110,10) (24,64,230,10) (54,71,80,10) 
(86,48,90,10) (37,89,120,10) (52,44,110,10) (26,32,30,10) (54,92,70,10) (26,3,170,10) (93,70,150,10) (28,34,30,10) (28,56,10,10) (94,11,130,10) (80,11,100,10) (4,5,70,10) (89,44,120,10) (40,2,60,10) (1,18,130,10) (85,93,150,10) (12,37,140,10) (12,26,60,10) (21,78,50,10) (55,8,120,10) 
(52,69,120,10) (64,67,40,10) (73,75,100,10) (89,30,150,10) (29,28,110,10) (9,15,60,10) (54,82,90,10) (97,13,140,10) (51,61,100,10) (35,42,40,10) (52,2,210,10) (1,11,100,10) (63,78,130,10) (64,79,110,10) (50,10,130,10) (45,63,150,10) (29,96,30,10) (61,99,120,10) (50,44,90,10) (89,56,230,10) 
(30,41,150,10) (15,67,80,10) (5,67,90,10) (79,10,100,10) (48,32,110,10) (70,88,120,10) (67,41,180,10) (19,23,230,10) (21,81,10,10) (50,60,150,10) (93,70,100,10) (57,80,140,10) (69,23,30,10) (77,7,120,10) (44,51,50,10) (24,60,110,10) (72,82,90,10) (36,68,90,10) (41,54,110,10) (99,0,100,10) 
(69,15,100,10) (7,18,90,10) (84,90,30,10) (21,31,70,10) (25,22,90,10) (14,23,100,10) (35,32,30,10) (86,24,170,10) (46,50,140,10) (80,26,140,10) (44,66,160,10) (1,88,60,10) (30,96,120,10) (66,20,40,10) (50,96,140,10) (59,78,50,10) (83,88,180,10) (90,43,40,10) (56,49,160,10) (12,78,80,10) 
(95,25,60,10) (70,84,100,10) (92,89,130,10) (78,47,110,10) (18,63,90,10) (44,55,130,10) (79,85,110,10) (69,80,140,10) (18,91,160,10) (53,0,30,10) (20,28,150,10) (85,95,100,10) (54,51,150,10) (40,52,130,10) (36,75,90,10) (89,29,90,10) (38,63,20,10) (34,69,120,10) (56,17,70,10) (32,69,180,10) 
(20,90,100,10) (25,7,150,10) (4,82,80,10) (71,64,60,10) (10,86,90,10) (9,33,40,10) (41,58,120,10) (43,60,200,10) (15,42,110,10) (6,80,110,10) (23,36,210,10) (6,26,140,10) (77,81,100,10) (51,12,120,10) (73,14,90,10) (83,85,100,10) (70,3,130,10) (36,18,130,10) (41,66,100,10) (93,62,90,10) 
(76,61,180,10) (41,57,120,10) (11,35,140,10) (75,63,50,10) (15,53,100,10) (5,44,60,10) (65,61,60,10) (17,57,100,10) (93,25,80,10) (11,87,90,10) (91,80,160,10) (68,62,40,10) (80,5,100,10) (52,20,110,10) (29,55,110,10) (78,13,150,10) (32,88,160,10) (68,91,40,10) (44,53,90,10) (94,80,60,10) 
(14,87,90,10) (2,30,110,10) (25,98,80,10) (74,40,60,10) (29,50,80,10) (91,35,100,10) (18,44,30,10) (36,18,190,10) (88,68,100,10) (35,8,90,10) (52,13,60,10) (55,74,130,10) (71,66,50,10) (90,18,120,10) (54,59,130,10) (12,82,80,10) (41,91,20,10) (45,95,70,10) (60,75,120,10) (16,54,10,10) 
(11,92,30,10) (16,81,120,10) (19,60,180,10) (39,40,90,10) (40,90,150,10) (93,33,70,10) (40,27,60,10) (24,92,80,10) (54,55,100,10) (14,62,90,10) (73,33,10,10) (79,71,110,10) (83,19,50,10) (3,72,100,10) (2,60,100,10) (49,99,140,10) (64,87,70,10) (91,98,140,10) (37,79,100,10) (67,1,30,10) 
(99,30,90,10) (13,23,120,10) (33,36,130,10) (33,6,80,10) (87,10,90,10) (16,23,140,10) (91,32,150,10) (58,67,60,10) (55,70,70,10) (7,78,110,10) (14,93,150,10) (72,84,100,10) (69,16,50,10) (66,43,150,10) (21,32,90,10) (75,82,140,10) (93,64,80,10) (95,9,20,10) (20,22,140,10) (5,88,120,10) 
(1,97,20,10) (8,58,80,10) (58,35,90,10) (15,24,130,10) (73,42,160,10) (79,61,40,10) (20,49,180,10) (15,16,180,10) (1,12,90,10) (78,57,110,10) (30,70,40,10) (82,25,120,10) (42,33,110,10) (52,84,150,10) (94,68,80,10) (70,28,30,10) (24,86,70,10) (68,91,80,10) (57,43,60,10) (66,5,70,10) 
(24,30,150,10) (87,61,100,10) (96,44,130,10) (81,65,90,10) (39,35,120,10) (6,92,110,10) (86,17,60,10) (24,28,30,10) (85,76,100,10) (52,85,60,10) (36,78,110,10) (66,81,120,10) (82,24,110,10) (84,88,50,10) (89,68,50,10) (9,78,50,10) (64,85,180,10) (95,37,40,10) (28,20,50,10) (21,63,50,10) 
(2,33,120,10) (79,45,100,10) (21,32,70,10) (42,92,40,10) (50,30,90,10) (99,20,100,10) (38,92,140,10) (16,51,70,10) (78,59,70,10) (95,21,70,10) (37,61,20,10) (25,0,190,10) (66,54,110,10) (70,97,80,10) (36,59,50,10) (48,0,120,10) (67,95,110,10) (97,41,30,10) (1,95,150,10) (39,53,110,10) 