17.0
22.0
16.0
22.0
18.0
23.0
23.0
20.0
14.0
17.0
15.0
17.0
16.0
14.0
18.0
20.0
16.0
17.0
20.0
23.0
24.0
28.0
19.0
22.0
16.0
20.0
20.0
18.0
16.0
22.0
19.0
24.0
21.0
15.0
21.0
15.0
10.0
17.0
21.0
14.0
24.0
20.0
17.0
17.0
31.0
16.0
22.0
14.0
20.0
18.0
20.0
19.0
11.0
16.0
22.0
18.0
16.0
17.0
24.0
15.0
25.0
22.0
22.0
13.0
22.0
13.0
15.0
18.0
21.0
12.0
18.0
19.0
23.0
16.0
23.0
15.0
25.0
15.0
12.0
15.0
14.0
23.0
21.0
21.0
20.0
28.0
27.0
21.0
21.0
21.0
21.0
13.0
20.0
25.0
23.0
15.0
15.0
16.0
19.0
22.0
