23.0
28.0
14.0
23.0
29.0
28.0
27.0
25.0
20.0
16.0
12.0
27.0
21.0
26.0
25.0
19.0
21.0
31.0
20.0
18.0
22.0
18.0
26.0
17.0
19.0
22.0
34.0
18.0
26.0
27.0
27.0
15.0
24.0
15.0
22.0
17.0
21.0
14.0
19.0
20.0
18.0
17.0
26.0
20.0
24.0
21.0
20.0
17.0
20.0
13.0
18.0
18.0
23.0
13.0
21.0
21.0
26.0
22.0
29.0
19.0
24.0
23.0
25.0
28.0
23.0
19.0
21.0
19.0
26.0
26.0
23.0
17.0
21.0
29.0
27.0
15.0
17.0
18.0
18.0
20.0
24.0
23.0
23.0
16.0
20.0
23.0
29.0
19.0
21.0
22.0
26.0
21.0
16.0
26.0
27.0
18.0
22.0
18.0
21.0
18.0
