17.0
19.0
21.0
17.0
25.0
12.0
19.0
19.0
19.0
19.0
19.0
24.0
16.0
19.0
23.0
20.0
20.0
18.0
15.0
21.0
19.0
23.0
32.0
25.0
25.0
22.0
23.0
16.0
23.0
30.0
21.0
27.0
16.0
22.0
26.0
21.0
17.0
27.0
22.0
16.0
19.0
19.0
23.0
18.0
14.0
15.0
19.0
27.0
15.0
26.0
23.0
26.0
23.0
23.0
16.0
19.0
13.0
19.0
28.0
20.0
18.0
21.0
25.0
18.0
20.0
20.0
22.0
14.0
27.0
18.0
21.0
19.0
17.0
26.0
31.0
23.0
19.0
14.0
25.0
19.0
22.0
15.0
17.0
18.0
18.0
16.0
27.0
22.0
19.0
24.0
22.0
22.0
18.0
15.0
22.0
18.0
14.0
15.0
25.0
26.0
