21.0
20.0
25.0
23.0
13.0
23.0
22.0
20.0
12.0
15.0
15.0
20.0
21.0
22.0
18.0
22.0
16.0
22.0
14.0
13.0
16.0
21.0
16.0
21.0
19.0
12.0
18.0
15.0
19.0
18.0
19.0
20.0
20.0
18.0
23.0
15.0
18.0
20.0
13.0
19.0
23.0
11.0
18.0
18.0
20.0
16.0
12.0
14.0
10.0
19.0
14.0
18.0
12.0
16.0
25.0
20.0
17.0
24.0
19.0
20.0
15.0
15.0
21.0
13.0
21.0
13.0
16.0
16.0
15.0
23.0
10.0
17.0
18.0
20.0
11.0
16.0
21.0
27.0
22.0
20.0
20.0
12.0
28.0
18.0
20.0
23.0
17.0
15.0
24.0
19.0
10.0
20.0
14.0
17.0
20.0
28.0
20.0
20.0
16.0
22.0
