7.5
13.0
14.25
15.666667
9.6666667
18.666667
15.0
20.0
13.0
15.0
14.666667
14.666667
19.5
14.333333
14.0
10.0
17.5
13.5
7.0
12.0
15.0
8.6666667
11.0
13.333333
16.0
16.0
16.0
9.3333333
15.0
17.0
18.0
14.0
17.0
14.0
15.666667
15.5
13.333333
15.5
14.0
11.0
18.5
18.75
12.5
13.5
14.0
8.0
10.666667
12.0
12.333333
9.5
11.0
14.5
16.0
13.0
21.0
15.0
17.5
11.0
15.5
11.0
14.0
16.0
13.0
14.0
16.0
15.666667
14.75
12.0
14.666667
12.5
11.333333
10.5
9.25
19.9375
16.0
13.333333
17.0
12.333333
14.5
12.5
17.0
15.333333
15.0
15.333333
12.0
15.666667
9.5
13.0
12.5
16.333333
14.0
13.0
16.5
17.333333
12.0
10.0
9.3333333
9.6666667
18.5
21.0
