16.0
16.5
13.0
11.5
9.3333333
11.75
14.0
15.0
17.0
12.75
11.75
15.0
17.25
15.0
11.5
14.0
15.0
16.0
12.5
10.0
12.0
16.0
10.666667
14.5
12.0
10.5
13.0
14.0
14.333333
11.0
14.0
12.0
9.0
15.0
10.666667
17.5
16.0
15.666667
10.0
13.0
14.0
16.0
9.0
19.333333
16.333333
12.666667
13.0
10.0
14.5
16.666667
20.333333
13.666667
19.0
15.0
18.5
9.0
17.0
16.0
13.0
13.0
13.0
15.0
13.25
15.0
15.0
9.0
13.5
15.333333
12.5
10.5
14.5
11.333333
12.0
11.333333
12.0
13.333333
11.5
14.0
16.0
14.0
15.666667
13.0
13.333333
13.5
7.5
12.5
10.5
17.0
13.5
18.0
11.0
11.0
18.0
16.0
14.666667
12.666667
17.0
10.5
14.0
13.0
