18.5
15.0
17.5
16.5
13.6
16.5
15.75
19.0
15.5
16.5
12.666667
13.333333
18.5
18.0
11.333333
13.5
12.333333
14.0
20.5
17.0
12.0
21.5
10.666667
11.0
17.5
16.333333
12.0
17.0
12.0
7.5
19.0
16.666667
17.5
11.666667
15.333333
13.333333
17.333333
14.0
18.0
17.333333
13.5
12.333333
14.666667
17.0
11.0
16.0
12.0
16.0
14.0
13.0
16.5
12.0
10.333333
15.5
12.333333
13.666667
11.333333
17.5
12.333333
14.5
22.0
12.0
18.666667
9.5
19.0
15.75
16.0
15.5
17.0
13.0
17.0
13.666667
11.333333
16.5
12.25
8.5
16.75
18.5
19.5
16.666667
13.0
20.0
14.5
15.0
14.333333
14.0
18.333333
10.5
11.5
15.5
17.5
13.0
15.0
20.0
14.0
18.0
16.5
12.5
15.5
17.0
