14.0
14.0
10.5
13.5
17.0
18.0
16.0
16.25
14.4
14.0
14.5
15.666667
14.25
12.333333
14.0
16.0
20.0
12.0
13.0
20.0
15.5
12.5
13.666667
14.5
14.333333
13.5
18.0
11.5
12.0
20.25
13.5
15.5
15.0
14.5
17.333333
18.0
16.5
13.0
13.333333
12.5
18.5
19.5
21.906667
16.666667
17.5
22.0
11.0
17.5
12.333333
15.666667
12.0
17.333333
20.0
10.5
15.5
14.5
16.666667
15.333333
12.5
12.75
17.25
16.5
14.0
12.666667
15.0
13.666667
17.333333
15.0
15.0
10.0
14.5
20.0
13.0
12.5
18.666667
13.666667
11.5
16.0
15.0
15.0
11.0
13.5
16.0
16.0
14.75
13.666667
23.666667
14.0
16.0
16.0
14.5
13.0
16.0
13.5
16.0
17.0
11.0
18.0
15.0
14.333333
