10.0
14.0
15.333333
15.333333
13.666667
14.0
12.833333
16.0
14.0
14.0
12.333333
11.666667
13.333333
16.666667
15.0
15.333333
11.75
15.0
14.0
12.0
15.5
14.5
16.333333
14.5
14.0
12.0
16.5
12.333333
14.0
15.0
17.333333
8.5
14.333333
16.5
19.0
14.0
16.0
14.5
14.0
16.0
17.0
15.0
14.0
11.666667
14.0
14.666667
18.666667
11.333333
14.5
13.666667
10.25
13.0
17.333333
12.0
10.0
15.333333
15.0
14.0
14.333333
12.5
13.333333
14.0
13.0
17.0
11.666667
11.0
9.0
12.0
12.5
14.5
17.5
14.25
12.666667
10.0
11.0
14.0
19.0
13.5
18.0
10.0
14.0
13.666667
15.0
15.5
9.25
13.0
15.333333
17.0
16.333333
15.0
13.0
7.3333333
10.0
14.666667
18.5
8.5
15.0
16.0
16.0
17.0
