16.0
11.333333
14.333333
14.0
11.0
12.0
14.0
15.25
17.0
13.333333
13.75
12.0
11.0
20.666667
15.0
11.333333
15.0
18.0
12.5
10.0
15.0
16.5
14.0
14.0
14.0
16.333333
11.0
18.333333
12.666667
11.0
12.0
12.75
12.0
15.0
15.5
18.0
12.5
15.0
20.5
12.5
13.0
16.666667
11.333333
14.0
15.666667
12.333333
20.0
15.5
8.3333333
15.0
12.0
11.666667
15.0
15.0
14.5
18.4
13.25
16.0
11.0
10.5
17.0
15.0
19.0
13.0
15.0
15.0
17.0
12.333333
9.0
15.5
11.0
12.2
14.0
14.5
10.333333
12.5
13.0
16.0
21.0
18.0
16.333333
14.0
13.0
13.0
15.0
12.0
19.75
13.5
13.666667
15.333333
14.0
13.5
17.333333
12.5
10.5
16.666667
16.0
18.0
12.0
12.0
